[1, 1, 1935, 19250.958354604485]
[2, 1, 1970, 18977.779083949412]
[3, 1, 1965, 19018.803126413484]
[4, 1, 2265, 16694.639787294233]
[5, 1, 1955, 19095.41976843791]
[6, 1, 1992, 18803.730101020752]
[7, 1, 1974, 18944.666596283652]
[8, 1, 2011, 18658.34067257742]
[9, 1, 1941, 19202.65739525883]
[10, 1, 1959, 19063.415334416444]
[11, 1, 2014, 18633.351721318046]
[12, 1, 1979, 18904.52616220085]
[13, 1, 1956, 19084.060678999467]
[14, 1, 1933, 19266.115180450244]
[15, 1, 1810, 20212.954135160468]
[16, 1, 1983, 18879.49509919328]
[17, 1, 2009, 18677.555876844835]
[18, 1, 1976, 18930.39739483265]
[19, 1, 1943, 19187.03852574381]
[20, 1, 1966, 19007.618694571058]
[21, 1, 2049, 18367.539772474604]
[22, 1, 1984, 18868.972436224638]
[23, 1, 1953, 19107.047347710868]
[24, 1, 2047, 18385.245834743353]
[25, 1, 2001, 18739.934585736864]
[26, 1, 1870, 19751.655620844358]
[27, 1, 1985, 18858.398337530183]
[28, 1, 1914, 19409.292065386093]
[29, 1, 1977, 18926.09678625874]
[30, 1, 1988, 18840.172710363888]
[31, 1, 1992, 18803.730101020752]
[32, 1, 1933, 19261.553697181116]
[33, 1, 1989, 18831.40469338824]
[34, 1, 1901, 19514.007168508542]
[35, 1, 1944, 19176.09770151486]
[36, 1, 1931, 19279.276116556073]
[37, 1, 1974, 18949.698204162003]
[38, 1, 1906, 19476.1088224572]
[39, 1, 1900, 19516.22319543636]
[40, 1, 1954, 19098.62583508087]
[41, 1, 1897, 19539.77072589811]
[42, 1, 1917, 19385.38906698905]
[43, 1, 2159, 17514.671118666254]
[44, 1, 1830, 20059.717027422746]
[45, 1, 1786, 20400.4757610764]
[46, 1, 1890, 19595.475286311368]
[47, 1, 1945, 19173.146641874773]
[48, 1, 2199, 17207.15393627932]
[49, 1, 1968, 18993.527203791964]
[50, 1, 1839, 19995.461497131637]
