0.0006243807636382714
0.0006243807636382714
0.0006243807636382714
0.0006243807636382714
0.0006243807636382714
0.0006243807636382714
0.0006243807636382714
0.0006243807636382714
0.0006243807636382714
0.0006243807636382714
0.0005222749961348287
0.0005222606380366967
0.0005222462749842527
0.0005222319069740698
0.0005222175340027275
0.0005222031560667932
0.0005221887731628388
0.000522174385287432
0.0005221599924371299
0.0005221455946084953
0.0005221311917980815
0.0005221167840024428
0.0005221023712181186
0.0005212296645918914
0.0005212152449180543
0.0005203244607686499
0.0005203100343298114
0.0005202956028893783
0.000520281166443873
0.0005202667249898289
0.0005202522785237665
0.0005202378270421994
0.0005145383386666386
0.0004930909132274011
0.0004930765895668229
0.0004930622609756864
0.0004921896354757144
0.000492175303237629
0.0004921644745514972
0.0004921501336460887
0.0004921357877982422
0.0004921214370045428
0.0004912307185141937
0.0004912186530020515
0.0004912042946465533
0.0004911899313365728
0.000491175563068696
0.0004911611898395039
0.0004893367132577554
0.0004893223439948098
0.0004893079697698581
0.0004892935905794691
0.0004864073282794429
0.00048639296251089915
0.0004759174319771748
0.0004759031564822405
0.0004750305809405476
0.0004750163050472201
0.00047412565820541594
0.0004732161680309143
0.0004732018974840973
0.0004731876220432515
0.0004722584505687698
0.0004713087235833021
0.00047129445534263396
0.0004703232229624115
0.00046932947837905744
0.00046375684847963026
0.0004637426601612559
0.0004637284670051035
0.00046371426900788156
0.00046370006616628355
0.0004636858584770032
0.00046367164593673083
0.0004636574285421519
0.0004636432062899476
0.00046362897917679986
0.0004636147471993881
0.00046360051035437957
0.00046272797025784636
0.00046271373629976493
0.00046269949747273755
0.0004626852537734328
0.00046267100519851
0.00046178038230926456
0.00046176613716529096
0.0004617518871447187
0.0004608424144128639
0.0004608281684089853
0.00045989902269299277
0.0004589493250166423
0.00045893509384526993
0.0004541125064708573
0.000454098348613579
0.0004532258843204835
0.000452335359902768
0.0004523212200190688
0.0004523070753306037
0.00045139770449413233
0.00045046866898014286
0.00044951908507774655
0.0004463958723853546
0.00044464714289723907
0.000444633128668555
0.00044280898273700917
0.00044279500156880716
0.00044278101570314175
0.00043989509895698496
0.00043988117510328326
0.00043986724659055514
0.0004398533134156831
0.0004398393755755545
0.00043982543306703376
0.00043981148588700047
0.00043893922591662157
0.0004380489121841549
0.0004371397682848375
0.0004362109666122795
0.00043418346457335574
0.0004341696429759669
0.0004341558167877586
0.00043414198600568815
0.0004341281506267055
0.0004341143106477411
0.0004341004660657463
0.0004323519224826228
0.0004323404751446339
0.0004323266699616018
0.00043141762821051987
0.0004291308500419516
0.0004291171327940586
0.0004291034110244419
0.00042908968473011225
0.0004290759539080867
0.0004290622185553839
0.0004290484786690046
0.00042903473424595414
0.0004290209852832428
0.00042900723177787025
0.00042899347372683176
0.0004289797111271201
0.0004289659439757275
0.0004280938574978106
0.0004272037237502833
0.000427190002245821
0.0004263940036347995
0.0004262673375861638
0.00042625710169490253
0.0004253319498162773
0.00042531827265805005
0.00042446631742657507
0.0004244526632009809
0.0004228306303707804
0.0004217943598934346
0.00042086935080276963
0.0004204332039617162
0.00042041968361809627
0.00042040615888168576
0.00042039262974963087
0.0004203790962190764
0.0004203655582871549
0.0004203520159510016
0.0004194801477643753
0.0004176949959470176
0.0004166894722009007
0.00041667606815363296
0.000416662659788842
0.00041664924710375245
0.0004166358300955823
0.0004166224087615392
0.0004166089830988356
0.000416595553104675
0.0004165821187762661
0.000416568680110808
0.00041655523710549543
0.0004165417897575391
0.00041442731406249566
0.00041371904582634234
0.00041316858028586536
0.00041229694368502204
0.00041141462807483636
0.0004105380769929925
0.00041003709327715193
0.0004100239267166971
0.0004100107559904129
0.0004099975810956749
0.00040998440202983153
0.0004099712187902432
0.00040995803137427246
0.0004099448397792676
0.0004099316440025815
0.0004099184440415581
0.0004099052398935507
0.00040989203155589583
0.0004098788190259306
0.0004098656023010017
0.0004098523813784395
0.00040983915625557386
0.00040737653484918093
0.0004070042926585708
0.00040692846675431546
0.00040691538279234376
0.00040690229471667506
0.0004068892025247254
0.0004068761062138986
0.0004068630057816078
0.00040684990122525575
0.0004068367925422491
0.00040682367972998145
0.0004061376524388799
0.0004055431884472235
0.00040409566675184247
0.00040408269496701606
0.00040406971913875
0.0004040567392645371
0.0004040437553418409
0.00040403076736814433
0.0004040177753409168
0.0004040047792576212
0.00040399177911573176
0.0004039787749127153
0.000403965766646025
0.0004030944156533108
0.0004030814521720954
0.00040306710121209226
0.00040217633384163605
0.0004021634126028048
0.0004013615554362582
0.0004013486769216558
0.00040133579442158424
0.0004013229079335784
0.0004013100174551646
0.0004012971229838725
0.00040128422451722747
0.00040127132205275336
0.00040125841558797363
0.0004012455051204001
0.0004012325906475559
0.00040121967216695233
0.0004004651764879916
0.0004003348468860421
0.00040032572130413777
0.00039943642909477493
0.00039942604969216155
0.0003987685813649622
0.00039875579643343644
0.0003987430075741752
0.0003987302147847679
0.00039871741806280116
0.00039870461740584606
0.0003986918128114967
0.00039867900427731633
0.00039789448143883783
0.00039779508351849263
0.00039639052900435675
0.0003963778652289077
0.0003963651975998424
0.0003963525261148165
0.0003963398507714744
0.00039632717156747765
0.00039631448850046554
0.0003963018015680819
0.0003962891107679802
0.000396276416097789
0.00039626371755515684
0.0003962510151377164
0.0003962383088431021
0.00039622559866894644
0.0003962128846128793
0.0003962001666725361
0.000396187444845535
0.0003961747191295002
0.0003961619895220554
0.00039614925602081776
0.0003961365186234039
0.0003954650852036684
0.0003952538694481992
0.00039480527976374887
0.00039435210597764083
0.0003939389880350966
0.0003939263892122158
0.000393913786575168
0.0003939011801216489
0.00039388856984934713
0.00039387595575593703
0.00039386333783911426
0.00039385071609655283
0.0003938380905259356
0.0003938254611249403
0.000393755050468332
0.00039294149546721923
0.0003929365327078851
0.00039292395773560604
0.00039273461138483317
0.00039255086170162013
0.0003923607420893196
0.0003916977300568695
0.00039168764492816967
0.00039168293634541117
0.0003916704316612766
0.00039165792321978806
0.0003916454110186859
0.0003916328950557149
0.00039162037532860264
0.0003916078518350951
0.00039159532457291825
0.00039158279353980393
0.0003915702587334825
0.00039155772015168764
0.0003915451777921293
0.0003915326316525449
0.00039152008173065205
0.0003915075280241649
0.00039150279902330705
0.0003914902401031275
0.00039087869100112724
0.0003906104545443243
0.0003898809418703874
0.00038971675407806287
0.00038970432563526967
0.0003896918934808178
0.000389477668699632
0.0003894652465061077
0.0003894528206046649
0.00038944039099309083
0.0003894279576691616
0.0003894155206306636
0.0003894030798753725
0.00038939849550189494
0.0003893860496568706
0.00038937360008979794
0.0003893611467984397
0.0003893486897805714
0.00038933622903396074
0.00038900958188099613
0.00038862108465280697
0.00038861234538224433
0.0003880961083265396
0.0003880837378501448
0.0003876662142140299
0.000387593575048938
0.00038750814912309544
0.00038739373519500945
0.0003873814075275959
0.00038737696867354387
0.00038736463603931633
0.000387352299750457
0.00038734785779144314
0.00038733551652881906
0.00038732317160646305
0.00038731872653812675
0.0003873142809951116
0.00038663530330666003
0.0003866237096841365
0.0003866121128319201
0.0003864080740312391
0.0003857342413228259
0.0003857215524810888
0.00038551364567349837
0.0003854466746054138
0.00038543445998563875
0.00038542224178087875
0.0003854100199890218
0.0003853977946079668
0.0003853855656356049
0.000385373333069822
0.0003853610969085049
0.00038449842840471447
0.00038441935259400336
0.00038398548521936235
0.0003839733692697315
0.0003839612497928212
0.0003836015818632618
0.0003835894900784124
0.00038357739478034195
0.0003835732517470487
0.0003835611517293878
0.00038354904819371764
0.00038353694113799585
0.00038352483056017125
0.00038351271645819585
0.0003834346246221757
0.00038336081375795194
0.00038289427270312603
0.00038288127967018676
0.00038284448342841375
0.0003819874000880188
0.0003819217030837016
0.00038179385680382744
0.00038178188044180023
0.0003817778875553891
0.00038176590659766017
0.0003817539221908423
0.00038174193433294945
0.0003817299430219883
0.00038156160860877713
0.00038130945667721805
0.00038110514585391723
0.0003808370193830859
0.00038082510080615097
0.00038080253860823
0.00038079061433486156
0.00038077868664497603
0.000380765099520706
0.0003800404180457315
0.0003800285562033504
0.00038001669098014
0.00038001284659101045
0.0003800009768888119
0.000379859470024496
0.0003798476107986617
0.00037972135486338414
0.00037918053267092203
0.0003791706962286857
0.0003790839500030889
0.00037907608662970195
0.00037890345637837773
0.00037889167616812156
0.000378762252625386
0.0003783800576955411
0.00037836832174656496
0.00037835658248817406
0.0003783448399184992
0.0003783330940356648
0.0003783213448378144
0.0003783095923230634
0.00037830589799027427
0.00037830220332961146
0.00037829850834102016
0.00037828674937666156
0.00037828305301609806
0.0003782793563273004
0.000378275659310215
0.00037827196196478697
0.0003780474144168985
0.00037792366316227114
0.00037779180699633764
0.00037755490639618564
0.00037737105916798913
0.0003773672805983378
0.00037736350168569827
0.00037735972243000017
0.0003773505428089153
0.00037708358812890203
0.0003767328787422138
0.00037672934251278416
0.00037672580598295194
0.0003767141838404811
0.00037671064602261094
0.00037646853828253104
0.0003764190169827674
0.0003764151510012995
0.0003764087069009128
0.0003764022618028666
0.0003763309541333308
0.00037623696167936164
0.0003762291441138892
0.00037613542066002796
0.00037605722158154365
0.00037604563950409
0.00037592200812599954
0.0003759104332342692
0.00037572270320216695
0.0003757151116026526
0.0003757114878511676
0.000375495351832573
0.000375215116562204
0.00037512463061828763
0.00037512124681911833
0.00037511786274488774
0.0003751144783955468
0.0003751110937710556
0.0003751077088713641
0.00037468647107938134
0.0003746337992326728
0.00037462066165094496
0.00037457188630762975
0.00037456232041737037
0.0003745527523285536
0.0003741795941019428
0.00037392070296926214
0.0003739023454200646
0.00037378205060943854
0.0003736301300101694
0.00037361875789073594
0.00037360738266397004
0.0003735960043281662
0.0003735846228816224
0.0003735813947408819
0.00037357816634980037
0.0003735749377083474
0.0003735269687195988
0.00037343475724897415
0.0003731803107681646
0.0003731767651761051
0.0003729749924113995
0.000372965570610952
0.0003729561466776871
0.0003728460416269053
0.00037283894261406315
0.00037268205081442146
0.0003726282538967146
0.00037262495073558575
0.0003723539242525496
0.00037234390806192223
0.00037225885601829573
0.00037218899093922214
0.00037217582692158094
0.0003721702877114451
0.0003721450688057837
0.00037209688443492616
0.00037208562500028213
0.0003720743625196024
0.0003720712904051366
0.0003720682180639477
0.0003720651454960018
0.00037206207270127007
0.0003720589996797201
0.00037205592643130996
0.00037205285295601625
0.00037204625375523585
0.0003720320785618402
0.00037171924202591565
0.0003717100051619719
0.00037158281704115074
0.0003715037792348355
0.0003714908582573801
0.000371477933268397
0.00037146500426539394
0.0003713072672597648
0.00037129796432313727
0.00037128674331038446
0.000371050563469141
0.00037104741486485
0.0003706135643922872
0.0003706024215637601
0.0003705995067934862
0.0003705965918191193
0.0003705854444462369
0.0003705551125838618
0.0003705420460565061
0.00037053857314269775
0.00037053509993914297
0.0003705316264458052
0.00037041466100513155
0.00037029247960334736
0.0003700734393484393
0.00037007021596613377
0.0003700669923342338
0.0003700585141847651
0.0003700370698241111
0.0003698350218031781
0.00036978674122230265
0.00036977565800273826
0.00036976264748483814
0.0003697534827077972
0.0003696924145339592
0.00036956981568700274
0.0003695563597567512
0.0003694673471987667
0.0003694257696316163
0.00036935426147484494
0.00036913691715372075
0.00036913415913199374
0.0003691314009275369
0.000369128642540335
0.00036912588397035204
0.0003691231252175693
0.00036911208837779233
0.0003691010486112699
0.00036909828821219114
0.0003690955276300672
0.00036909276686487863
0.0003690900059165994
0.00036908724478520435
0.00036908448347067066
0.0003690817219729682
0.00036907896029207823
0.00036907619842797606
0.00036900402200938865
0.000368914901169642
0.00036881811381680405
0.0003686170749705746
0.0003685409888448583
0.0003685379261067118
0.00036853222040538234
0.00036851414121199795
0.0003681942416654619
0.00036814056556630075
0.00036797938389790386
0.0003677703148195976
0.0003677585540828316
0.0003677476484571898
0.0003677450514585689
0.0003677424542979386
0.0003677398569752727
0.00036773725949055
0.00036773466184376056
0.0003677237499567765
0.0003677211514668756
0.0003677185528147748
0.00036771595400045785
0.0003677133550239009
0.00036759281966294345
0.0003675613141781303
0.0003675083401406396
0.00036749550297269357
0.000367119617849536
0.00036706343102027063
0.0003669633636473559
0.00036678397990033603
0.0003667772464370325
0.000366770511884482
0.0003667678532085758
0.0003667651943628728
0.00036676253534734433
0.00036675987616197715
0.0003665199990239194
0.00036643356423071737
0.0003664311321301869
0.0003664286998875589
0.0003664262675028281
0.0003664238349759698
0.0003662291079453581
0.000366159151590393
0.00036614646678663064
0.00036609203194472946
0.0003656218587872498
0.00036549894616222
0.00036549645884270004
0.00036549397137456503
0.00036549148375779886
0.00036548899599238153
0.00036548027991460474
0.00036547156201163886
0.00036522398682222747
0.0003651743428587295
0.0003651720780438688
0.0003651698131057979
0.00036516754804449554
0.0003651652828599511
0.0003651630175521539
0.0003651607521210851
0.00036515848656673523
0.0003648394419768276
0.00036482495842799303
0.00036453300682832073
0.0003645304611217048
0.00036442212200946486
0.0003642042393611586
0.0003641956892208818
0.0003640607055813603
0.00036402695337424163
0.0003639652200911422
0.0003639631245261801
0.0003639610288557346
0.00036395054892065837
0.0003639400663468265
0.00036393796951532956
0.00036393587257821267
0.00036393377553547415
0.0003639316783871007
0.0003639295811330809
0.0003639274837734073
0.00036391699538963746
0.0003639065043628537
0.00036390440584025617
0.0003639023072118694
0.0003639002084776875
0.00036377655614547126
0.0003637676037933885
0.0003633885841116551
0.0003628886211159762
0.00036288340672351017
0.0003628772475514838
0.0003628683893503748
0.00036285952926408275
0.00036275219116997746
0.0003627502641569498
0.00036274833705471907
0.0003627464098632794
0.0003627360715862696
0.00036272573074137984
0.00036271538732733497
0.00036271345860998714
0.000362711529803284
0.00036270960090721576
0.0003626992534844811
0.0003626973240195313
0.00036269539446515245
0.00036269346482134296
0.00036261712535705994
0.0003626108990115369
0.0003624661283355285
0.0003623881735170649
0.0003623751804171729
0.00036236218326097744
0.0003622401740176027
0.0003622316171451028
0.0003622230585135077
0.00036219211675918116
0.00036216311937277076
0.00036201486433371486
0.0003620050745953312
0.0003618263883800752
0.00036181538284094246
0.00036169214435887413
0.00036167776614419374
0.00036166338296212216
0.00036164899480922827
0.0003616346016820669
0.00036143287230150676
0.00036142264571815415
0.0003614208822602381
0.0003614191187276174
0.00036141735512029466
0.00036140712472412524
0.0003614053606086361
0.000361395127264253
0.00036139336264030716
0.000361391597941558
0.0003613898331680102
0.000361379596005767
0.000361377830723377
0.0003613760653661311
0.00036137429993402794
0.00036137253442705854
0.00036137076884521267
0.00036136900318848913
0.0003613672374568826
0.0003613654716503816
0.00036136370576897887
0.0003613534621793647
0.0003613516957884864
0.0003613499293226621
0.00036129978107293277
0.000361290577415317
0.0003610103642072888
0.0003609355088202115
0.0003608190903069114
0.0003607911066530961
0.0003606156104141039
0.0003604360439435513
0.000360425930744984
0.00036041581508917345
0.00036040569697491827
0.000360395576401029
0.00036021171171871666
0.0003602101176213225
0.0003602085234628842
0.00036020692924340354
0.0003602053349628744
0.0003602037406212919
0.00036020214621865346
0.00036020055175494693
0.0003601989572301779
0.0003601973626443306
0.0003601957679974091
0.00036019417328940587
0.0003601840720531181
0.000360182476897037
0.0003601808816798394
0.0003601792864015137
0.0003601776910620552
0.00036017609566146717
0.0003601745001997346
0.00036017290467686263
0.0003601713090928388
0.00036016971344766084
0.00036016811774132614
0.00036016652197382753
0.0003601564140255182
0.0003601463036225177
0.0003601447070186527
0.0003601431103535614
0.0003601415136272304
0.0003601399168396609
0.00036007067957612274
0.0003599226879655248
0.0003597600070186809
0.0003597239181561495
0.00035967629958168847
0.0003593829251839062
0.0003592268464907598
0.0003592252142330315
0.00035922358191130315
0.000359221949525572
0.00035922031707583406
0.0003592186845620859
0.00035907224197407705
0.0003590708203576225
0.0003590693986926208
0.0003590679769790732
0.0003590665552169694
0.0003590651334063144
0.00035906371154710044
0.00035906228963932646
0.0003590608676829845
0.00035905944567807876
0.0003590580236246001
0.00035905660152254435
0.000359055179371912
0.0003590537571726974
0.0003589769813128825
0.0003587321571523303
0.0003587149761015331
0.00035870611565809733
0.00035869829605349944
0.00035862012416072004
0.00035843053548932256
0.0003583962627417156
0.00035825573236304806
0.0003582458923628826
0.00035811748437668603
0.00035810831957757935
0.00035799516852780917
0.0003579718597922409
0.0003579706122677869
0.00035796080898879104
0.00035795956113315294
0.0003579583132401137
0.00035795706530966626
0.0003579558173418137
0.0003579545693365514
0.00035795332129387496
0.0003579520732137874
0.00035795082509628047
0.00035794957694135985
0.0003579483287490165
0.0003579470805192467
0.00035794583225205734
0.0003579445839474379
0.00035794333560538696
0.00035794208722590535
0.000357940838808993
0.0003579395903546387
0.00035793834186285186
0.0003577760367684836
0.00035739197699305274
0.00035738381692327877
0.0003573044882751207
0.00035714663937718165
0.00035713969065483
0.0003571300101441085
0.00035712032738196274
0.0003571133742662968
0.0003571118841618695
0.0003570781701540359
0.0003570006210819616
0.00035698675474067913
0.0003568867969436394
0.0003568857243482368
0.000356876069745703
0.0003568749968738942
0.00035687392397443826
0.0003568728510473329
0.0003568717780925763
0.00035687070511016477
0.0003568696321001008
0.00035686855906238204
0.0003568674859970055
0.0003568664129039714
0.00035686533978327925
0.00035686426663492614
0.00035685460705456735
0.0003568535336295247
0.00035685246017680406
0.00035685138669640557
0.00035685031318832827
0.000356849239652572
0.00035684816608912997
0.0003568470924980072
0.0003568460188791972
0.00035684494523269907
0.0003568438715585159
0.0003568427978566399
0.00035684172412707655
0.0003567782735057905
0.00035673541745720623
0.0003566220856644533
0.0003564992847785187
0.0003563571463749053
0.00035634217736597287
0.00035627613744792044
0.00035627414194565343
0.0003562721463477358
0.00035621486064065904
0.0003560852103819396
0.0003559953952326775
0.000355994087054957
0.0003559927788361253
0.0003559108637162296
0.00035590976568062314
0.0003559086676160536
0.00035583039907214015
0.0003558295026477855
0.0003558286062041314
0.00035582770974117693
0.00035582681325891405
0.00035582591675735275
0.0003558250202364817
0.0003558241236963079
0.00035582322713682466
0.0003558223305580356
0.00035582143395994066
0.0003558205373425316
0.00035581964070581816
0.0003558187440497879
0.00035581784737445064
0.0003558169506797994
0.000355816053965835
0.0003558151572325561
0.0003558142604799641
0.00035581336370805246
0.0003558124669168271
0.0003558115701062853
0.0003558106732764242
0.000355809776427243
0.00035580887955874197
0.00035580798267092107
0.0003558070857637782
0.0003554243305243019
0.00035542175776947274
0.0003553379501921551
0.00035532891329282626
0.00035530390299244027
0.00035529173916296004
0.0003551651976843343
0.0003550881573751461
0.00035507950364795104
0.00035507167952153674
0.00035506698433984414
0.00035506072327379554
0.00035505446126603697
0.0003549218442918389
0.0003549207198593597
0.00035486049866848674
0.0003548595811155376
0.00035484599896664775
0.00035483241238540406
0.0003547748882831922
0.0003547741687218878
0.0003547734491481436
0.0003547727295619668
0.00035477200996334655
0.0003547712903522936
0.0003547705707287995
0.00035476985109286893
0.00035476913144449836
0.00035476841178368965
0.0003547676921104397
0.0003547669724247491
0.00035476625272661704
0.00035476553301604487
0.00035476481329303045
0.00035476409355757356
0.00035476337380967556
0.0003546872989686662
0.0003546833100711806
0.0003546775359899454
0.00035467354615692
0.0003545540315142492
0.0003545447075689078
0.00035442546094917944
0.0003542056078555736
0.0003540455323555675
0.0003539692189441173
0.0003539631363191032
0.00035395548272191803
0.00035386550671150525
0.00035385905336407183
0.0003538581134727565
0.00035385717356022295
0.0003538562336264663
0.00035385529367149433
0.0003538158216705549
0.0003538150853410463
0.0003537774231799195
0.00035377688218526867
0.0003537763411835917
0.00035377580017488145
0.000353775259159142
0.000353774718136372
0.0003537741771065724
0.00035377363606974173
0.000353773095025881
0.0003537725539749872
0.0003537720129170633
0.0003537714718521095
0.0003537709307801227
0.0003537703897011035
0.0003537698486150524
0.00035376930752196675
0.00035376876642185184
0.000353761024092841
0.0003536309496735304
0.0003535640900150478
0.00035344319520327276
0.0003533756706326175
0.00035318708377908754
0.00035316963403830896
0.0003531605306790319
0.000353151425328852
0.00035313955398556503
0.0003529327732382794
0.0003528784659501672
0.0003528555453274937
0.00035283690785093037
0.00035281101888333784
0.00035280272796374136
0.00035279443539277806
0.00035277204539937074
0.0003527712903763407
0.0003527516835978331
0.00035274503617818486
0.00035272063089420244
0.00035272026866699875
0.0003527199064366428
0.0003527195442031326
0.0003527191819664727
0.000352718819726661
0.0003527184574836986
0.00035271809523758346
0.00035271773298831436
0.0003527173707358977
0.0003527170084803266
0.0003527166462216034
0.0003527162839597262
0.0003527072263880829
0.00035270686404423454
0.00035270650169723215
0.00035270613934708015
0.00035270577699377204
0.00035270541463730884
0.0003527050522776925
0.0003527046899149252
0.0003527043275490016
0.000352703965179924
0.0003527036028076917
0.00035262967415031503
0.00035233489044173396
0.0003523259037080355
0.00035227331904185945
0.00035223243948292316
0.00035203269827933833
0.0003519614914291227
0.000351787410633352
0.00035178571717486276
0.0003517815679104028
0.00035178138644625294
0.0003517724937337127
0.0003517723122300067
0.0003517721307255108
0.000351771949220224
0.00035177176771414775
0.0003517715862072795
0.0003517714046996192
0.00035177122319116674
0.00035177104168192404
0.00035177086017189015
0.0003517706786610643
0.00035177049714944493
0.00035177031563703653
0.00035177013412383937
0.00035176995260984803
0.0003517697710950657
0.0003517695895794917
0.0003517694080631251
0.00035176922654596974
0.0003517690450280222
0.000351768863509281
0.00035176868198975153
0.00035176850046943025
0.00035176831894831527
0.00035176813742641207
0.00035176795590371546
0.0003517677743802272
0.00035176759285594897
0.0003517674113308758
0.00035147709405242475
0.0003513449098207297
0.00035125735105937276
0.000351018984505568
0.0003508197632165382
0.0003507480415463586
0.0003506057415714045
0.00035057039495892307
0.00035047909116318903
0.0003504513037670682
0.0003503248497619471
0.00035022933021878073
0.0003502262957562392
0.00035001512212756914
0.0003499705691530022
0.00034995775108179346
0.00034994492906306523
0.00034993210309438764
0.0003495941079025817
0.0003495909642191838
0.00034946018021665004
0.00034939580864863743
0.00034928902248175856
0.00034928059504864007
0.0003490429580072323
0.00034893513957143664
0.00034893143280212305
0.0003488642094184836
0.0003486110308580642
0.0003485953725850495
0.0003484901174256016
0.0003484844244409936
0.00034845598760456764
0.00034844986368421044
0.000348381811779634
0.0003481742147514021
0.0003481702986770894
0.0003479534144571439
0.0003479436652665022
0.0003478567401870756
0.0003475867287236048
0.0003475190441039521
0.0003475165655724762
0.00034732982271878905
0.00034732179380445456
0.0003470570215813022
0.00034673983605043243
0.000346690596621067
0.00034668550859294316
0.0003466832187774339
0.00034651655650595357
0.0003465044089637251
0.000346492257876297
0.000346172828612702
0.00034617143216080485
0.0003461652473106947
0.0003461520206386941
0.00034597707575843487
0.0003459708934683923
0.00034585172341854565
0.00034578329802988273
0.0003456691286913766
0.00034553778697293233
0.00034511327648497806
0.0003448918480454652
0.00034488617348933046
0.00034487608780669224
0.0003446517872363353
0.00034456695622492924
0.0003445602062838918
0.00034441481209643526
0.00034438756322649727
0.00034420204894066597
0.0003441958724152981
0.00034418943852305864
0.000344173907828633
0.00034406911926955795
0.00034378126042497687
0.00034367006806699575
0.00034361078525066776
0.00034340717380189936
0.00034337636527526907
0.00034337538501314906
0.000343374404727953
0.00034317240169334253
0.000342684797591307
0.0003426501948108921
0.00034264885076307645
0.0003426418738176373
0.00034263771269734967
0.0003425584086144347
0.00034255577542766547
0.0003425531420743561
0.00034255050855448634
0.00034190718496057346
0.0003418469311420827
0.00034184448535920725
0.00034119101432046253
0.0003407274161864426
0.0003391382048926884
0.0003391370002100859
0.0003391357954926291
0.0003389491228954968
0.0003378473614844541
0.0003378417129332496
0.00033721424904378333
0.0003372131192058362
0.0003359872483195443
0.0003345239539258357
0.00032223356519619877
0.00032223356519619936
0.00032223356519619985
0.00032223356519619904
0.0003222335651961996
0.0003222335651961988
0.0003222335651961995
0.00032223356519619985
0.0003222335651961991
0.00032223356519619963
0.0003222335651961988
0.0003222335651961995
0.00032223356519619985
0.0003222335651961991
0.00032223356519619963
0.0003222335651961988
0.0003222335651961995
0.00032223356519619985
0.0003222335651961991
0.00032223356519619963
0.0003222335651961988
0.0003222335651961996
0.00032223356519619985
0.0003222335651961991
0.00032223356519619963
0.0003222335651961988
0.0003222335651961995
0.0003222335651961999
0.0003222335651961991
0.00032223356519619963
0.0003222335651961988
0.0003222335651961995
0.0003222335651961999
0.0003222335651961991
0.00032223356519619963
0.0003222335651961988
0.0003222335651961995
0.0003222335651961999
0.0003222335651961991
0.00032223356519619963
0.0003222335651961988
0.0003222335651961995
0.0003222335651961999
0.0003222335651961991
0.00032223356519619963
0.0003222335651961988
0.0003222335651961995
0.0003222335651961999
0.0003222335651961991
0.00032223356519619963
0.0003222335651961988
0.0003222335651961996
0.00032223356519619985
0.0003222335651961991
0.00032223356519619963
0.0003222335651961988
0.0003222335651961996
0.00032223356519619985
0.0003222335651961991
0.00032223356519619963
0.0003222335651961988
0.0003222335651961996
0.00032223356519619985
0.0003222335651961991
0.00032223356519619963
0.0003222335651961988
0.0003222335651961996
0.00032223356519619985
0.0003222335651961991
0.00032223356519619963
0.0003222335651961988
0.0003222335651961996
0.00032223356519619985
0.0003222335651961991
0.00032223356519619963
0.0003222335651961989
0.0003222335651961996
0.0003222335651961988
0.0003222335651961995
0.0003222335651961999
0.0003222335651961991
0.00032223356519619963
0.0003222335651961988
0.0003222335651961996
0.0003222335651961988
0.0003222335651961995
0.0003222335651961999
0.0003222335651961991
0.00032223356519619963
0.0003222335651961988
0.0003222335651961996
0.0003222335651961988
0.0003222335651961995
0.0003222335651961999
0.0003222335651961991
0.00032223356519619963
0.0003222335651961988
0.0003222335651961996
0.0003222335651961988
0.0003222335651961995
0.0003222335651961999
0.0003222335651961991
0.00032223356519619963
0.0003222335651961988
0.0003222335651961996
0.0003222335651961988
0.0003222335651961995
0.0003222335651961999
0.0003222335651961991
0.00032223356519619963
0.0003222335651961988
0.0003222335651961996
0.0003222335651961988
0.0003222335651961995
0.0003222335651961999
0.0003222335651961991
0.00032223356519619963
0.0003222335651961988
0.0003222335651961996
0.0003222335651961988
0.0003222335651961995
0.0003222335651961999
0.0003222335651961991
0.00032223356519619963
0.0003222335651961988
0.0003222335651961996
0.0003222335651961988
0.0003222335651961995
0.0003222335651961999
0.0003222335651961991
0.00032223356519619963
0.0003222335651961988
0.0003222335651961996
0.0003222335651961988
0.0003222335651961995
0.0003222335651961999
0.0003222335651961991
0.00032223356519619963
0.0003222335651961988
0.0003222335651961996
0.00032223356519619985
0.0003222335651961991
0.00032223356519619963
0.0003222335651961989
0.0003222335651961996
0.0003222335651961988
0.0003222335651961995
0.0003222335651961999
0.0003222335651961991
0.00032223356519619963
0.0003222335651961988
0.0003222335651961996
0.0003222335651961988
0.0003222335651961995
0.0003222335651961999
0.0003222335651961991
0.00032223356519619963
0.0003222335651961988
0.0003222335651961996
0.0003222335651961988
0.0003222335651961995
0.0003222335651961999
0.0003222335651961991
0.00032223356519619963
0.0003222335651961988
0.0003222335651961996
0.0003222335651961999
0.0003222335651961991
0.00032223356519619963
0.0003222335651961988
0.0003222335651961996
0.0003222335651961988
0.0003222335651961995
0.0003222335651961999
0.0003222335651961991
0.00032223356519619963
0.0003222335651961988
0.0003222335651961996
0.0003222335651961999
0.0003222335651961991
0.00032223356519619963
0.0003222335651961988
0.0003222335651961996
0.0003222335651961988
0.0003222335651961995
0.00032223356519619985
0.0003222335651961991
0.00032223356519619963
0.0003222335651961988
0.0003222335651961996
0.0003222335651961999
0.0003222335651961991
0.00032223356519619963
0.0003222335651961988
0.0003222335651961996
0.0003222335651961999
0.0003222335651961991
0.00032223356519619963
0.0003222335651961988
0.0003222335651961996
0.00032223356519619985
0.0003222335651961991
0.00032223356519619963
0.0003222335651961988
0.0003222335651961996
0.0003222335651961999
0.0003222335651961991
0.00032223356519619963
0.0003222335651961988
0.0003222335651961996
0.00032223356519619985
0.0003222335651961991
0.00032223356519619963
0.0003222335651961988
0.0003222335651961996
0.0003222335651961999
0.0003222335651961991
0.00032223356519619963
0.0003222335651961988
0.0003222335651961996
0.00032223356519619985
0.0003222335651961991
0.00032223356519619963
0.0003222335651961988
0.0003222335651961996
0.0003222335651961999
0.0003222335651961991
0.00032223356519619963
0.0003222335651961988
0.0003222335651961996
0.0003222335651961999
0.0003222335651961991
0.00032223356519619963
0.0003222335651961988
0.0003222335651961996
0.0003222335651961999
0.0003222335651961991
0.00032223356519619963
0.0003222335651961988
0.0003222335651961996
0.0003222335651961999
0.0003222335651961991
0.00032223356519619963
0.0003222335651961988
0.0003222335651961996
0.0003222335651961999
0.0003222335651961991
0.00032223356519619963
0.0003222335651961988
0.0003222335651961996
0.0003222335651961999
0.0003222335651961991
0.00032223356519619963
0.0003222335651961988
0.0003222335651961996
0.00032223356519619985
0.0003222335651961991
0.00032223356519619963
0.0003222335651961988
0.0003222335651961996
0.0003222335651961999
0.0003222335651961991
0.00032223356519619963
0.0003222335651961988
0.0003222335651961996
0.00032223356519619985
0.0003222335651961991
0.00032223356519619963
0.0003222335651961988
0.0003222335651961996
0.0003222335651961999
0.0003222335651961991
0.00032223356519619963
0.0003222335651961988
0.0003222335651961996
0.00032223356519619985
0.0003222335651961991
0.00032223356519619963
0.0003222335651961988
0.0003222335651961996
0.0003222335651961999
0.0003222335651961991
0.00032223356519619963
0.0003222335651961988
0.0003222335651961996
0.00032223356519619985
0.0003222335651961991
0.00032223356519619963
0.0003222335651961988
0.0003222335651961996
0.0003222335651961999
0.0003222335651961991
0.00032223356519619963
0.0003222335651961988
0.0003222335651961996
0.00032223356519619985
0.0003222335651961991
0.00032223356519619963
0.0003222335651961988
0.0003222335651961996
0.0003222335651961999
0.0003222335651961991
0.00032223356519619963
0.0003222335651961988
0.0003222335651961996
0.00032223356519619985
0.0003222335651961991
0.00032223356519619963
0.0003222335651961988
0.0003222335651961996
0.0003222335651961999
0.0003222335651961991
0.00032223356519619963
0.0003222335651961988
0.0003222335651961996
0.00032223356519619985
0.0003222335651961991
0.00032223356519619963
0.0003222335651961988
0.0003222335651961996
0.0003222335651961999
0.0003222335651961991
0.00032223356519619963
0.0003222335651961988
0.0003222335651961996
0.00032223356519619985
0.0003222335651961991
0.00032223356519619963
0.0003222335651961988
0.0003222335651961996
0.0003222335651961999
0.0003222335651961991
0.00032223356519619963
0.0003222335651961988
0.0003222335651961996
0.00032223356519619985
0.0003222335651961991
0.00032223356519619963
0.0003222335651961988
0.0003222335651961996
0.0003222335651961999
0.0003222335651961991
0.00032223356519619963
0.0003222335651961988
0.0003222335651961996
0.00032223356519619985
0.0003222335651961991
0.00032223356519619963
0.0003222335651961988
0.0003222335651961996
0.0003222335651961999
0.0003222335651961991
0.00032223356519619963
0.0003222335651961988
0.0003222335651961996
0.00032223356519619985
0.0003222335651961991
0.00032223356519619963
0.0003222335651961988
0.0003222335651961996
0.0003222335651961999
0.0003222335651961991
0.00032223356519619963
0.0003222335651961988
0.0003222335651961996
0.00032223356519619985
0.0003222335651961991
0.00032223356519619963
0.0003222335651961988
0.0003222335651961996
0.0003222335651961999
0.0003222335651961991
0.00032223356519619963
0.0003222335651961988
0.0003222335651961996
0.00032223356519619985
0.0003222335651961991
0.00032223356519619963
0.0003222335651961988
0.0003222335651961996
0.0003222335651961999
0.0003222335651961991
0.00032223356519619963
0.0003222335651961988
0.0003222335651961996
0.00032223356519619985
0.0003222335651961991
0.00032223356519619963
0.0003222335651961988
0.0003222335651961996
0.0003222335651961999
0.0003222335651961991
0.00032223356519619963
0.0003222335651961988
0.0003222335651961996
0.00032223356519619985
0.0003222335651961991
0.00032223356519619963
0.0003222335651961988
0.0003222335651961996
0.0003222335651961999
0.0003222335651961991
0.00032223356519619963
0.0003222335651961988
0.0003222335651961996
0.0003222335651961999
0.0003222335651961991
0.00032223356519619963
0.0003222335651961988
0.0003222335651961996
0.0003222335651961999
0.0003222335651961991
0.00032223356519619963
0.0003222335651961988
0.0003222335651961996
0.0003222335651961999
0.0003222335651961991
0.00032223356519619963
0.0003222335651961988
0.0003222335651961996
0.0003222335651961999
0.0003222335651961991
0.00032223356519619963
0.0003222335651961988
0.0003222335651961996
0.0003222335651961999
0.0003222335651961991
0.00032223356519619963
0.0003222335651961988
0.0003222335651961996
0.0003222335651961999
0.0003222335651961991
0.00032223356519619963
0.0003222335651961988
0.0003222335651961996
0.0003222335651961999
0.0003222335651961991
0.00032223356519619963
0.0003222335651961988
0.0003222335651961996
0.0003222335651961999
0.0003222335651961991
0.00032223356519619963
0.0003222335651961988
0.0003222335651961996
0.0003222335651961999
0.0003222335651961991
0.00032223356519619963
0.0003222335651961988
0.0003222335651961996
0.0003222335651961999
0.0003222335651961991
0.00032223356519619963
0.0003222335651961988
0.0003222335651961996
0.0003222335651961999
0.0003222335651961991
0.00032223356519619963
0.0003222335651961988
0.0003222335651961996
0.0003222335651961988
0.0003222335651961995
0.0003222335651961999
0.0003222335651961991
0.00032223356519619963
0.0003222335651961988
0.0003222335651961996
0.0003222335651961999
0.0003222335651961991
0.00032223356519619963
0.0003222335651961988
0.0003222335651961996
0.0003222335651961988
0.0003222335651961995
0.0003222335651961999
0.0003222335651961991
0.00032223356519619963
0.0003222335651961988
0.0003222335651961996
0.0003222335651961988
0.0003222335651961995
0.0003222335651961999
0.0003222335651961991
0.00032223356519619963
0.0003222335651961988
0.0003222335651961996
0.0003222335651961988
0.0003222335651961995
0.0003222335651961999
0.0003222335651961991
0.00032223356519619963
0.0003222335651961988
0.0003222335651961996
0.0003222335651961999
0.0003222335651961991
0.00032223356519619963
0.0003222335651961988
0.0003222335651961996
0.0003222335651961999
0.0003222335651961991
0.00032223356519619963
0.0003222335651961988
0.0003222335651961996
0.0003222335651961999
0.0003222335651961991
0.00032223356519619963
0.0003222335651961988
0.0003222335651961996
0.0003222335651961988
0.0003222335651961995
0.0003222335651961999
0.0003222335651961991
0.00032223356519619963
0.0003222335651961988
0.0003222335651961996
0.0003222335651961999
0.0003222335651961991
0.00032223356519619963
0.0003222335651961988
0.0003222335651961996
0.0003222335651961988
0.0003222335651961995
0.0003222335651961999
0.0003222335651961991
0.00032223356519619963
0.0003222335651961988
0.0003222335651961996
0.0003222335651961999
0.0003222335651961991
0.00032223356519619963
0.0003222335651961988
0.0003222335651961996
0.0003222335651961988
0.0003222335651961995
0.0003222335651961999
0.0003222335651961991
0.00032223356519619963
0.0003222335651961988
0.0003222335651961996
0.00032223356519619985
0.0003222335651961991
0.00032223356519619963
0.0003222335651961988
0.0003222335651961996
0.00032223356519619985
0.0003222335651961991
0.00032223356519619963
0.0003222335651961988
0.0003222335651961996
0.0003222335651961999
0.0003222335651961991
0.00032223356519619963
0.0003222335651961988
0.0003222335651961996
0.0003222335651961999
0.0003222335651961991
0.00032223356519619963
0.0003222335651961988
0.0003222335651961996
0.0003222335651961999
0.0003222335651961991
0.00032223356519619963
0.0003222335651961988
0.0003222335651961996
0.0003222335651961999
0.0003222335651961991
0.00032223356519619963
0.0003222335651961988
0.0003222335651961996
0.0003222335651961999
0.0003222335651961991
0.00032223356519619963
0.0003222335651961988
0.0003222335651961996
0.0003222335651961999
0.00032223356519619904
0.00032223356519619963
0.0003222335651961988
0.0003222335651961996
0.00032223356519619985
0.0003222335651961991
0.00032223356519619963
0.0003222335651961988
0.0003222335651961996
0.0003222335651961999
0.00032223356519619904
0.00032223356519619963
0.0003222335651961988
0.0003222335651961996
0.00032223356519619985
0.0003222335651961991
0.00032223356519619963
0.0003222335651961988
0.0003222335651961996
0.0003222335651961999
0.0003222335651961991
0.00032223356519619963
0.0003222335651961988
0.0003222335651961996
0.0003222335651961999
0.00032223356519619904
0.00032223356519619963
0.0003222335651961988
0.0003222335651961996
0.00032223356519619985
0.0003222335651961991
0.00032223356519619963
0.0003222335651961988
0.0003222335651961996
0.0003222335651961999
0.0003222335651961991
0.00032223356519619963
0.0003222335651961988
0.0003222335651961996
0.0003222335651961999
0.0003222335651961991
0.00032223356519619963
0.0003222335651961989
0.0003222335651961996
0.0003222335651961988
0.0003222335651961995
0.0003222335651961999
0.0003222335651961991
0.00032223356519619963
0.0003222335651961988
0.0003222335651961996
0.0003222335651961999
0.0003222335651961991
0.00032223356519619963
0.0003222335651961989
0.0003222335651961996
0.0003222335651961988
0.0003222335651961995
0.0003222335651961999
0.0003222335651961991
0.00032223356519619963
0.0003222335651961988
0.0003222335651961996
0.0003222335651961999
0.0003222335651961991
0.00032223356519619963
0.0003222335651961989
0.0003222335651961996
0.0003222335651961988
0.0003222335651961995
0.0003222335651961999
0.0003222335651961991
0.00032223356519619963
0.0003222335651961988
0.0003222335651961996
0.0003222335651961999
0.0003222335651961991
0.00032223356519619963
0.0003222335651961988
0.0003222335651961996
0.0003222335651961999
0.0003222335651961991
0.00032223356519619963
0.0003222335651961988
0.0003222335651961996
0.0003222335651961999
0.0003222335651961991
0.00032223356519619963
0.0003222335651961988
0.0003222335651961996
0.0003222335651961999
0.0003222335651961991
0.00032223356519619963
0.0003222335651961989
0.0003222335651961996
0.0003222335651961988
0.0003222335651961996
0.0003222335651961999
0.0003222335651961991
0.00032223356519619963
0.0003222335651961989
0.0003222335651961996
0.0003222335651961988
0.0003222335651961996
0.0003222335651961999
0.0003222335651961991
0.00032223356519619963
0.0003222335651961989
0.0003222335651961996
0.0003222335651961988
0.0003222335651961996
0.0003222335651961999
0.0003222335651961991
0.00032223356519619963
0.0003222335651961989
0.0003222335651961996
0.0003222335651961988
0.0003222335651961996
0.0003222335651961999
0.0003222335651961991
0.00032223356519619963
0.0003222335651961989
0.0003222335651961996
0.0003222335651961988
0.0003222335651961996
0.0003222335651961999
0.0003222335651961991
0.00032223356519619963
0.0003222335651961989
0.0003222335651961996
0.0003222335651961988
0.0003222335651961996
0.0003222335651961999
0.0003222335651961991
0.00032223356519619963
0.0003222335651961989
0.0003222335651961996
0.0003222335651961988
0.0003222335651961996
0.0003222335651961999
0.0003222335651961991
0.00032223356519619963
0.0003222335651961989
0.0003222335651961996
0.0003222335651961988
0.0003222335651961996
0.0003222335651961999
0.0003222335651961991
0.00032223356519619963
0.0003222335651961989
0.0003222335651961996
0.0003222335651961988
0.0003222335651961996
0.0003222335651961999
0.0003222335651961991
0.00032223356519619963
0.0003222335651961989
0.0003222335651961996
0.0003222335651961988
0.0003222335651961996
0.0003222335651961999
0.0003222335651961991
0.00032223356519619963
0.0003222335651961989
0.0003222335651961996
0.0003222335651961988
0.0003222335651961996
0.0003222335651961999
0.0003222335651961991
0.00032223356519619963
0.0003222335651961989
0.0003222335651961996
0.0003222335651961988
0.0003222335651961996
0.00032223356519619985
0.0003222335651961991
0.00032223356519619963
0.0003222335651961989
0.0003222335651961996
0.0003222335651961988
0.0003222335651961995
0.0003222335651961999
0.0003222335651961991
0.00032223356519619963
0.0003222335651961989
0.0003222335651961996
0.0003222335651961988
0.0003222335651961995
0.0003222335651961999
0.0003222335651961991
0.00032223356519619963
0.0003222335651961989
0.0003222335651961996
0.0003222335651961988
0.0003222335651961995
0.0003222335651961999
0.0003222335651961991
0.00032223356519619963
0.0003222335651961989
0.0003222335651961996
0.0003222335651961988
0.0003222335651961995
0.0003222335651961999
0.00032223356519619904
0.00032223356519619963
0.0003222335651961988
0.0003222335651961996
0.0003222335651961999
0.00032223356519619904
0.00032223356519619963
0.0003222335651961988
0.0003222335651961996
0.0003222335651961999
0.00032223356519619904
0.00032223356519619963
0.0003222335651961988
0.0003222335651961996
0.00032223356519619985
0.0003222335651961991
0.00032223356519619963
0.0003222335651961988
0.0003222335651961996
0.00032223356519619985
0.0003222335651961991
0.00032223356519619963
0.0003222335651961988
0.0003222335651961996
0.00032223356519619985
0.0003222335651961991
0.00032223356519619963
0.0003222335651961988
0.0003222335651961996
0.00032223356519619985
0.0003222335651961991
0.00032223356519619963
0.0003222335651961988
0.0003222335651961996
0.00032223356519619985
0.0003222335651961991
0.00032223356519619963
0.0003222335651961988
0.0003222335651961996
0.00032223356519619985
0.0003222335651961991
0.00032223356519619963
0.0003222335651961988
0.0003222335651961996
0.00032223356519619985
0.0003222335651961991
0.00032223356519619963
0.0003222335651961988
0.0003222335651961996
0.00032223356519619985
0.0003222335651961991
0.00032223356519619963
0.0003222335651961988
0.0003222335651961996
0.00032223356519619985
0.0003222335651961991
0.00032223356519619963
0.0003222335651961988
0.0003222335651961996
0.00032223356519619985
0.0003222335651961991
0.00032223356519619963
0.0003222335651961988
0.0003222335651961996
0.00032223356519619985
0.0003222335651961991
0.00032223356519619963
0.0003222335651961988
0.0003222335651961996
0.00032223356519619985
0.0003222335651961991
0.00032223356519619963
0.0003222335651961988
0.0003222335651961996
0.00032223356519619985
0.0003222335651961991
0.00032223356519619963
0.0003222335651961988
0.0003222335651961996
0.00032223356519619985
0.0003222335651961991
0.00032223356519619963
0.0003222335651961988
0.0003222335651961996
0.00032223356519619985
0.0003222335651961991
0.00032223356519619963
0.0003222335651961988
0.0003222335651961996
0.00032223356519619985
0.0003222335651961991
0.00032223356519619963
0.0003222335651961988
0.0003222335651961996
0.00032223356519619985
0.0003222335651961991
0.00032223356519619963
0.0003222335651961988
0.0003222335651961996
0.00032223356519619985
0.00032223356519619904
0.00032223356519619963
0.0003222335651961988
0.0003222335651961996
0.00032223356519619985
0.00032223356519619904
0.00032223356519619963
0.0003222335651961988
0.0003222335651961996
0.00032223356519619985
0.00032223356519619904
0.00032223356519619963
0.0003222335651961988
0.0003222335651961996
0.00032223356519619985
0.00032223356519619904
0.00032223356519619963
0.0003222335651961988
0.0003222335651961996
0.00032223356519619985
0.00032223356519619904
0.00032223356519619963
0.0003222335651961988
0.0003222335651961996
0.00032223356519619985
0.00032223356519619904
0.00032223356519619963
0.0003222335651961988
0.0003222335651961996
0.00032223356519619985
0.00032223356519619904
0.00032223356519619963
0.0003222335651961988
0.0003222335651961996
0.00032223356519619985
0.00032223356519619904
0.00032223356519619963
0.0003222335651961988
0.0003222335651961996
0.00032223356519619985
0.00032223356519619904
0.00032223356519619963
0.0003222335651961988
0.0003222335651961995
0.0003222335651961999
0.0003222335651961991
0.00032223356519619963
0.0003222335651961988
0.0003222335651961996
0.00032223356519619985
0.00032223356519619904
0.00032223356519619963
0.0003222335651961988
0.0003222335651961995
0.0003222335651961999
0.0003222335651961991
0.00032223356519619963
0.0003222335651961988
0.0003222335651961996
0.00032223356519619985
0.00032223356519619904
0.00032223356519619963
0.0003222335651961988
0.0003222335651961996
0.00032223356519619985
0.0003222335651961991
0.00032223356519619963
0.0003222335651961988
0.0003222335651961996
0.00032223356519619985
0.00032223356519619904
0.00032223356519619963
0.0003222335651961988
0.0003222335651961996
0.00032223356519619985
0.00032223356519619904
0.00032223356519619963
0.0003222335651961988
0.0003222335651961996
0.00032223356519619985
0.00032223356519619904
0.00032223356519619963
0.0003222335651961988
0.0003222335651961996
0.00032223356519619985
0.00032223356519619904
0.00032223356519619963
0.0003222335651961988
0.0003222335651961996
0.00032223356519619985
0.00032223356519619904
0.00032223356519619963
0.0003222335651961988
0.0003222335651961996
0.00032223356519619985
0.00032223356519619904
0.00032223356519619963
0.0003222335651961988
0.0003222335651961996
0.00032223356519619985
0.00032223356519619904
0.00032223356519619963
0.0003222335651961988
0.0003222335651961996
0.00032223356519619985
0.00032223356519619904
0.00032223356519619963
0.0003222335651961988
0.0003222335651961996
0.00032223356519619985
0.00032223356519619904
0.00032223356519619963
0.0003222335651961988
0.0003222335651961996
0.00032223356519619985
0.00032223356519619904
0.00032223356519619963
0.0003222335651961988
0.0003222335651961996
0.00032223356519619985
0.00032223356519619904
0.00032223356519619963
0.0003222335651961988
0.0003222335651961995
0.0003222335651961999
0.0003222335651961991
0.00032223356519619963
0.0003222335651961988
0.0003222335651961996
0.00032223356519619985
0.00032223356519619904
0.00032223356519619963
0.0003222335651961988
0.0003222335651961996
0.00032223356519619985
0.00032223356519619904
0.00032223356519619963
0.0003222335651961988
0.0003222335651961995
0.0003222335651961999
0.0003222335651961991
0.00032223356519619963
0.0003222335651961988
0.0003222335651961996
0.00032223356519619985
0.00032223356519619904
0.00032223356519619963
0.0003222335651961988
0.0003222335651961996
0.00032223356519619985
0.00032223356519619904
0.00032223356519619963
0.0003222335651961988
0.0003222335651961995
0.0003222335651961999
0.0003222335651961991
0.00032223356519619963
0.0003222335651961988
0.0003222335651961996
0.00032223356519619985
0.00032223356519619904
0.00032223356519619963
0.0003222335651961988
0.0003222335651961996
0.00032223356519619985
0.00032223356519619904
0.00032223356519619963
0.0003222335651961988
0.0003222335651961995
0.0003222335651961999
0.0003222335651961991
0.00032223356519619963
0.0003222335651961988
0.0003222335651961996
0.00032223356519619985
0.00032223356519619904
0.00032223356519619963
0.0003222335651961988
0.0003222335651961996
0.00032223356519619985
0.00032223356519619904
0.00032223356519619963
0.0003222335651961988
0.0003222335651961995
0.0003222335651961999
0.0003222335651961991
0.00032223356519619963
0.0003222335651961988
0.0003222335651961996
0.00032223356519619985
0.00032223356519619904
0.00032223356519619963
0.0003222335651961988
0.0003222335651961996
0.00032223356519619985
0.00032223356519619904
0.00032223356519619963
0.0003222335651961988
0.0003222335651961995
0.0003222335651961999
0.0003222335651961991
0.00032223356519619963
0.0003222335651961988
0.0003222335651961996
0.00032223356519619985
0.00032223356519619904
0.00032223356519619963
0.0003222335651961988
0.0003222335651961996
0.00032223356519619985
0.00032223356519619904
0.00032223356519619963
0.0003222335651961988
0.0003222335651961995
0.0003222335651961999
0.0003222335651961991
0.00032223356519619963
0.0003222335651961988
0.0003222335651961996
0.00032223356519619985
0.00032223356519619904
0.00032223356519619963
0.0003222335651961988
0.0003222335651961996
0.00032223356519619985
0.00032223356519619904
0.00032223356519619963
0.0003222335651961988
0.0003222335651961995
0.0003222335651961999
0.0003222335651961991
0.00032223356519619963
0.0003222335651961988
0.0003222335651961996
0.00032223356519619985
0.00032223356519619904
0.00032223356519619963
0.0003222335651961988
0.0003222335651961996
0.00032223356519619985
0.00032223356519619904
0.00032223356519619963
0.0003222335651961988
0.0003222335651961996
0.00032223356519619985
0.00032223356519619904
0.00032223356519619963
0.0003222335651961988
0.0003222335651961996
0.00032223356519619985
0.00032223356519619904
0.00032223356519619963
0.0003222335651961988
0.0003222335651961996
0.00032223356519619985
0.0003222335651961991
0.00032223356519619963
0.0003222335651961988
0.0003222335651961996
0.00032223356519619985
0.0003222335651961991
0.00032223356519619963
0.0003222335651961988
0.0003222335651961996
0.00032223356519619985
0.0003222335651961991
0.00032223356519619963
0.0003222335651961989
0.0003222335651961996
0.0003222335651961988
0.0003222335651961995
0.0003222335651961999
0.0003222335651961991
0.00032223356519619963
0.0003222335651961988
0.0003222335651961996
0.00032223356519619985
0.0003222335651961991
0.00032223356519619963
0.0003222335651961988
0.0003222335651961996
0.00032223356519619985
0.0003222335651961991
0.00032223356519619963
0.0003222335651961989
0.0003222335651961996
0.00032223356519619985
0.0003222335651961991
0.00032223356519619963
0.0003222335651961989
0.0003222335651961996
0.0003222335651961988
0.0003222335651961995
0.0003222335651961999
0.0003222335651961991
0.00032223356519619963
0.0003222335651961988
0.0003222335651961996
0.0003222335651961999
0.0003222335651961991
0.00032223356519619963
0.0003222335651961988
0.0003222335651961996
0.00032223356519619985
0.0003222335651961991
0.00032223356519619963
0.0003222335651961988
0.0003222335651961996
0.00032223356519619985
0.0003222335651961991
0.00032223356519619963
0.0003222335651961988
0.0003222335651961996
0.00032223356519619985
0.0003222335651961991
0.00032223356519619963
0.0003222335651961989
0.0003222335651961996
0.0003222335651961999
0.0003222335651961991
0.00032223356519619963
0.0003222335651961988
0.0003222335651961996
0.00032223356519619985
0.0003222335651961991
0.00032223356519619963
0.0003222335651961989
0.0003222335651961996
0.0003222335651961999
0.0003222335651961991
0.00032223356519619963
0.0003222335651961989
0.0003222335651961996
0.0003222335651961999
0.0003222335651961991
0.00032223356519619963
0.0003222335651961989
0.0003222335651961996
0.0003222335651961999
0.0003222335651961991
0.00032223356519619963
0.0003222335651961989
0.0003222335651961996
0.0003222335651961999
0.0003222335651961991
0.00032223356519619963
0.0003222335651961989
0.0003222335651961996
0.0003222335651961999
0.0003222335651961991
0.00032223356519619963
0.0003222335651961989
0.0003222335651961996
0.0003222335651961999
0.0003222335651961991
0.00032223356519619963
0.0003222335651961989
0.0003222335651961996
0.0003222335651961999
0.0003222335651961991
0.00032223356519619963
0.0003222335651961988
0.0003222335651961996
0.00032223356519619985
0.0003222335651961991
0.00032223356519619963
0.0003222335651961988
0.0003222335651961996
0.00032223356519619985
0.0003222335651961991
0.00032223356519619963
0.0003222335651961988
0.0003222335651961996
0.00032223356519619985
0.0003222335651961991
0.00032223356519619963
0.0003222335651961989
0.0003222335651961996
0.0003222335651961999
0.0003222335651961991
0.00032223356519619963
0.0003222335651961988
0.0003222335651961996
0.00032223356519619985
0.0003222335651961991
0.00032223356519619963
0.0003222335651961989
0.0003222335651961996
0.0003222335651961988
0.0003222335651961995
0.00032223356519619985
0.0003222335651961991
0.00032223356519619963
0.0003222335651961989
0.0003222335651961996
0.0003222335651961999
0.0003222335651961991
0.00032223356519619963
0.0003222335651961988
0.0003222335651961996
0.0003222335651961999
0.0003222335651961991
0.00032223356519619963
0.0003222335651961988
0.0003222335651961996
0.00032223356519619985
0.0003222335651961991
0.00032223356519619963
0.0003222335651961989
0.0003222335651961996
0.0003222335651961999
0.0003222335651961991
0.00032223356519619963
0.0003222335651961988
0.0003222335651961996
0.00032223356519619985
0.0003222335651961991
0.00032223356519619963
0.0003222335651961989
0.0003222335651961996
0.0003222335651961999
0.0003222335651961991
0.00032223356519619963
0.0003222335651961989
0.0003222335651961996
0.0003222335651961999
0.0003222335651961991
0.00032223356519619963
0.0003222335651961988
0.0003222335651961996
0.0003222335651961999
0.0003222335651961991
0.00032223356519619963
0.0003222335651961988
0.0003222335651961996
0.00032223356519619985
0.0003222335651961991
0.00032223356519619963
0.0003222335651961989
0.0003222335651961996
0.0003222335651961999
0.0003222335651961991
0.00032223356519619963
0.0003222335651961989
0.0003222335651961996
0.0003222335651961999
0.0003222335651961991
0.00032223356519619963
0.0003222335651961989
0.0003222335651961996
0.0003222335651961999
0.0003222335651961991
0.00032223356519619963
0.0003222335651961989
0.0003222335651961996
0.0003222335651961999
0.0003222335651961991
0.00032223356519619963
0.0003222335651961989
0.0003222335651961996
0.0003222335651961999
0.0003222335651961991
0.00032223356519619963
0.0003222335651961989
0.0003222335651961996
0.00032223356519619985
0.0003222335651961991
0.00032223356519619963
0.0003222335651961989
0.0003222335651961996
0.0003222335651961999
0.0003222335651961991
0.00032223356519619963
0.0003222335651961989
0.0003222335651961996
0.00032223356519619985
0.0003222335651961991
0.00032223356519619963
0.0003222335651961989
0.0003222335651961996
0.0003222335651961999
0.0003222335651961991
0.00032223356519619963
0.0003222335651961989
0.0003222335651961996
0.00032223356519619985
0.0003222335651961991
0.00032223356519619963
0.0003222335651961989
0.0003222335651961996
0.0003222335651961988
0.0003222335651961995
0.00032223356519619985
0.0003222335651961991
0.00032223356519619963
0.0003222335651961989
0.0003222335651961996
0.00032223356519619985
0.0003222335651961991
0.00032223356519619963
0.0003222335651961989
0.0003222335651961996
0.00032223356519619985
0.0003222335651961991
0.00032223356519619963
0.0003222335651961989
0.0003222335651961996
0.0003222335651961988
0.0003222335651961995
0.0003222335651961999
0.0003222335651961991
0.00032223356519619963
0.0003222335651961989
0.0003222335651961996
0.00032223356519619985
0.0003222335651961991
0.00032223356519619963
0.0003222335651961989
0.0003222335651961996
0.0003222335651961988
0.0003222335651961995
0.0003222335651961999
0.0003222335651961991
0.00032223356519619963
0.0003222335651961989
0.0003222335651961996
0.00032223356519619985
0.0003222335651961991
0.00032223356519619963
0.0003222335651961989
0.0003222335651961996
0.0003222335651961988
0.0003222335651961995
0.0003222335651961999
0.0003222335651961991
0.00032223356519619963
0.0003222335651961988
0.0003222335651961996
0.00032223356519619985
0.0003222335651961991
0.00032223356519619963
0.0003222335651961989
0.0003222335651961996
0.00032223356519619985
0.0003222335651961991
0.00032223356519619963
0.0003222335651961989
0.0003222335651961996
0.00032223356519619985
0.0003222335651961991
0.00032223356519619963
0.0003222335651961989
0.0003222335651961996
0.00032223356519619985
0.0003222335651961991
0.00032223356519619963
0.0003222335651961989
0.0003222335651961996
0.0003222335651961988
0.0003222335651961995
0.0003222335651961999
0.0003222335651961991
0.00032223356519619963
0.0003222335651961988
0.0003222335651961996
0.00032223356519619985
0.0003222335651961991
0.00032223356519619963
0.0003222335651961989
0.0003222335651961996
0.00032223356519619985
0.0003222335651961991
0.00032223356519619963
0.0003222335651961989
0.0003222335651961996
0.0003222335651961999
0.0003222335651961991
0.00032223356519619963
0.0003222335651961988
0.0003222335651961996
0.00032223356519619985
0.0003222335651961991
0.00032223356519619963
0.0003222335651961989
0.0003222335651961996
0.0003222335651961999
0.0003222335651961991
0.00032223356519619963
0.0003222335651961988
0.0003222335651961996
0.00032223356519619985
0.0003222335651961991
0.00032223356519619963
0.0003222335651961989
0.0003222335651961996
0.0003222335651961999
0.0003222335651961991
0.00032223356519619963
0.0003222335651961988
0.0003222335651961996
0.00032223356519619985
0.0003222335651961991
0.00032223356519619963
0.0003222335651961989
0.0003222335651961996
0.0003222335651961988
0.0003222335651961995
0.0003222335651961999
0.0003222335651961991
0.00032223356519619963
0.0003222335651961988
0.0003222335651961996
0.00032223356519619985
0.0003222335651961991
0.00032223356519619963
0.0003222335651961989
0.0003222335651961996
0.00032223356519619985
0.0003222335651961991
0.00032223356519619963
0.0003222335651961989
0.0003222335651961996
0.0003222335651961999
0.0003222335651961991
0.00032223356519619963
0.0003222335651961988
0.0003222335651961996
0.00032223356519619985
0.0003222335651961991
0.00032223356519619963
0.0003222335651961989
0.0003222335651961996
0.0003222335651961999
0.0003222335651961991
0.00032223356519619963
0.0003222335651961988
0.0003222335651961996
0.00032223356519619985
0.0003222335651961991
0.00032223356519619963
0.0003222335651961989
0.0003222335651961996
0.0003222335651961999
0.0003222335651961991
0.00032223356519619963
0.0003222335651961988
0.0003222335651961996
0.00032223356519619985
0.0003222335651961991
0.00032223356519619963
0.0003222335651961989
0.0003222335651961996
0.0003222335651961999
0.0003222335651961991
0.00032223356519619963
0.0003222335651961988
0.0003222335651961996
0.00032223356519619985
0.0003222335651961991
0.00032223356519619963
0.0003222335651961989
0.0003222335651961996
0.0003222335651961999
0.0003222335651961991
0.00032223356519619963
0.0003222335651961988
0.0003222335651961996
0.00032223356519619985
0.0003222335651961991
0.00032223356519619963
0.0003222335651961989
0.0003222335651961996
0.0003222335651961999
0.0003222335651961991
0.00032223356519619963
0.0003222335651961989
0.0003222335651961996
0.0003222335651961999
0.0003222335651961991
0.00032223356519619963
0.0003222335651961989
0.0003222335651961996
0.0003222335651961999
0.0003222335651961991
0.00032223356519619963
0.0003222335651961989
0.0003222335651961996
0.0003222335651961999
0.0003222335651961991
0.00032223356519619963
0.0003222335651961988
0.0003222335651961996
0.0003222335651961999
0.0003222335651961991
0.00032223356519619963
0.0003222335651961988
0.0003222335651961996
0.00032223356519619985
0.0003222335651961991
0.00032223356519619963
0.0003222335651961989
0.0003222335651961996
0.0003222335651961988
0.0003222335651961995
0.0003222335651961999
0.0003222335651961991
0.00032223356519619963
0.0003222335651961988
0.0003222335651961996
0.00032223356519619985
0.0003222335651961991
0.00032223356519619963
0.0003222335651961989
0.0003222335651961996
0.00032223356519619985
0.0003222335651961991
0.00032223356519619963
0.0003222335651961989
0.0003222335651961996
0.0003222335651961988
0.0003222335651961995
0.0003222335651961999
0.0003222335651961991
0.00032223356519619963
0.0003222335651961988
0.0003222335651961996
0.00032223356519619985
0.0003222335651961991
0.00032223356519619963
0.0003222335651961988
0.0003222335651961996
0.00032223356519619985
0.0003222335651961991
0.00032223356519619963
0.0003222335651961988
0.0003222335651961996
0.00032223356519619985
0.0003222335651961991
0.00032223356519619963
0.0003222335651961988
0.0003222335651961996
0.00032223356519619985
0.0003222335651961991
0.00032223356519619963
0.0003222335651961989
0.0003222335651961996
0.0003222335651961988
0.0003222335651961995
0.0003222335651961999
0.0003222335651961991
0.00032223356519619963
0.0003222335651961988
0.0003222335651961996
0.00032223356519619985
0.0003222335651961991
0.00032223356519619963
0.0003222335651961988
0.0003222335651961996
0.00032223356519619985
0.0003222335651961991
0.00032223356519619963
0.0003222335651961989
0.0003222335651961996
0.0003222335651961988
0.0003222335651961995
0.0003222335651961999
0.0003222335651961991
0.00032223356519619963
0.0003222335651961988
0.0003222335651961996
0.0003222335651961999
0.0003222335651961991
0.00032223356519619963
0.0003222335651961988
0.0003222335651961996
0.00032223356519619985
0.0003222335651961991
0.00032223356519619963
0.0003222335651961989
0.0003222335651961996
0.0003222335651961999
0.0003222335651961991
0.00032223356519619963
0.0003222335651961988
0.0003222335651961996
0.0003222335651961999
0.0003222335651961991
0.00032223356519619963
0.0003222335651961988
0.0003222335651961996
0.00032223356519619985
0.0003222335651961991
0.00032223356519619963
0.0003222335651961989
0.0003222335651961996
0.0003222335651961999
0.0003222335651961991
0.00032223356519619963
0.0003222335651961988
0.0003222335651961996
0.00032223356519619985
0.0003222335651961991
0.00032223356519619963
0.0003222335651961989
0.0003222335651961996
0.0003222335651961988
0.0003222335651961995
0.0003222335651961999
0.0003222335651961991
0.00032223356519619963
0.0003222335651961988
0.0003222335651961996
0.00032223356519619985
0.0003222335651961991
