0.0
0.0
0.0
0.0
0.0
0.0
0.0
0.0
0.0
0.0
3.9632659860689e-06
3.96463329542601e-06
3.966001548537909e-06
3.967370746382686e-06
3.968740889938837e-06
3.970111980187026e-06
3.971484018108473e-06
3.972857004685868e-06
3.9742309409038765e-06
3.9756058277476884e-06
3.9769816662043725e-06
3.978358457262016e-06
3.979736201911052e-06
4.064055097302696e-06
4.065463192424836e-06
4.15340178313138e-06
4.154841509931547e-06
4.156282235203402e-06
4.1577239599868385e-06
4.159166685321684e-06
4.160610412250196e-06
4.162055141816355e-06
4.772796294839643e-06
7.989922548593871e-06
7.992672424270181e-06
7.995424193429703e-06
8.164807783898954e-06
8.167619532532143e-06
8.169744584233917e-06
8.172559734680466e-06
8.175376825891136e-06
8.178195859874938e-06
8.355082331365806e-06
8.357504482192584e-06
8.360387836221307e-06
8.363273180455117e-06
8.366160516953986e-06
8.36904984778103e-06
8.74403036819179e-06
8.747049366406306e-06
8.750070450035023e-06
8.753093621240135e-06
9.381561208994494e-06
9.384799535764312e-06
1.207036631477788e-05
1.2074506576946611e-05
1.2330290998885447e-05
1.2334520535998063e-05
1.2601282602539347e-05
1.2879643152457943e-05
1.288405947350331e-05
1.2888478824207239e-05
1.3179413510879953e-05
1.3483572369752632e-05
1.348819502575542e-05
1.3806611270435073e-05
1.4140189730491577e-05
1.616578282468998e-05
1.6171293989872558e-05
1.6176808913994655e-05
1.618232760089988e-05
1.6187850054441692e-05
1.61933762784773e-05
1.619890627686937e-05
1.6204440053486214e-05
1.620997761220189e-05
1.621551895689413e-05
1.6221064091445587e-05
1.6226613019747628e-05
1.6570340892373478e-05
1.657600815222996e-05
1.6581679289927577e-05
1.6587354309447625e-05
1.6593033214778975e-05
1.695188555108869e-05
1.6957687860898124e-05
1.6963494144077e-05
1.7338208064420896e-05
1.7344142963418554e-05
1.7735645437441678e-05
1.814494174572761e-05
1.8151146323220694e-05
2.038074540573057e-05
2.0387678597260635e-05
2.0819512287068033e-05
2.1269719046542196e-05
2.1276945464906182e-05
2.128417679526211e-05
2.175427888089229e-05
2.2245270713588022e-05
2.2758576189473746e-05
2.4531879942950634e-05
2.558444693569959e-05
2.559306203103647e-05
2.6739562799738077e-05
2.6748545614517155e-05
2.675753446657068e-05
2.8678473504567338e-05
2.8688068170667696e-05
2.8697669258817246e-05
2.8707276775464863e-05
2.8716890727062543e-05
2.8726511120084786e-05
2.8736137961001785e-05
2.9344657256106222e-05
2.9979062315795426e-05
3.064104066187577e-05
3.133242977366677e-05
3.2896358384321715e-05
3.290728334574745e-05
3.291821556589442e-05
3.292915505199318e-05
3.2940101811286845e-05
3.295105585104145e-05
3.296201717851358e-05
3.43761348498388e-05
3.438558988206329e-05
3.4396995856976486e-05
3.5156441892520886e-05
3.714187267228621e-05
3.715411443872245e-05
3.7166364277325396e-05
3.717862219608799e-05
3.719088820300594e-05
3.720316230608096e-05
3.721544451333892e-05
3.722773483280957e-05
3.724003327252607e-05
3.725233984053921e-05
3.7264654544911396e-05
3.7276977393715706e-05
3.728930839503329e-05
3.807879176108148e-05
3.8901852733131854e-05
3.891467855914081e-05
3.9666001426046506e-05
3.978688890959445e-05
3.979667390865102e-05
4.069108409540228e-05
4.0704456460575835e-05
4.1546147019183386e-05
4.155977748832991e-05
4.3211221056536876e-05
4.430047348909869e-05
4.529594892189889e-05
4.577305074161223e-05
4.5787920703869116e-05
4.580280033046329e-05
4.58176896308177e-05
4.583258861436586e-05
4.584749729056405e-05
4.5862415668874885e-05
4.6833161909775026e-05
4.888534577042226e-05
5.008062354614187e-05
5.009675291409921e-05
5.011289267468586e-05
5.012904283794126e-05
5.014520341392214e-05
5.016137441270761e-05
5.0177555844380944e-05
5.019374771904572e-05
5.020995004680902e-05
5.022616283779953e-05
5.024238610216065e-05
5.025861985002686e-05
5.287760046410476e-05
5.3785026660104396e-05
5.450101846129803e-05
5.565430394135293e-05
5.6846576013453295e-05
5.805634937229293e-05
5.875931029246492e-05
5.877789943936279e-05
5.8796500351437634e-05
5.8815113039844654e-05
5.8833737515788035e-05
5.8852373790465456e-05
5.8871021875082515e-05
5.8889681780875386e-05
5.890835351908456e-05
5.8927037100973755e-05
5.894573253780422e-05
5.8964439840871624e-05
5.89831590214819e-05
5.90018900909377e-05
5.902063306057567e-05
5.903938794174447e-05
6.263763797918641e-05
6.320029797170641e-05
6.331553023440063e-05
6.333543511252716e-05
6.335535250946462e-05
6.337528243702115e-05
6.339522490703523e-05
6.341517993134146e-05
6.343514752180236e-05
6.345512769028484e-05
6.347512044868762e-05
6.452992109300506e-05
6.545810335435898e-05
6.777444927125929e-05
6.779557322216636e-05
6.781671034462304e-05
6.783786065092898e-05
6.785902415344295e-05
6.788020086450415e-05
6.79013907964847e-05
6.792259396177978e-05
6.794381037277673e-05
6.796504004188751e-05
6.798628298155733e-05
6.942445117828544e-05
6.94460755486403e-05
6.94700222266049e-05
7.097267500054406e-05
7.099470956552016e-05
7.237558502536444e-05
7.239798083625047e-05
7.242039051123976e-05
7.244281406320568e-05
7.246525150504864e-05
7.248770284967531e-05
7.251016811001146e-05
7.253264729899797e-05
7.255514042958842e-05
7.257764751476835e-05
7.260016856751601e-05
7.262270360084223e-05
7.395105457578536e-05
7.418295911695772e-05
7.41992241170949e-05
7.580148425551842e-05
7.582038791823242e-05
7.702747030695681e-05
7.705113236323671e-05
7.70748089609723e-05
7.709850011356564e-05
7.712220583443635e-05
7.71459261370455e-05
7.71696610348235e-05
7.71934105412707e-05
7.866208862695526e-05
7.885015153551919e-05
8.155616917034123e-05
8.158098494452285e-05
8.160581582455157e-05
8.163066182422052e-05
8.16555229573584e-05
8.168039923777208e-05
8.170529067932545e-05
8.173019729588528e-05
8.175511910131298e-05
8.178005610953095e-05
8.180500833443553e-05
8.182997578996662e-05
8.18549584900735e-05
8.18799564487222e-05
8.190496967989663e-05
8.192999819758242e-05
8.195504201581217e-05
8.198010114861963e-05
8.200517561005204e-05
8.203026541418259e-05
8.205537057509852e-05
8.338968778072895e-05
8.381389955539547e-05
8.47220322988786e-05
8.564943660309043e-05
8.6503710641943e-05
8.652989682371541e-05
8.655609886370527e-05
8.658231677631043e-05
8.660855057595615e-05
8.663480027711061e-05
8.666106589421095e-05
8.668734744175223e-05
8.67136449342246e-05
8.673995838614192e-05
8.688680593828281e-05
8.860168494056129e-05
8.861224904849678e-05
8.86390227330248e-05
8.904314407006502e-05
8.943708195595487e-05
8.984651082390076e-05
9.128905027087943e-05
9.13111707480125e-05
9.132150027482217e-05
9.134893829322615e-05
9.137639280369971e-05
9.140386382111828e-05
9.143135136036147e-05
9.145885543636007e-05
9.14863760640171e-05
9.151391325829404e-05
9.154146703415248e-05
9.156903740657064e-05
9.15966243905335e-05
9.162422800109111e-05
9.165184825324757e-05
9.167948516206299e-05
9.170713874261985e-05
9.171755805241537e-05
9.174523460836054e-05
9.310308139356153e-05
9.3704980452555e-05
9.536169798712378e-05
9.573858691898425e-05
9.576717666599686e-05
9.579578349249925e-05
9.6290066718397e-05
9.631880668951978e-05
9.634756382122073e-05
9.637633812887066e-05
9.640512962787977e-05
9.643393833364858e-05
9.646276426161593e-05
9.64733886846408e-05
9.650223820485011e-05
9.653110498384933e-05
9.655998903715423e-05
9.658889038026457e-05
9.661780902871243e-05
9.737898127016221e-05
9.829209137030644e-05
9.831273001128158e-05
9.953959426820685e-05
9.956918042607724e-05
0.00010057293528379549
0.00010074859521397257
0.00010095556938698304
0.00010123344339372791
0.0001012634288715891
0.00010127422799229821
0.00010130423763840946
0.00010133426507395958
0.00010134507930854537
0.00010137513096309921
0.00010140520044442355
0.00010141602982466996
0.00010142686151805053
0.00010309486546618431
0.00010312358374573417
0.00010315231802863319
0.00010365919007746994
0.00010535088314890129
0.00010538300259900191
0.00010591067704420119
0.00010608121385190125
0.00010611234706176639
0.00010614349855035649
0.00010617466833379125
0.00010620585642817705
0.00010623706284965443
0.00010626828761439052
0.00010629953073856575
0.00010852553038488001
0.00010873189246406287
0.00010987114763437591
0.00010990313261348521
0.00010993513621961158
0.00011088915650633411
0.00011092137344841772
0.00011095360911516806
0.00011096465303421446
0.00011099691386386764
0.00011102919345647236
0.00011106149182839134
0.00011109380899602549
0.00011112614497578133
0.00011133482028822668
0.00011153241629037845
0.00011278951332386233
0.0001128247251694928
0.00011292450470129321
0.00011527376864386106
0.0001154558479417
0.00011581099881070967
0.00011584432448503872
0.00011585543730533397
0.00011588878856208976
0.00011592215902499453
0.00011595554871064215
0.00011598895763566128
0.00011645897050125082
0.00011716657902556405
0.00011774308409803394
0.00011850396438160054
0.00011853790042488992
0.00011860216891328676
0.00011863614931481513
0.00011867014919215706
0.00011870889115875264
0.00012079366085048814
0.00012082808790902949
0.00012086253459602872
0.00012087369759379445
0.00012090817029358594
0.00012131990104920198
0.00012135447046169935
0.00012172311527978729
0.0001233149342309738
0.00012334407807143823
0.0001236013919688509
0.00012362474348191985
0.0001241385089643649
0.00012417364580965886
0.00012456033301254293
0.0001257092846524908
0.00012574473239126862
0.00012578020012578598
0.00012581568787297325
0.0001258511956497943
0.00012588672347316933
0.0001259222713601187
0.000125933447699477
0.00012594462602283832
0.00012595580633072042
0.00012599139324690495
0.0001260025818594326
0.0001260137724592334
0.00012602496504682235
0.00012603615962271915
0.00012671789706547798
0.00012709518684924924
0.00012749842287685585
0.00012822611746349182
0.0001287937074864387
0.00012880539934447587
0.00012881709332533407
0.000128828789429617
0.00012885720309838822
0.00012968625429673127
0.0001307835253243109
0.00013079463633757472
0.00013080574923880073
0.000130842276356403
0.0001308533973544103
0.00013161670398911593
0.00013177338023384591
0.0001317856193305635
0.00013180602287795413
0.00013182643274385874
0.00013205245569012904
0.00013235097445614077
0.0001323758333155079
0.00013267422571398762
0.00013292370698429697
0.0001329606975587179
0.00013335619060084956
0.00013339327850118112
0.00013399623939400947
0.00013402067973425472
0.00013403234758516922
0.0001347301083111055
0.00013564021419521543
0.00013593539183533328
0.00013594644270659959
0.00013595749537465663
0.00013596854983995615
0.00013597960610292167
0.00013599066416400822
0.00013737384031561257
0.00013754778018167059
0.0001375911991297834
0.00013775251875574338
0.00013778417916982896
0.0001378158541397179
0.00013905688349873387
0.000139924449791066
0.0001399861726199608
0.00014039130921173732
0.00014090463300988503
0.00014094313363279483
0.00014098165529984277
0.00014102019802831104
0.00014105876183548348
0.00014106970167908207
0.00014108064321960163
0.0001410915864574085
0.00014125427377117278
0.0001415675369987101
0.0001424355573689722
0.00014244769034742717
0.00014313986025610702
0.00014317226326848885
0.00014320468095361714
0.00014358397909273703
0.00014360846875100168
0.00014415077018838435
0.0001443371920230978
0.00014434864628179556
0.00014529157925132855
0.0001453265445323285
0.00014562378997984727
0.00014586841380081803
0.00014591455194640365
0.00014593397050938797
0.00014602241197816918
0.0001461915412748382
0.0001462310906213741
0.00014627066137093536
0.0001462814571102556
0.0001462922544431902
0.00014630305337009328
0.00014631385389130168
0.00014632465600716447
0.0001463354597180652
0.00014634626502432085
0.00014636946829231273
0.00014641932173821111
0.0001475238850161797
0.0001475566248762523
0.00014800817990134977
0.00014828948313365175
0.00014833552096645068
0.00014838158739196962
0.00014842768243685542
0.0001489912076734077
0.00014902450972421007
0.00014906468788386485
0.00014991287565845635
0.00014992421571416076
0.00015149500828850457
0.00015153556788681305
0.00015154617936443887
0.00015155679232824358
0.00015159738501822155
0.00015170789226864856
0.00015175552201482096
0.0001517681838999666
0.00015178084789808767
0.0001517935140096705
0.00015222064672605384
0.00015266811057157429
0.00015347359505804716
0.00015348548019099162
0.00015349736716473384
0.00015352863429138607
0.00015360774879498836
0.00015435516742794733
0.0001545343052517379
0.0001545754572003488
0.00015462377918271737
0.0001546578268798446
0.0001548848903102141
0.0001553417437522806
0.0001553919680468121
0.00015572461689808618
0.00015588024033597888
0.0001561482568072925
0.0001569657073678417
0.00015697610797270293
0.00015698650995586165
0.0001569969133175581
0.00015700731805811042
0.00015701772417777235
0.0001570593624536168
0.00015710102281720007
0.000157111441361222
0.0001571218612871098
0.00015713228259512003
0.00015714270528553476
0.0001571531293586314
0.00015716355481468
0.0001571739816539781
0.00015718440987677991
0.00015719483948336202
0.00015746764423774223
0.00015780514701019025
0.00015817250249566182
0.00015893827875005048
0.00015922906421853575
0.00015924078050367322
0.00015926260955397885
0.00015933179726126715
0.00016056101187123363
0.0001607681894865199
0.0001613919223406269
0.00016220457404642332
0.00016225040941463608
0.00016229292371378105
0.00016230304944967158
0.00016231317644906088
0.00016232330471220786
0.00016233343423935367
0.0001623435650306944
0.00016238612816562667
0.00016239626553474768
0.00016240640416956221
0.00016241654407029126
0.00016242668523718716
0.00016289770870718236
0.00016302104964671104
0.00016322864846797267
0.00016327899555190965
0.00016476011320576875
0.0001649826600774435
0.00016537975530788902
0.0001660939938936555
0.00016612086399456056
0.00016614774279014537
0.00016615835523531647
0.00016616896903617255
0.0001661795841930018
0.0001661902007060295
0.0001671506799498537
0.00016749812767454468
0.00016750791459168308
0.00016751770265253024
0.00016752749185724113
0.00016753728220604815
0.00016832287172544803
0.00016860599595777312
0.00016865738430937223
0.00016887808722593277
0.000170796437636309
0.00017130151557925226
0.00017131175198527526
0.0001713219896146626
0.00017133222846762655
0.0001713424685443955
0.0001713783502708462
0.00017141424702764676
0.00017243680501642167
0.00017264258217359043
0.00017265197581956264
0.0001726613704877258
0.00017267076617827923
0.0001726801628913784
0.00017268956062717903
0.0001726989593858705
0.00017270835916760298
0.00017403719677629785
0.00017409776354030077
0.00017532314050140995
0.00017533386316343603
0.00017579080204498815
0.00017671336850599696
0.0001767496703757507
0.00017732376813333885
0.000177467610546555
0.00017773100237954563
0.0001777399501945229
0.00017774889891041055
0.00017779365600924
0.0001778384356515897
0.00017784739428662258
0.00017785635382423947
0.00017786531426453825
0.00017787427560766726
0.0001778832378537651
0.00017789220100295554
0.00017793703030102238
0.00017798188219719143
0.00017799085528953852
0.00017799982928665004
0.00017800880418864244
0.00017853838319008397
0.00017857678548678242
0.00018021024073785842
0.00018238779929051022
0.0001824106483561605
0.00018243764106042987
0.0001824764693214044
0.00018251531411219452
0.00018298656806454796
0.00018299503947374145
0.00018300351166729642
0.00018301198464531224
0.00018305744401112543
0.0001831029259645069
0.0001831484305222917
0.0001831569169241708
0.00018316540411246989
0.00018317389208730574
0.00018321943192627885
0.00018322792490891066
0.00018323641867889733
0.00018324491323631908
0.00018358128619972355
0.00018360874843299248
0.00018424844078954484
0.00018459381925923688
0.00018465144804382454
0.00018470911281918135
0.00018525131273041274
0.00018528939850029287
0.0001853274999321853
0.00018546531222846097
0.00018559455747368568
0.0001862567588461155
0.00018630056911745903
0.00018710202470774453
0.00018715150006831408
0.0001877064125001394
0.00018777126113329626
0.00018783615458584072
0.00018790109290424127
0.00018796607613507876
0.0001888792283188782
0.00018892563813597294
0.00018893364213342522
0.0001889416468090654
0.00018894965216293877
0.00018899609659572012
0.00018900410656397994
0.0001890505777717701
0.00018905859235839563
0.00018906660762455424
0.00018907462357028304
0.000189121129462474
0.0001891291500317667
0.00018913717128133918
0.00018914519321125482
0.00018915321582161292
0.00018916123911251728
0.0001891692630840311
0.00018917728773623608
0.0001891853130692423
0.00018919333908314122
0.00018923990339579912
0.0001892479340419499
0.00018925596536964524
0.0001894841092041174
0.00018952601007085976
0.0001908061627678359
0.0001911496003036832
0.00019168495873895578
0.00019181386683391413
0.00019262427795473677
0.00019345702882725066
0.00019350403637014956
0.00019355106676103914
0.00019359812001661385
0.00019364519615352451
0.00019450244381351986
0.0001945098926763127
0.00019451734210963663
0.00019452479211352677
0.00019453224268805634
0.00019453969383329125
0.00019454714554928765
0.00019455459783614546
0.000194562050693883
0.00019456950412261725
0.00019457695812237285
0.00019458441269322902
0.00019463163824261153
0.00019463909700355417
0.00019464655633612504
0.00019465401624042225
0.00019466147671651094
0.0001946689377644195
0.00019467639938426266
0.00019468386157606024
0.0001946913243399142
0.00019469878767587853
0.00019470625158401006
0.00019471371606438547
0.00019476100440051186
0.0001948083157091673
0.00019481578801676424
0.00019482326089754196
0.00019483073435160668
0.0001948382083789965
0.000195162560697832
0.00019585766120577277
0.00019662461276478605
0.00019679515859174503
0.00019702041698401658
0.0001984139155795049
0.0001991592856716728
0.0001991670954652127
0.00019917490587124066
0.00019918271688981797
0.00019919052852101175
0.00019919834076488594
0.0001999003761906723
0.00019990720343135865
0.00019991403113837477
0.00019992085931174575
0.00019992768795155352
0.00019993451705780591
0.00019994134663057155
0.00019994817666988773
0.00019995500717582464
0.0001999618381483937
0.0001999686695876712
0.0001999755014937086
0.0001999823338665352
0.0001999891667062109
0.00020035837672934242
0.00020154027833813425
0.00020162348209799602
0.00020166640455121043
0.00020170429248192033
0.00020208344624968877
0.00020300596302078356
0.00020317317918816538
0.00020386026605716603
0.00020390846314191519
0.00020453846099489163
0.00020458349986521637
0.0002051403795116567
0.00020525528300023666
0.00020526143465088604
0.00020530978188224445
0.00020531593679982055
0.00020532209208639845
0.00020532824774203507
0.0002053344037667374
0.0002053405601605509
0.00020534671692351865
0.00020535287405564785
0.00020535903155700152
0.00020536518942757405
0.00020537134766743264
0.00020537750627661603
0.00020538366525511432
0.0002053898246030009
0.00020539598432030396
0.00020540214440704306
0.00020540830486323976
0.00020541446568897193
0.00020542062688421497
0.0002062231636154714
0.0002081347022458909
0.00020817550811970016
0.0002085726222412798
0.00020936505844875336
0.0002094000116659907
0.00020944871595610017
0.00020949744290557677
0.00020953244033913718
0.00020953994131027011
0.0002097097245567646
0.0002101007828794054
0.00021017078378182075
0.000210676087296424
0.0002106815160298325
0.000210730387223273
0.00021073581875524474
0.00021074125056718567
0.00021074668265912093
0.00021075211503107514
0.00021075754768308026
0.0002107629806151393
0.00021076841382727753
0.0002107738473195249
0.00021077928109189482
0.00021078471514440444
0.00021079014947708233
0.00021083907108337456
0.00021084450821893847
0.00021084994563491647
0.00021085538333132222
0.00021086082130817484
0.00021086625956548977
0.00021087169810331561
0.00021087713692164136
0.0002108825760205153
0.00021088801539995554
0.00021089345505996082
0.00021089889500058514
0.00021090433522181598
0.00021122606716010296
0.0002114436501646841
0.00021202012387062263
0.00021264653736027732
0.00021337390369768628
0.000213450649421427
0.00021378956404385165
0.00021379981326541606
0.00021381006346964795
0.00021410451583111844
0.00021477242511786857
0.00021523634019227677
0.00021524310461774735
0.00021524986946840072
0.000215673879478294
0.0002156795688125041
0.0002156852584468701
0.00021609119469155968
0.00021609584837822463
0.00021610050226530448
0.00021610515635281285
0.00021610981064079936
0.00021611446512922192
0.00021611911981814653
0.00021612377470754676
0.00021612842979746528
0.00021613308508789213
0.00021613774057883608
0.00021614239627034868
0.00021614705216238845
0.00021615170825502793
0.00021615636454822584
0.00021616102104202547
0.0002161656777364321
0.00021617033463146112
0.00021617499172711454
0.00021617964902343435
0.00021618430652039846
0.00021618896421802966
0.0002161936221163516
0.000216198280215377
0.00021620293851511307
0.00021620759701556892
0.00021621225571676376
0.00021820954718499395
0.0002182230345563704
0.00021866284232275148
0.00021871031932851813
0.0002188417692723486
0.0002189057288727444
0.00021957221647191986
0.00021997897728411186
0.00022002471466252277
0.0002200660755535866
0.00022009089955229332
0.00022012400692955842
0.00022015712426774633
0.0002208596554574348
0.00022086562165159069
0.00022118538847293632
0.00022119026414065747
0.0002212624491629083
0.00022133468131076036
0.000221640765702528
0.0002216445971505699
0.00022164842873108505
0.00022165226044403981
0.00022165609228949628
0.00022165992426740168
0.00022166375637780632
0.00022166758862068872
0.00022167142099607304
0.00022167525350395408
0.00022167908614435244
0.0002216829189172697
0.00022168675182271448
0.00022169058486068497
0.00022169441803119653
0.00022169825133425526
0.00022170208476985812
0.00022210763952245193
0.0002221289247807777
0.00022215973961747736
0.00022218103486228334
0.0002228198768740234
0.00022286979336347745
0.0002235091766130566
0.00022469280970104145
0.00022555855695037636
0.00022597246139066863
0.00022600548465766775
0.00022604704376892097
0.00022653618781459284
0.00022657131133554083
0.0002265764273198356
0.0002265815435351477
0.00022658665998151408
0.0002265917766589027
0.00022680674819590602
0.00022681076031451123
0.00022701606890578025
0.0002270190193957096
0.00022702196996230605
0.00022702492060561118
0.00022702787132560401
0.00022703082212229372
0.0002270337729956778
0.0002270367239457652
0.0002270396749725536
0.00022704262607606043
0.00022704557725627218
0.0002270485285131894
0.00022705147984683095
0.00022705443125719562
0.00022705738274428325
0.0002270603343081096
0.00022706328594864752
0.0002271055236889653
0.00022781631166714792
0.00022818252955068572
0.00022884621549947647
0.00022921775039831124
0.0002302585942423589
0.0002303551409806924
0.0002304055245379684
0.00023045593013768656
0.0002305216643445196
0.00023166966662732555
0.00023197211577878193
0.0002320998841961742
0.00023220382857504196
0.00023234829300043645
0.0002323945766062493
0.00023244087865314193
0.00023256594055412908
0.00023257015899527564
0.000232679732174769
0.00023271689323311974
0.00023285337695019332
0.00023285540326649354
0.00023285742961806145
0.00023285945600490796
0.0002328614824270089
0.00023286350888437679
0.0002328655353770051
0.00023286756190490733
0.00023286958846808968
0.00023287161506651711
0.0002328736417002294
0.00023287566836921347
0.00023287769507348077
0.00023292837414712754
0.00023293040176879093
0.00023293242942575406
0.00023293445711799327
0.00023293648484554505
0.00023293851260840424
0.0002329405404065616
0.00023294256824000492
0.00023294459610876384
0.0002329466240128273
0.00023294865195219952
0.00023336274742832678
0.00023502124736157453
0.0002350719928720833
0.00023536914312369129
0.00023560040856842506
0.0002367336641149797
0.000237138981337528
0.00023813279280100288
0.0002381424810287546
0.00023816622051851108
0.00023816725879661243
0.00023821814551537663
0.00023821918424622105
0.000238220222986115
0.0002382212617350647
0.00023822230049306179
0.00023822333926012103
0.0002382243780362429
0.00023822541682142807
0.000238226455615665
0.00023822749441896024
0.00023822853323131741
0.00023822957205274587
0.0002382306108832204
0.00023823164972273906
0.00023823268857133247
0.00023823372742898353
0.00023823476629569558
0.0002382358051714744
0.00023823684405629744
0.00023823788295018473
0.0002382389218531453
0.00023823996076514727
0.0002382409996862121
0.00023824203861634967
0.0002382430775555298
0.00023824411650378105
0.00023824515546109486
0.00023824619442746041
0.00023824723340290686
0.00023991470280629266
0.00024067777918097494
0.00024118457636984627
0.0002425696749191676
0.00024373340882857033
0.0002441537301354512
0.0002449898190783006
0.00024519794299286885
0.00024573636622585057
0.00024590046449309797
0.000246648622834976
0.000247215267844767
0.00024723329032858476
0.0002484907395942191
0.0002487568495350653
0.00024883346321836607
0.0002489101241028739
0.0002489868322322078
0.0002510168183127852
0.0002510357766291536
0.00025182575359558476
0.0002522154907639818
0.0002528633575113981
0.00025291455715329537
0.0002543625618807864
0.00025502226804174325
0.00025504497896264197
0.00025545719949774575
0.0002570157046562653
0.0002571124047631034
0.00025776336935852206
0.0002577986253273139
0.00025797480344943183
0.00025801275945623305
0.0002584349206092665
0.00025972702468207183
0.00025975146068894653
0.0002611083974538822
0.0002611695595000675
0.0002617155221567928
0.0002634187108259451
0.0002638473891218561
0.00026386310005259016
0.0002650495213723385
0.00026510065039346065
0.0002667922864358882
0.00026883300960166056
0.0002691512052548686
0.0002691841066352811
0.0002691989148804741
0.00027027891067323364
0.0002703577977191829
0.00027043673082298366
0.0002725200199879357
0.0002725291626658826
0.0002725696590428243
0.0002726562831638301
0.0002738046256870548
0.0002738452947487983
0.0002746304146242213
0.00027508223379460597
0.00027583775993529397
0.0002767094929754576
0.00027954591372933424
0.00028103693531421304
0.0002810752501214317
0.00028114336190670006
0.0002826624067368962
0.0002832390497778028
0.0002832849833335043
0.00028427620558282667
0.00028446235981210007
0.0002857329691538993
0.0002857753703931305
0.0002858195451214919
0.0002859262061002425
0.000286646909117332
0.0002886360755637994
0.0002894081292168372
0.0002898205975344349
0.00029124173405257976
0.000291457372904464
0.00029146423669663263
0.00029147110081202807
0.0002928890130642984
0.00029634011942538134
0.0002965865665286098
0.000296596143208078
0.00029664586067205934
0.0002966755166339567
0.0002972412773264188
0.00029726008115417207
0.0002972788873608684
0.00029729769594695357
0.0003019281450770696
0.00030236551033547095
0.00030238327694897345
0.0003071678069502698
0.0003106079762741187
0.00032269593058788286
0.00032270526988422685
0.00032271460972108383
0.00032416510099521177
0.0003328598249472961
0.00033290499698293596
0.00033796124303650993
0.00033797041644418447
0.0003480716836656047
0.00036052537452073533
0.0004843579549925644
0.00048435795499255697
0.00048435795499255155
0.0004843579549925607
0.0004843579549925547
0.0004843579549925637
0.0004843579549925554
0.0004843579549925514
0.00048435795499256066
0.0004843579549925546
0.0004843579549925637
0.0004843579549925553
0.0004843579549925514
0.0004843579549925606
0.0004843579549925546
0.0004843579549925636
0.0004843579549925553
0.0004843579549925514
0.0004843579549925606
0.0004843579549925546
0.00048435795499256353
0.00048435795499255485
0.00048435795499255155
0.00048435795499256066
0.0004843579549925546
0.0004843579549925636
0.0004843579549925553
0.00048435795499255095
0.00048435795499256066
0.0004843579549925546
0.0004843579549925636
0.0004843579549925553
0.00048435795499255095
0.00048435795499256066
0.0004843579549925546
0.0004843579549925636
0.0004843579549925553
0.00048435795499255095
0.00048435795499256066
0.0004843579549925546
0.0004843579549925636
0.0004843579549925553
0.00048435795499255095
0.00048435795499256066
0.0004843579549925546
0.0004843579549925636
0.0004843579549925553
0.00048435795499255095
0.0004843579549925606
0.0004843579549925546
0.00048435795499256353
0.00048435795499255485
0.0004843579549925514
0.0004843579549925606
0.0004843579549925546
0.00048435795499256353
0.00048435795499255485
0.0004843579549925514
0.0004843579549925606
0.0004843579549925546
0.00048435795499256353
0.00048435795499255485
0.0004843579549925514
0.0004843579549925606
0.0004843579549925546
0.00048435795499256353
0.00048435795499255485
0.0004843579549925514
0.0004843579549925606
0.0004843579549925544
0.00048435795499256353
0.00048435795499255485
0.0004843579549925514
0.0004843579549925606
0.00048435795499255437
0.0004843579549925631
0.0004843579549925548
0.0004843579549925637
0.0004843579549925553
0.00048435795499255095
0.0004843579549925606
0.0004843579549925544
0.00048435795499256353
0.0004843579549925548
0.0004843579549925637
0.0004843579549925553
0.00048435795499255095
0.0004843579549925606
0.0004843579549925546
0.00048435795499256353
0.0004843579549925548
0.0004843579549925637
0.0004843579549925553
0.00048435795499255095
0.0004843579549925606
0.0004843579549925546
0.00048435795499256353
0.0004843579549925548
0.0004843579549925637
0.0004843579549925553
0.00048435795499255095
0.0004843579549925606
0.0004843579549925546
0.00048435795499256353
0.0004843579549925548
0.0004843579549925637
0.0004843579549925553
0.00048435795499255095
0.0004843579549925606
0.0004843579549925546
0.00048435795499256353
0.0004843579549925548
0.0004843579549925637
0.0004843579549925553
0.00048435795499255095
0.0004843579549925606
0.0004843579549925546
0.00048435795499256353
0.0004843579549925548
0.0004843579549925637
0.0004843579549925553
0.00048435795499255095
0.0004843579549925606
0.0004843579549925546
0.00048435795499256353
0.0004843579549925548
0.0004843579549925637
0.0004843579549925553
0.00048435795499255095
0.0004843579549925606
0.0004843579549925546
0.00048435795499256353
0.0004843579549925548
0.0004843579549925637
0.0004843579549925553
0.00048435795499255095
0.0004843579549925606
0.0004843579549925546
0.00048435795499256353
0.00048435795499255485
0.0004843579549925514
0.0004843579549925606
0.00048435795499255437
0.0004843579549925631
0.0004843579549925548
0.0004843579549925637
0.0004843579549925553
0.00048435795499255095
0.0004843579549925606
0.0004843579549925546
0.00048435795499256353
0.0004843579549925548
0.0004843579549925637
0.0004843579549925553
0.00048435795499255095
0.0004843579549925606
0.0004843579549925546
0.00048435795499256353
0.0004843579549925548
0.0004843579549925637
0.0004843579549925553
0.00048435795499255095
0.0004843579549925606
0.0004843579549925546
0.00048435795499256353
0.00048435795499255485
0.00048435795499255095
0.0004843579549925606
0.0004843579549925546
0.00048435795499256353
0.0004843579549925548
0.0004843579549925637
0.0004843579549925553
0.00048435795499255095
0.0004843579549925606
0.0004843579549925546
0.00048435795499256353
0.00048435795499255485
0.00048435795499255095
0.0004843579549925606
0.0004843579549925546
0.00048435795499256353
0.0004843579549925548
0.0004843579549925637
0.0004843579549925553
0.0004843579549925514
0.0004843579549925606
0.0004843579549925544
0.00048435795499256353
0.00048435795499255485
0.00048435795499255095
0.0004843579549925606
0.0004843579549925546
0.00048435795499256353
0.00048435795499255485
0.00048435795499255095
0.0004843579549925606
0.0004843579549925546
0.00048435795499256353
0.00048435795499255485
0.0004843579549925514
0.0004843579549925606
0.0004843579549925544
0.00048435795499256353
0.00048435795499255485
0.00048435795499255095
0.0004843579549925606
0.0004843579549925546
0.00048435795499256353
0.00048435795499255485
0.0004843579549925514
0.0004843579549925606
0.0004843579549925544
0.00048435795499256353
0.00048435795499255485
0.00048435795499255095
0.0004843579549925606
0.0004843579549925546
0.00048435795499256353
0.00048435795499255485
0.0004843579549925514
0.0004843579549925606
0.0004843579549925544
0.00048435795499256353
0.00048435795499255485
0.00048435795499255095
0.0004843579549925606
0.0004843579549925546
0.00048435795499256353
0.00048435795499255485
0.00048435795499255095
0.0004843579549925606
0.0004843579549925546
0.00048435795499256353
0.00048435795499255485
0.00048435795499255095
0.0004843579549925606
0.0004843579549925546
0.00048435795499256353
0.00048435795499255485
0.00048435795499255095
0.0004843579549925606
0.0004843579549925546
0.00048435795499256353
0.00048435795499255485
0.00048435795499255095
0.0004843579549925606
0.0004843579549925546
0.00048435795499256353
0.00048435795499255485
0.00048435795499255095
0.0004843579549925606
0.0004843579549925546
0.00048435795499256353
0.00048435795499255485
0.0004843579549925514
0.0004843579549925606
0.0004843579549925544
0.00048435795499256353
0.00048435795499255485
0.00048435795499255095
0.0004843579549925606
0.0004843579549925546
0.00048435795499256353
0.00048435795499255485
0.0004843579549925514
0.0004843579549925606
0.0004843579549925544
0.00048435795499256353
0.00048435795499255485
0.00048435795499255095
0.0004843579549925606
0.0004843579549925546
0.00048435795499256353
0.00048435795499255485
0.0004843579549925514
0.0004843579549925606
0.0004843579549925544
0.00048435795499256353
0.00048435795499255485
0.00048435795499255095
0.0004843579549925606
0.0004843579549925546
0.00048435795499256353
0.00048435795499255485
0.0004843579549925514
0.0004843579549925606
0.0004843579549925544
0.00048435795499256353
0.00048435795499255485
0.00048435795499255095
0.0004843579549925606
0.0004843579549925546
0.00048435795499256353
0.00048435795499255485
0.0004843579549925514
0.0004843579549925606
0.0004843579549925544
0.00048435795499256353
0.00048435795499255485
0.00048435795499255095
0.0004843579549925606
0.0004843579549925546
0.00048435795499256353
0.00048435795499255485
0.0004843579549925514
0.0004843579549925606
0.0004843579549925544
0.00048435795499256353
0.00048435795499255485
0.00048435795499255095
0.0004843579549925606
0.0004843579549925546
0.00048435795499256353
0.00048435795499255485
0.0004843579549925514
0.0004843579549925606
0.0004843579549925544
0.00048435795499256353
0.00048435795499255485
0.00048435795499255095
0.0004843579549925606
0.0004843579549925546
0.00048435795499256353
0.00048435795499255485
0.0004843579549925514
0.0004843579549925606
0.0004843579549925544
0.00048435795499256353
0.00048435795499255485
0.00048435795499255095
0.0004843579549925606
0.0004843579549925546
0.00048435795499256353
0.00048435795499255485
0.0004843579549925514
0.0004843579549925606
0.0004843579549925544
0.00048435795499256353
0.00048435795499255485
0.00048435795499255095
0.0004843579549925606
0.0004843579549925546
0.00048435795499256353
0.00048435795499255485
0.0004843579549925514
0.0004843579549925606
0.0004843579549925544
0.00048435795499256353
0.00048435795499255485
0.00048435795499255095
0.0004843579549925606
0.0004843579549925546
0.00048435795499256353
0.00048435795499255485
0.0004843579549925514
0.0004843579549925606
0.0004843579549925544
0.00048435795499256353
0.00048435795499255485
0.00048435795499255095
0.0004843579549925606
0.0004843579549925546
0.00048435795499256353
0.00048435795499255485
0.0004843579549925514
0.0004843579549925606
0.0004843579549925544
0.00048435795499256353
0.00048435795499255485
0.00048435795499255095
0.0004843579549925606
0.0004843579549925546
0.00048435795499256353
0.00048435795499255485
0.0004843579549925514
0.0004843579549925606
0.0004843579549925544
0.00048435795499256353
0.00048435795499255485
0.00048435795499255095
0.0004843579549925606
0.0004843579549925546
0.00048435795499256353
0.00048435795499255485
0.0004843579549925514
0.0004843579549925606
0.0004843579549925544
0.00048435795499256353
0.00048435795499255485
0.00048435795499255095
0.0004843579549925606
0.0004843579549925546
0.00048435795499256353
0.00048435795499255485
0.0004843579549925514
0.0004843579549925606
0.0004843579549925544
0.00048435795499256353
0.00048435795499255485
0.00048435795499255095
0.0004843579549925606
0.0004843579549925546
0.00048435795499256353
0.00048435795499255485
0.00048435795499255095
0.0004843579549925606
0.0004843579549925546
0.00048435795499256353
0.00048435795499255485
0.00048435795499255095
0.0004843579549925606
0.0004843579549925546
0.00048435795499256353
0.00048435795499255485
0.00048435795499255095
0.0004843579549925606
0.0004843579549925546
0.00048435795499256353
0.00048435795499255485
0.00048435795499255095
0.0004843579549925606
0.0004843579549925546
0.00048435795499256353
0.00048435795499255485
0.00048435795499255095
0.0004843579549925606
0.0004843579549925546
0.00048435795499256353
0.00048435795499255485
0.00048435795499255095
0.0004843579549925606
0.0004843579549925546
0.00048435795499256353
0.00048435795499255485
0.00048435795499255095
0.0004843579549925606
0.0004843579549925546
0.00048435795499256353
0.00048435795499255485
0.00048435795499255095
0.0004843579549925606
0.0004843579549925546
0.00048435795499256353
0.00048435795499255485
0.00048435795499255095
0.0004843579549925606
0.0004843579549925546
0.00048435795499256353
0.00048435795499255485
0.00048435795499255095
0.0004843579549925606
0.0004843579549925546
0.00048435795499256353
0.00048435795499255485
0.00048435795499255095
0.0004843579549925606
0.0004843579549925546
0.00048435795499256353
0.0004843579549925548
0.0004843579549925637
0.0004843579549925553
0.00048435795499255095
0.0004843579549925606
0.0004843579549925546
0.00048435795499256353
0.00048435795499255485
0.00048435795499255095
0.0004843579549925606
0.0004843579549925546
0.00048435795499256353
0.0004843579549925548
0.0004843579549925637
0.0004843579549925553
0.00048435795499255095
0.0004843579549925606
0.0004843579549925546
0.00048435795499256353
0.0004843579549925548
0.0004843579549925637
0.0004843579549925553
0.00048435795499255095
0.0004843579549925606
0.0004843579549925544
0.00048435795499256353
0.0004843579549925548
0.0004843579549925637
0.0004843579549925553
0.00048435795499255095
0.0004843579549925606
0.0004843579549925546
0.00048435795499256353
0.00048435795499255485
0.00048435795499255095
0.0004843579549925606
0.0004843579549925546
0.00048435795499256353
0.00048435795499255485
0.00048435795499255095
0.0004843579549925606
0.0004843579549925546
0.00048435795499256353
0.00048435795499255485
0.00048435795499255095
0.0004843579549925606
0.0004843579549925546
0.00048435795499256353
0.0004843579549925548
0.0004843579549925637
0.0004843579549925553
0.00048435795499255095
0.0004843579549925606
0.0004843579549925546
0.00048435795499256353
0.00048435795499255485
0.00048435795499255095
0.0004843579549925606
0.0004843579549925546
0.00048435795499256353
0.0004843579549925548
0.0004843579549925637
0.0004843579549925553
0.00048435795499255095
0.0004843579549925606
0.0004843579549925546
0.00048435795499256353
0.00048435795499255485
0.00048435795499255095
0.0004843579549925606
0.0004843579549925546
0.00048435795499256353
0.0004843579549925548
0.0004843579549925637
0.0004843579549925553
0.00048435795499255095
0.0004843579549925606
0.0004843579549925546
0.00048435795499256353
0.00048435795499255485
0.0004843579549925514
0.0004843579549925606
0.0004843579549925546
0.00048435795499256353
0.00048435795499255485
0.0004843579549925514
0.0004843579549925606
0.0004843579549925546
0.00048435795499256353
0.00048435795499255485
0.00048435795499255095
0.00048435795499256066
0.0004843579549925546
0.00048435795499256353
0.00048435795499255485
0.00048435795499255095
0.00048435795499256066
0.0004843579549925546
0.00048435795499256353
0.00048435795499255485
0.00048435795499255095
0.00048435795499256066
0.0004843579549925546
0.00048435795499256353
0.00048435795499255485
0.00048435795499255095
0.00048435795499256066
0.0004843579549925546
0.00048435795499256353
0.00048435795499255485
0.00048435795499255095
0.00048435795499256066
0.0004843579549925546
0.00048435795499256353
0.00048435795499255485
0.00048435795499255095
0.0004843579549925607
0.0004843579549925546
0.00048435795499256353
0.00048435795499255485
0.0004843579549925514
0.0004843579549925606
0.0004843579549925546
0.00048435795499256353
0.00048435795499255485
0.00048435795499255095
0.0004843579549925607
0.0004843579549925546
0.00048435795499256353
0.00048435795499255485
0.0004843579549925514
0.0004843579549925606
0.0004843579549925546
0.00048435795499256353
0.00048435795499255485
0.00048435795499255095
0.00048435795499256066
0.0004843579549925546
0.00048435795499256353
0.00048435795499255485
0.00048435795499255095
0.0004843579549925607
0.0004843579549925546
0.00048435795499256353
0.00048435795499255485
0.0004843579549925514
0.0004843579549925606
0.0004843579549925546
0.00048435795499256353
0.00048435795499255485
0.00048435795499255095
0.00048435795499256066
0.0004843579549925546
0.00048435795499256353
0.00048435795499255485
0.00048435795499255095
0.00048435795499256066
0.0004843579549925546
0.0004843579549925631
0.0004843579549925548
0.0004843579549925637
0.0004843579549925553
0.00048435795499255095
0.0004843579549925606
0.0004843579549925546
0.00048435795499256353
0.00048435795499255485
0.00048435795499255095
0.00048435795499256066
0.0004843579549925546
0.0004843579549925631
0.0004843579549925548
0.0004843579549925637
0.0004843579549925553
0.00048435795499255095
0.0004843579549925606
0.0004843579549925546
0.00048435795499256353
0.00048435795499255485
0.00048435795499255095
0.00048435795499256066
0.0004843579549925546
0.0004843579549925631
0.0004843579549925548
0.0004843579549925637
0.0004843579549925553
0.00048435795499255095
0.0004843579549925606
0.0004843579549925546
0.00048435795499256353
0.00048435795499255485
0.00048435795499255095
0.0004843579549925606
0.0004843579549925546
0.00048435795499256353
0.00048435795499255485
0.00048435795499255095
0.0004843579549925606
0.0004843579549925546
0.00048435795499256353
0.00048435795499255485
0.00048435795499255095
0.0004843579549925606
0.0004843579549925546
0.00048435795499256353
0.00048435795499255485
0.00048435795499255095
0.0004843579549925606
0.0004843579549925546
0.0004843579549925631
0.0004843579549925548
0.0004843579549925636
0.00048435795499255485
0.00048435795499255095
0.00048435795499256066
0.0004843579549925546
0.0004843579549925631
0.0004843579549925548
0.0004843579549925636
0.00048435795499255485
0.00048435795499255095
0.00048435795499256066
0.0004843579549925546
0.0004843579549925631
0.0004843579549925547
0.00048435795499256353
0.00048435795499255485
0.00048435795499255095
0.00048435795499256066
0.0004843579549925546
0.0004843579549925631
0.0004843579549925548
0.00048435795499256353
0.00048435795499255485
0.00048435795499255095
0.0004843579549925606
0.0004843579549925546
0.0004843579549925631
0.0004843579549925547
0.00048435795499256353
0.00048435795499255485
0.00048435795499255095
0.0004843579549925606
0.0004843579549925546
0.0004843579549925631
0.0004843579549925547
0.00048435795499256353
0.00048435795499255485
0.00048435795499255095
0.0004843579549925606
0.0004843579549925546
0.0004843579549925631
0.0004843579549925547
0.00048435795499256353
0.00048435795499255485
0.00048435795499255095
0.0004843579549925606
0.0004843579549925544
0.0004843579549925631
0.0004843579549925547
0.00048435795499256353
0.00048435795499255485
0.00048435795499255095
0.0004843579549925606
0.0004843579549925546
0.0004843579549925631
0.0004843579549925547
0.00048435795499256353
0.00048435795499255485
0.00048435795499255095
0.0004843579549925606
0.0004843579549925544
0.000484357954992563
0.0004843579549925547
0.00048435795499256353
0.00048435795499255485
0.00048435795499255095
0.0004843579549925606
0.0004843579549925544
0.0004843579549925631
0.0004843579549925547
0.00048435795499256353
0.00048435795499255485
0.00048435795499255095
0.00048435795499256066
0.0004843579549925546
0.0004843579549925631
0.0004843579549925547
0.0004843579549925636
0.00048435795499255485
0.0004843579549925514
0.0004843579549925606
0.0004843579549925546
0.0004843579549925631
0.0004843579549925548
0.0004843579549925637
0.0004843579549925553
0.00048435795499255095
0.0004843579549925606
0.0004843579549925546
0.0004843579549925631
0.0004843579549925548
0.0004843579549925637
0.0004843579549925553
0.00048435795499255095
0.00048435795499256066
0.0004843579549925546
0.0004843579549925631
0.0004843579549925548
0.0004843579549925637
0.0004843579549925553
0.00048435795499255095
0.00048435795499256066
0.0004843579549925546
0.0004843579549925631
0.0004843579549925548
0.0004843579549925637
0.0004843579549925553
0.00048435795499255095
0.0004843579549925607
0.0004843579549925546
0.00048435795499256353
0.00048435795499255485
0.00048435795499255095
0.0004843579549925607
0.0004843579549925546
0.00048435795499256353
0.00048435795499255485
0.00048435795499255095
0.0004843579549925607
0.0004843579549925546
0.00048435795499256353
0.00048435795499255485
0.0004843579549925514
0.00048435795499256066
0.0004843579549925546
0.00048435795499256353
0.00048435795499255485
0.0004843579549925514
0.00048435795499256066
0.0004843579549925546
0.00048435795499256353
0.00048435795499255485
0.0004843579549925514
0.00048435795499256066
0.0004843579549925546
0.00048435795499256353
0.00048435795499255485
0.0004843579549925514
0.00048435795499256066
0.0004843579549925546
0.00048435795499256353
0.00048435795499255485
0.0004843579549925514
0.00048435795499256066
0.0004843579549925546
0.00048435795499256353
0.00048435795499255485
0.0004843579549925514
0.00048435795499256066
0.0004843579549925546
0.00048435795499256353
0.00048435795499255485
0.0004843579549925514
0.00048435795499256066
0.0004843579549925546
0.00048435795499256353
0.00048435795499255485
0.0004843579549925514
0.00048435795499256066
0.0004843579549925546
0.00048435795499256353
0.00048435795499255485
0.0004843579549925514
0.00048435795499256066
0.0004843579549925546
0.00048435795499256353
0.00048435795499255485
0.0004843579549925514
0.00048435795499256066
0.0004843579549925546
0.00048435795499256353
0.00048435795499255485
0.0004843579549925514
0.00048435795499256066
0.0004843579549925546
0.00048435795499256353
0.00048435795499255485
0.0004843579549925514
0.00048435795499256066
0.0004843579549925546
0.00048435795499256353
0.00048435795499255485
0.0004843579549925514
0.00048435795499256066
0.0004843579549925546
0.00048435795499256353
0.00048435795499255485
0.0004843579549925514
0.00048435795499256066
0.0004843579549925546
0.00048435795499256353
0.00048435795499255485
0.0004843579549925514
0.00048435795499256066
0.0004843579549925546
0.00048435795499256353
0.00048435795499255485
0.0004843579549925514
0.00048435795499256066
0.0004843579549925546
0.00048435795499256353
0.00048435795499255485
0.0004843579549925514
0.00048435795499256066
0.0004843579549925546
0.00048435795499256353
0.00048435795499255485
0.0004843579549925514
0.0004843579549925607
0.0004843579549925546
0.00048435795499256353
0.00048435795499255485
0.0004843579549925514
0.0004843579549925607
0.0004843579549925546
0.00048435795499256353
0.00048435795499255485
0.0004843579549925514
0.0004843579549925607
0.0004843579549925546
0.00048435795499256353
0.00048435795499255485
0.0004843579549925514
0.0004843579549925607
0.0004843579549925546
0.00048435795499256353
0.00048435795499255485
0.0004843579549925514
0.0004843579549925607
0.0004843579549925546
0.00048435795499256353
0.00048435795499255485
0.0004843579549925514
0.0004843579549925607
0.0004843579549925546
0.00048435795499256353
0.00048435795499255485
0.0004843579549925514
0.0004843579549925607
0.0004843579549925546
0.00048435795499256353
0.00048435795499255485
0.0004843579549925514
0.0004843579549925607
0.0004843579549925546
0.00048435795499256353
0.00048435795499255485
0.0004843579549925514
0.0004843579549925607
0.0004843579549925546
0.00048435795499256353
0.0004843579549925553
0.00048435795499255095
0.00048435795499256066
0.0004843579549925546
0.00048435795499256353
0.00048435795499255485
0.0004843579549925514
0.0004843579549925607
0.0004843579549925546
0.00048435795499256353
0.0004843579549925553
0.00048435795499255095
0.00048435795499256066
0.0004843579549925546
0.00048435795499256353
0.00048435795499255485
0.0004843579549925514
0.0004843579549925607
0.0004843579549925546
0.00048435795499256353
0.00048435795499255485
0.0004843579549925514
0.00048435795499256066
0.0004843579549925546
0.00048435795499256353
0.00048435795499255485
0.0004843579549925514
0.0004843579549925607
0.0004843579549925546
0.00048435795499256353
0.00048435795499255485
0.0004843579549925514
0.0004843579549925607
0.0004843579549925546
0.00048435795499256353
0.00048435795499255485
0.0004843579549925514
0.0004843579549925607
0.0004843579549925546
0.00048435795499256353
0.00048435795499255485
0.0004843579549925514
0.0004843579549925607
0.0004843579549925546
0.00048435795499256353
0.00048435795499255485
0.0004843579549925514
0.0004843579549925607
0.0004843579549925546
0.00048435795499256353
0.00048435795499255485
0.0004843579549925514
0.0004843579549925607
0.0004843579549925546
0.00048435795499256353
0.00048435795499255485
0.0004843579549925514
0.0004843579549925607
0.0004843579549925546
0.00048435795499256353
0.00048435795499255485
0.0004843579549925514
0.0004843579549925607
0.0004843579549925546
0.00048435795499256353
0.00048435795499255485
0.0004843579549925514
0.0004843579549925607
0.0004843579549925546
0.00048435795499256353
0.00048435795499255485
0.0004843579549925514
0.0004843579549925607
0.0004843579549925546
0.00048435795499256353
0.00048435795499255485
0.0004843579549925514
0.0004843579549925607
0.0004843579549925546
0.00048435795499256353
0.0004843579549925553
0.00048435795499255095
0.00048435795499256066
0.0004843579549925546
0.00048435795499256353
0.00048435795499255485
0.0004843579549925514
0.0004843579549925607
0.0004843579549925546
0.00048435795499256353
0.00048435795499255485
0.0004843579549925514
0.0004843579549925607
0.0004843579549925546
0.00048435795499256353
0.0004843579549925553
0.00048435795499255095
0.00048435795499256066
0.0004843579549925546
0.00048435795499256353
0.00048435795499255485
0.0004843579549925514
0.0004843579549925607
0.0004843579549925546
0.00048435795499256353
0.00048435795499255485
0.0004843579549925514
0.0004843579549925607
0.0004843579549925546
0.00048435795499256353
0.0004843579549925553
0.00048435795499255095
0.00048435795499256066
0.0004843579549925546
0.00048435795499256353
0.00048435795499255485
0.0004843579549925514
0.0004843579549925607
0.0004843579549925546
0.00048435795499256353
0.00048435795499255485
0.0004843579549925514
0.0004843579549925607
0.0004843579549925546
0.00048435795499256353
0.0004843579549925553
0.00048435795499255095
0.00048435795499256066
0.0004843579549925546
0.00048435795499256353
0.00048435795499255485
0.0004843579549925514
0.0004843579549925607
0.0004843579549925546
0.00048435795499256353
0.00048435795499255485
0.0004843579549925514
0.0004843579549925607
0.0004843579549925546
0.00048435795499256353
0.0004843579549925553
0.00048435795499255095
0.00048435795499256066
0.0004843579549925546
0.00048435795499256353
0.00048435795499255485
0.0004843579549925514
0.0004843579549925607
0.0004843579549925546
0.00048435795499256353
0.00048435795499255485
0.0004843579549925514
0.0004843579549925607
0.0004843579549925546
0.00048435795499256353
0.0004843579549925553
0.00048435795499255095
0.00048435795499256066
0.0004843579549925546
0.00048435795499256353
0.00048435795499255485
0.0004843579549925514
0.0004843579549925607
0.0004843579549925546
0.00048435795499256353
0.00048435795499255485
0.0004843579549925514
0.0004843579549925607
0.0004843579549925546
0.00048435795499256353
0.0004843579549925553
0.00048435795499255095
0.00048435795499256066
0.0004843579549925546
0.00048435795499256353
0.00048435795499255485
0.0004843579549925514
0.0004843579549925607
0.0004843579549925546
0.00048435795499256353
0.00048435795499255485
0.0004843579549925514
0.0004843579549925607
0.0004843579549925546
0.00048435795499256353
0.0004843579549925553
0.00048435795499255095
0.00048435795499256066
0.0004843579549925546
0.00048435795499256353
0.00048435795499255485
0.0004843579549925514
0.0004843579549925607
0.0004843579549925546
0.00048435795499256353
0.00048435795499255485
0.0004843579549925514
0.0004843579549925607
0.0004843579549925546
0.00048435795499256353
0.00048435795499255485
0.0004843579549925514
0.0004843579549925607
0.0004843579549925546
0.00048435795499256353
0.00048435795499255485
0.0004843579549925514
0.0004843579549925607
0.0004843579549925546
0.00048435795499256353
0.00048435795499255485
0.0004843579549925514
0.00048435795499256066
0.0004843579549925546
0.00048435795499256353
0.00048435795499255485
0.0004843579549925514
0.0004843579549925606
0.0004843579549925546
0.00048435795499256353
0.00048435795499255485
0.0004843579549925514
0.0004843579549925606
0.0004843579549925544
0.0004843579549925631
0.0004843579549925548
0.0004843579549925637
0.0004843579549925553
0.00048435795499255095
0.00048435795499256066
0.0004843579549925546
0.00048435795499256353
0.00048435795499255485
0.0004843579549925514
0.0004843579549925606
0.0004843579549925546
0.00048435795499256353
0.00048435795499255485
0.0004843579549925514
0.0004843579549925606
0.0004843579549925544
0.0004843579549925631
0.00048435795499255485
0.0004843579549925514
0.0004843579549925606
0.00048435795499255437
0.0004843579549925631
0.0004843579549925547
0.0004843579549925637
0.0004843579549925553
0.00048435795499255095
0.0004843579549925606
0.0004843579549925546
0.00048435795499256353
0.00048435795499255485
0.00048435795499255095
0.00048435795499256066
0.0004843579549925546
0.00048435795499256353
0.00048435795499255485
0.0004843579549925514
0.0004843579549925606
0.0004843579549925546
0.00048435795499256353
0.00048435795499255485
0.0004843579549925514
0.0004843579549925606
0.0004843579549925546
0.00048435795499256353
0.00048435795499255485
0.0004843579549925514
0.0004843579549925606
0.0004843579549925544
0.0004843579549925631
0.00048435795499255485
0.00048435795499255095
0.00048435795499256066
0.0004843579549925546
0.00048435795499256353
0.00048435795499255485
0.0004843579549925514
0.0004843579549925606
0.0004843579549925544
0.0004843579549925631
0.00048435795499255485
0.00048435795499255095
0.00048435795499256066
0.0004843579549925546
0.0004843579549925631
0.00048435795499255485
0.00048435795499255095
0.00048435795499256066
0.0004843579549925546
0.0004843579549925631
0.00048435795499255485
0.00048435795499255095
0.00048435795499256066
0.0004843579549925546
0.0004843579549925631
0.00048435795499255485
0.00048435795499255095
0.00048435795499256066
0.0004843579549925546
0.0004843579549925631
0.00048435795499255485
0.00048435795499255095
0.00048435795499256066
0.0004843579549925546
0.0004843579549925631
0.00048435795499255485
0.00048435795499255095
0.00048435795499256066
0.0004843579549925546
0.0004843579549925631
0.00048435795499255485
0.00048435795499255095
0.00048435795499256066
0.0004843579549925546
0.00048435795499256353
0.00048435795499255485
0.0004843579549925514
0.0004843579549925606
0.0004843579549925546
0.00048435795499256353
0.00048435795499255485
0.0004843579549925514
0.0004843579549925606
0.0004843579549925546
0.00048435795499256353
0.00048435795499255485
0.0004843579549925514
0.0004843579549925606
0.0004843579549925544
0.0004843579549925631
0.00048435795499255485
0.00048435795499255095
0.00048435795499256066
0.0004843579549925546
0.00048435795499256353
0.00048435795499255485
0.0004843579549925514
0.0004843579549925606
0.0004843579549925544
0.0004843579549925631
0.0004843579549925548
0.0004843579549925637
0.0004843579549925553
0.0004843579549925514
0.0004843579549925606
0.0004843579549925544
0.0004843579549925631
0.00048435795499255485
0.00048435795499255095
0.00048435795499256066
0.0004843579549925546
0.00048435795499256353
0.00048435795499255485
0.00048435795499255095
0.00048435795499256066
0.0004843579549925546
0.00048435795499256353
0.00048435795499255485
0.0004843579549925514
0.0004843579549925606
0.0004843579549925544
0.0004843579549925631
0.00048435795499255485
0.00048435795499255095
0.00048435795499256066
0.0004843579549925546
0.00048435795499256353
0.00048435795499255485
0.0004843579549925514
0.0004843579549925606
0.0004843579549925544
0.0004843579549925631
0.00048435795499255485
0.00048435795499255095
0.0004843579549925606
0.0004843579549925544
0.0004843579549925631
0.00048435795499255485
0.00048435795499255095
0.0004843579549925606
0.0004843579549925546
0.00048435795499256353
0.00048435795499255485
0.00048435795499255095
0.0004843579549925606
0.0004843579549925546
0.00048435795499256353
0.00048435795499255485
0.0004843579549925514
0.0004843579549925606
0.0004843579549925544
0.0004843579549925631
0.00048435795499255485
0.00048435795499255095
0.0004843579549925606
0.0004843579549925544
0.0004843579549925631
0.00048435795499255485
0.00048435795499255095
0.0004843579549925606
0.0004843579549925546
0.0004843579549925631
0.00048435795499255485
0.00048435795499255095
0.0004843579549925606
0.0004843579549925544
0.0004843579549925631
0.00048435795499255485
0.00048435795499255095
0.0004843579549925606
0.0004843579549925546
0.0004843579549925631
0.00048435795499255485
0.00048435795499255095
0.0004843579549925606
0.0004843579549925546
0.0004843579549925631
0.00048435795499255485
0.0004843579549925514
0.0004843579549925606
0.0004843579549925544
0.0004843579549925631
0.00048435795499255485
0.00048435795499255095
0.0004843579549925606
0.0004843579549925546
0.0004843579549925631
0.00048435795499255485
0.0004843579549925514
0.0004843579549925606
0.0004843579549925544
0.0004843579549925631
0.00048435795499255485
0.00048435795499255095
0.0004843579549925606
0.0004843579549925546
0.0004843579549925631
0.00048435795499255485
0.0004843579549925514
0.0004843579549925606
0.0004843579549925544
0.0004843579549925631
0.0004843579549925548
0.0004843579549925637
0.0004843579549925553
0.0004843579549925514
0.0004843579549925606
0.0004843579549925544
0.0004843579549925631
0.00048435795499255485
0.0004843579549925514
0.0004843579549925606
0.0004843579549925544
0.0004843579549925631
0.00048435795499255485
0.0004843579549925514
0.0004843579549925606
0.0004843579549925544
0.0004843579549925631
0.0004843579549925548
0.0004843579549925637
0.0004843579549925553
0.00048435795499255095
0.0004843579549925606
0.0004843579549925544
0.0004843579549925631
0.00048435795499255485
0.0004843579549925514
0.0004843579549925606
0.0004843579549925544
0.0004843579549925631
0.0004843579549925548
0.0004843579549925637
0.0004843579549925553
0.00048435795499255095
0.0004843579549925606
0.0004843579549925544
0.0004843579549925631
0.00048435795499255485
0.0004843579549925514
0.0004843579549925606
0.0004843579549925544
0.0004843579549925631
0.0004843579549925548
0.0004843579549925637
0.0004843579549925553
0.00048435795499255095
0.00048435795499256066
0.0004843579549925546
0.00048435795499256353
0.00048435795499255485
0.0004843579549925514
0.0004843579549925606
0.0004843579549925544
0.0004843579549925631
0.00048435795499255485
0.0004843579549925514
0.0004843579549925606
0.0004843579549925544
0.0004843579549925631
0.00048435795499255485
0.0004843579549925514
0.0004843579549925606
0.0004843579549925544
0.0004843579549925631
0.00048435795499255485
0.0004843579549925514
0.0004843579549925606
0.0004843579549925544
0.0004843579549925631
0.0004843579549925548
0.0004843579549925637
0.0004843579549925553
0.00048435795499255095
0.00048435795499256066
0.0004843579549925546
0.00048435795499256353
0.00048435795499255485
0.0004843579549925514
0.0004843579549925606
0.0004843579549925544
0.0004843579549925631
0.00048435795499255485
0.0004843579549925514
0.0004843579549925606
0.0004843579549925544
0.0004843579549925631
0.00048435795499255485
0.00048435795499255095
0.00048435795499256066
0.0004843579549925546
0.00048435795499256353
0.00048435795499255485
0.0004843579549925514
0.0004843579549925606
0.0004843579549925544
0.0004843579549925631
0.00048435795499255485
0.00048435795499255095
0.00048435795499256066
0.0004843579549925546
0.00048435795499256353
0.00048435795499255485
0.0004843579549925514
0.0004843579549925606
0.0004843579549925544
0.0004843579549925631
0.00048435795499255485
0.00048435795499255095
0.00048435795499256066
0.0004843579549925546
0.00048435795499256353
0.00048435795499255485
0.0004843579549925514
0.0004843579549925606
0.0004843579549925544
0.0004843579549925631
0.0004843579549925548
0.0004843579549925637
0.0004843579549925553
0.00048435795499255095
0.00048435795499256066
0.0004843579549925546
0.00048435795499256353
0.00048435795499255485
0.0004843579549925514
0.0004843579549925606
0.0004843579549925544
0.0004843579549925631
0.00048435795499255485
0.0004843579549925514
0.0004843579549925606
0.0004843579549925544
0.0004843579549925631
0.00048435795499255485
0.00048435795499255095
0.00048435795499256066
0.0004843579549925546
0.00048435795499256353
0.00048435795499255485
0.0004843579549925514
0.0004843579549925606
0.0004843579549925544
0.0004843579549925631
0.00048435795499255485
0.00048435795499255095
0.00048435795499256066
0.0004843579549925546
0.00048435795499256353
0.00048435795499255485
0.0004843579549925514
0.0004843579549925606
0.0004843579549925544
0.0004843579549925631
0.00048435795499255485
0.00048435795499255095
0.00048435795499256066
0.0004843579549925546
0.00048435795499256353
0.00048435795499255485
0.0004843579549925514
0.0004843579549925606
0.0004843579549925544
0.0004843579549925631
0.00048435795499255485
0.00048435795499255095
0.00048435795499256066
0.0004843579549925546
0.00048435795499256353
0.00048435795499255485
0.0004843579549925514
0.0004843579549925606
0.0004843579549925544
0.0004843579549925631
0.00048435795499255485
0.00048435795499255095
0.00048435795499256066
0.0004843579549925546
0.00048435795499256353
0.00048435795499255485
0.0004843579549925514
0.0004843579549925606
0.0004843579549925544
0.0004843579549925631
0.00048435795499255485
0.00048435795499255095
0.0004843579549925606
0.0004843579549925544
0.0004843579549925631
0.00048435795499255485
0.00048435795499255095
0.0004843579549925606
0.0004843579549925544
0.0004843579549925631
0.00048435795499255485
0.00048435795499255095
0.0004843579549925606
0.0004843579549925544
0.0004843579549925631
0.00048435795499255485
0.00048435795499255095
0.0004843579549925606
0.0004843579549925546
0.00048435795499256353
0.00048435795499255485
0.00048435795499255095
0.0004843579549925606
0.0004843579549925546
0.00048435795499256353
0.00048435795499255485
0.0004843579549925514
0.0004843579549925606
0.0004843579549925544
0.0004843579549925631
0.0004843579549925548
0.0004843579549925637
0.0004843579549925553
0.00048435795499255095
0.0004843579549925606
0.0004843579549925546
0.00048435795499256353
0.00048435795499255485
0.0004843579549925514
0.0004843579549925606
0.0004843579549925544
0.0004843579549925631
0.00048435795499255485
0.0004843579549925514
0.0004843579549925606
0.0004843579549925544
0.0004843579549925631
0.0004843579549925548
0.0004843579549925637
0.0004843579549925553
0.00048435795499255095
0.0004843579549925606
0.0004843579549925546
0.00048435795499256353
0.00048435795499255485
0.0004843579549925514
0.00048435795499256066
0.0004843579549925546
0.00048435795499256353
0.00048435795499255485
0.0004843579549925514
0.0004843579549925606
0.0004843579549925546
0.00048435795499256353
0.00048435795499255485
0.0004843579549925514
0.0004843579549925606
0.0004843579549925546
0.00048435795499256353
0.00048435795499255485
0.0004843579549925514
0.0004843579549925606
0.0004843579549925544
0.0004843579549925631
0.0004843579549925548
0.0004843579549925637
0.0004843579549925553
0.00048435795499255095
0.00048435795499256066
0.0004843579549925546
0.00048435795499256353
0.00048435795499255485
0.0004843579549925514
0.0004843579549925606
0.0004843579549925546
0.00048435795499256353
0.00048435795499255485
0.0004843579549925514
0.0004843579549925606
0.0004843579549925544
0.0004843579549925631
0.0004843579549925548
0.0004843579549925637
0.0004843579549925553
0.00048435795499255095
0.0004843579549925606
0.0004843579549925546
0.00048435795499256353
0.00048435795499255485
0.00048435795499255095
0.00048435795499256066
0.0004843579549925546
0.00048435795499256353
0.00048435795499255485
0.0004843579549925514
0.0004843579549925606
0.0004843579549925544
0.0004843579549925631
0.00048435795499255485
0.00048435795499255095
0.00048435795499256066
0.0004843579549925546
0.00048435795499256353
0.00048435795499255485
0.00048435795499255095
0.00048435795499256066
0.0004843579549925546
0.00048435795499256353
0.00048435795499255485
0.0004843579549925514
0.0004843579549925606
0.0004843579549925544
0.0004843579549925631
0.00048435795499255485
0.00048435795499255095
0.00048435795499256066
0.0004843579549925546
0.00048435795499256353
0.00048435795499255485
0.0004843579549925514
0.0004843579549925606
0.00048435795499255437
0.0004843579549925631
0.0004843579549925548
0.0004843579549925637
0.0004843579549925553
0.00048435795499255095
0.00048435795499256066
0.0004843579549925546
0.00048435795499256353
0.00048435795499255485
0.0004843579549925514
0.0004843579549925606
