15.0
15.0
15.0
15.0
15.0
15.0
15.0
15.0
15.0
15.0
12.547031231988834
12.546686295878494
12.546341240746743
12.545996066511256
12.545650773089854
12.545305360400073
12.544959828359563
12.54461417688586
12.54426840589626
12.54392251530818
12.522957143508046
12.522611087828137
12.501211425610208
12.500865207827253
12.500518870136577
12.500172412455038
12.49982583469935
12.499479136786446
12.499132318632665
12.362209299122341
11.846960955723873
11.846617205492185
11.846273337056395
11.825309913806173
11.824965958095136
11.82470608331206
11.82436191981328
11.82401763782609
11.823673237268824
11.802275152872204
11.801985596328105
11.801641014649878
11.801296314195142
11.800951494881833
11.800606556628201
11.756776053963394
11.756431211143585
11.756086249367158
11.755741168551998
11.686402536638141
11.68605777817851
11.434396068775506
11.434053477004507
11.413091255115187
11.412748654030027
11.391352291067808
11.369503239617313
11.369160767211163
11.368818177478822
11.346496306864571
11.323680614708783
11.32333819814078
11.30000586485903
11.276132702826176
11.142257306929336
11.141916808868919
11.141576194831684
11.141235464738797
11.140894618511089
11.140553656069203
11.14021257733389
11.13987138222596
11.139530070665892
11.118569052630788
11.118227810767369
11.117886452419793
11.117544977508784
11.117203385954364
11.095807952316646
11.095466443502726
11.095124818022313
11.073276540327656
11.072935011630202
11.050614114373541
11.027799480684648
11.027458308308132
10.911602141977156
10.91126272768795
10.890303530587856
10.86891046034572
10.868571477670647
10.868232380049477
10.846386547824872
10.82406829492864
10.801256391228074
10.72622566119309
10.684215239667138
10.683879271055002
10.640057058969116
10.639721883402489
10.639386595458404
10.570056612018277
10.56972281117901
10.569388898882348
10.569054875053912
10.568720739619302
10.568386492503615
10.568052133632293
10.547097839613471
10.525709824973795
10.503869437471867
10.48155679480564
10.43284919262717
10.432517845776758
10.432186389102341
10.431854822531257
10.431523145990619
10.431191359407327
10.430859462708398
10.388853503355836
10.388579076249373
10.388248124720807
10.366410188791424
10.31147378697593
10.311144944207122
10.310815993268738
10.31048693408969
10.31015776659851
10.309828490724158
10.30949910639508
10.309169613539725
10.308840012086746
10.308510301964414
10.308180483101152
10.307850555425048
10.307520518864493
10.286570390475104
10.265186697095315
10.264857755510558
10.245735545277908
10.242693246017286
10.242447864505468
10.220222724176939
10.219894846724367
10.199428206272515
10.199100878988077
10.16013418574054
10.135239783802062
10.113018067433641
10.102540856653667
10.102216739957397
10.101892518179557
10.101568191252216
10.101243759107177
10.10091922167597
10.100594578890396
10.079649687885762
10.036764252223566
10.012608442073505
10.012287115300646
10.011965685248228
10.01164415185017
10.011322515039623
10.011000774750189
10.010678930915315
10.01035698346838
10.010034932342467
10.009712777470757
10.009390518786743
10.009068156223078
9.958271109573921
9.941256561976333
9.928032976534094
9.907093640982204
9.885897373201944
9.864839969393332
9.852805166369313
9.852489536549387
9.85217380708119
9.85185797790161
9.851542048947667
9.851226020156309
9.85090989146452
9.850593662808976
9.850277334126668
9.849960905353951
9.849644376427692
9.849327747284491
9.849011017860837
9.848694188093141
9.848377257917836
9.848060227271167
9.788899392038925
9.779957459105836
9.778136417105497
9.777822771191481
9.777509026878292
9.777195184104396
9.776881242807868
9.776567202926705
9.776253064399222
9.775938827163335
9.775624491157036
9.759144193219608
9.744863663907458
9.710089415490494
9.709778461030517
9.709467409853685
9.70915626189968
9.708845017108565
9.708533675419611
9.70822223677295
9.70791070110776
9.707599068363846
9.707287338480564
9.706975511397347
9.70666358705362
9.706351565388703
9.706039446341755
9.705727229851943
9.684794358810326
9.68445002328578
9.684105569160657
9.662739478955537
9.66242935172597
9.643165985093564
9.642856883482576
9.642547686304573
9.642238393500202
9.641929005010414
9.64161952077604
9.641309940737672
9.641000264836109
9.640690493011808
9.640380625205518
9.640070661357614
9.639760601408623
9.62163503876647
9.618504332088408
9.618285306712599
9.596921418332634
9.596672299819234
9.580877701203379
9.580570847186962
9.580263898988774
9.57995685655091
9.579649719815661
9.579342488724922
9.579035163220793
9.578727743245071
9.578420228739894
9.559573203330482
9.557185482045037
9.523442929308597
9.5231388904866
9.522834759203562
9.522530535403357
9.522226219029548
9.521921810026097
9.521617308336223
9.521312713903537
9.521008026671776
9.52070324658412
9.520398373584152
9.52009340761499
9.519788348620091
9.519483196542652
9.519177951325847
9.518872612912823
9.518567181246512
9.518261656270113
9.517956037926602
9.517650326158837
9.517344520909598
9.517038622121705
9.516918560322852
9.50097419524597
9.49590010067522
9.485123392783402
9.474236557104682
9.464312014815413
9.464009464137618
9.463706821902258
9.463404088053958
9.463101262537302
9.462798345296664
9.46249533627644
9.462192235421192
9.461889042675006
9.461585757982236
9.459894347947378
9.440349789062441
9.440230612512252
9.439928635005948
9.435379937066651
9.430965716206956
9.426398448936972
9.410470500533574
9.41022831470241
9.410115242080323
9.409814952719397
9.409514573165115
9.409214103363151
9.408913543259516
9.408612892799699
9.408312151929348
9.408011320594158
9.407710398739747
9.40740938631154
9.407108283254944
9.406807089515432
9.406505805038407
9.406204429769147
9.405902963652986
9.405789400905311
9.405487809637444
9.390796197241484
9.384352223848245
9.366826603096214
9.362882308850896
9.362583851029301
9.362285304111646
9.357138931272903
9.35684062362977
9.356542226980467
9.356243741271655
9.35594516645017
9.355646502462921
9.355347749256525
9.35523765978598
9.354938784403881
9.354639819676239
9.354340765549876
9.354041621970978
9.35374238888622
9.345895204041986
9.336562113351672
9.336352248072417
9.323950356831308
9.3236532916501
9.313622884891213
9.311877894569248
9.309825723657587
9.307077200338753
9.306781163326935
9.30667456854812
9.30637841231149
9.306082168348459
9.305975499037142
9.30567913568253
9.305382684478674
9.305275940530617
9.30516918518812
9.304872582761542
9.28875088238725
9.288472443265988
9.288193926601867
9.283292227861844
9.267104293423946
9.266799550993035
9.261804930943077
9.26019610635516
9.259902753183725
9.259609313939148
9.259315788571008
9.259022177028582
9.258728479261203
9.258434695218513
9.258140824849482
9.237416279094486
9.235516638870163
9.225093580964327
9.224802597742801
9.22451152983376
9.21587102095897
9.215580618166832
9.215290131024773
9.215190629729115
9.214900029273164
9.214609344352489
9.214318574917936
9.214027720920283
9.21373678231046
9.211860749748169
9.210087599317928
9.19887958579672
9.198567538403633
9.197683637354778
9.177093337295858
9.175515132906755
9.172443866668265
9.172156236298896
9.171868523182996
9.171772600415695
9.171484776897135
9.171196870521094
9.170908881239589
9.170620809005126
9.166576781006428
9.160519136797854
9.155610818306949
9.149169405636766
9.148883080728142
9.148341055576772
9.148054593823101
9.147768049994347
9.147481424043496
9.130032041102856
9.129747079159966
9.129462035999492
9.129176911575074
9.12908452989179
9.1287992978071
9.125399739925802
9.125080599161445
9.122081525951359
9.109088855594726
9.108852483208864
9.106768445310433
9.106579486283586
9.102432225683488
9.102149143963176
9.099039828319272
9.089857962510077
9.089575944334076
9.089293846610454
9.089011669294193
9.088729412340347
9.088447075704135
9.088164659340379
9.087882163204037
9.087793362222444
9.087704553355314
9.08761573660148
9.087333085349686
9.087244235599368
9.087155377954849
9.081760858486062
9.078787823142953
9.075620047677635
9.069928714939033
9.065511882704152
9.065421072974711
9.06533025499904
9.065239428775742
9.065018816456634
9.058605466787869
9.050180039173942
9.05009505353895
9.050010060681675
9.049730747566642
9.049645723742628
9.043829343022894
9.042639525491806
9.042546614945284
9.042391744850427
9.042236850769907
9.040585681131262
9.038327521621984
9.038139654836165
9.03588798759339
9.0340092642695
9.033745843722382
9.030760752139084
9.030482591554884
9.025972509061551
9.025790072442998
9.025702988687712
9.02051049186637
9.0137781064515
9.011604188918852
9.011522871526074
9.01144154752111
9.011360216902922
9.01127887967023
9.011197535822056
9.00107777632318
8.999812318442633
8.99949660402546
8.998324728594206
8.998094846861823
8.997864912278056
8.988900159744059
8.982680523275127
8.982239396540598
8.979349370969913
8.975699617066427
8.975426328968267
8.975348815766116
8.975271296556011
8.975193771336928
8.974041412936025
8.971826290609904
8.96571363251416
8.965628496796478
8.960781222450207
8.960554988972953
8.960328704309136
8.957683676595206
8.957513217260724
8.95374417612143
8.952451896292912
8.95237258181648
8.945861535622205
8.945605996479033
8.943577885651786
8.941899524805134
8.941583434656534
8.941450428943106
8.940844642165
8.939687207040203
8.939416849237832
8.939146418331987
8.938875914283127
8.938802127753187
8.938728335778984
8.93865453835992
8.938580735495012
8.938506927183685
8.938433113424894
8.938274598341117
8.937934161502163
8.93041874938317
8.930196913387375
8.927141439866675
8.92524275099414
8.924932436021377
8.924622024736184
8.924311517078735
8.920522158171895
8.92029873548582
8.92002924761117
8.91435537932629
8.914279761323385
8.914204137602736
8.914128508163447
8.903705813127242
8.90343816253179
8.903368149789774
8.9032981321463
8.903030372412672
8.90230169689475
8.901987839116938
8.90190441978546
8.901820993495505
8.901737560245987
8.898927626290176
8.89599241166024
8.890730285688345
8.890652860111915
8.890575428541087
8.890060327381985
8.885206453963745
8.884046688477005
8.883780524073494
8.883468075479444
8.883247982670941
8.881780973019323
8.878835766728871
8.878512565528423
8.876374245274167
8.875375490756559
8.87365764723719
8.868436322098319
8.868370088041907
8.868303849598847
8.868237606768643
8.868171359550692
8.868105107944277
8.867840057619704
8.867574937034721
8.867508645906842
8.867442350384858
8.867376050467985
8.867309746155891
8.867243437447753
8.867177124343119
8.867110806841428
8.867044484942033
8.866978158644388
8.866911827947794
8.866845492851905
8.86511155628164
8.86297056699815
8.860645452145663
8.855815792393862
8.85398796442601
8.853914402885962
8.853777362059642
8.853343048187563
8.845657896729529
8.844368465164028
8.840496307182704
8.835473756771574
8.835191284821441
8.834929351133876
8.834866975858759
8.834804596693383
8.83474221363703
8.834679826689436
8.834617435850022
8.834355351811272
8.834292940726563
8.834230525747168
8.834168106872424
8.831272407743997
8.830515603522247
8.82924304307754
8.829121062656517
8.8199045831338
8.81855482280656
8.816150901869564
8.811841487076942
8.811679771506194
8.811518029783239
8.811454177165718
8.80569144777972
8.803615064037
8.803556664212586
8.803498260977824
8.80343985433253
8.80338144427619
8.803323030808354
8.803264613928778
8.803206193636962
8.803147769932524
8.798469701272706
8.796789154518263
8.796484494725435
8.795176852235254
8.783881598396125
8.780928830611055
8.780869090937946
8.780809347696353
8.780749600885779
8.780633808085119
8.78042445630216
8.774383241283703
8.773190681179873
8.773136288821252
8.773081893504436
8.77302749522902
8.77297309399478
8.772918689801319
8.772864282648383
8.772809872535559
8.765145225886862
8.76479738542881
8.757783707789292
8.757722569485995
8.755119891621527
8.749885582250199
8.749680240050743
8.746437484645249
8.745626692198634
8.744143703854203
8.744093376280997
8.744043046175129
8.74379135764411
8.74374101233739
8.743690664496198
8.743640314120507
8.743589961209858
8.743539605764171
8.743489247782938
8.743438887266137
8.743388524213408
8.74313667089837
8.742884754147365
8.742834363182768
8.742783969679335
8.742733573636611
8.739762998211091
8.739548029072171
8.730442636294738
8.718431732611949
8.718306521591915
8.718158613390942
8.717945905151025
8.717733151663976
8.71515458221424
8.714906368088359
8.714658092347149
8.7146117968332
8.71456549917623
8.714519199376046
8.714270827495456
8.714022393921105
8.713773898622183
8.71372756216173
8.71368122355451
8.71363488280026
8.713386291191949
8.7133399367702
8.713293580199975
8.71324722148106
8.713200860613352
8.71315449759643
8.711320527730193
8.707842589839647
8.705969821531253
8.70565768660855
8.705345454243323
8.702414335261796
8.702208772409403
8.702003167299182
8.701259835066443
8.700563214531385
8.697001571746004
8.696766391605047
8.69247367592351
8.692209288448588
8.689248638457807
8.689101853919036
8.688756393528683
8.688410813774196
8.688065114573257
8.683019980818553
8.682774306312139
8.682731942539494
8.682689576972441
8.682647209610744
8.682401443511065
8.682359063941938
8.682113227018984
8.68207083523539
8.682028441655033
8.681986046277675
8.681740117640398
8.681697710039439
8.681655300640402
8.68161288944298
8.681570476447042
8.681528061652582
8.681485645059258
8.68123959333384
8.681197164504805
8.681154733875713
8.681112301446433
8.68106986721701
8.681027431187024
8.680984993356567
8.680942553725256
8.680900112293111
8.680857669059968
8.680815224025583
8.679610464544783
8.67948883944842
8.672657507706072
8.672347575329386
8.670743997357928
8.6679471309721
8.667274826700794
8.66305864479035
8.658744760594336
8.658501730342294
8.65825864102242
8.65801549260612
8.657772285064556
8.653355053214518
8.653316745449583
8.653278436217452
8.653240125517952
8.65320181335084
8.6531634997162
8.652920812603524
8.652882488202842
8.65284416233361
8.652805834995682
8.652767506188985
8.652729175913386
8.65269084416881
8.65265251095503
8.65261417627205
8.652575840119818
8.652537502498049
8.652294663424374
8.652051765375935
8.652013407660313
8.651975048473458
8.65193668781551
8.650273345740045
8.646718025881981
8.644177388383387
8.642694847761724
8.641827822786325
8.640683821383263
8.633635833425327
8.629886217787025
8.629847000495564
8.62980778166632
8.629768561299233
8.629729339394057
8.62621122885634
8.626177073856907
8.626142917691137
8.626108760358866
8.626074601860047
8.626040442194506
8.626006281362331
8.625972119363395
8.625937956197554
8.62590379186469
8.625869626364839
8.625835459697953
8.625801291863777
8.625767122862378
8.625732952693623
8.623888501049176
8.618006878885726
8.61759410008816
8.617381216505208
8.617193340414033
8.615315334823952
8.61076067613155
8.609937290797921
8.60875182324995
8.606399609046829
8.606163152117695
8.603078293248762
8.602858061503742
8.600139685945484
8.599579681172154
8.59954970293476
8.599314128365947
8.599284142167996
8.59925415507102
8.599224167074912
8.599194178179767
8.599164188385323
8.599134197691685
8.599104206098797
8.599074213606446
8.599044220214733
8.599014225923563
8.598984230732935
8.59895423464261
8.598924237652762
8.598894239763176
8.598864240973885
8.59883424128477
8.598804240695847
8.598774239206994
8.598744236818193
8.598714233529426
8.598684229340579
8.59865422425163
8.598624218262449
8.59472502000277
8.58816195087865
8.585395513879446
8.58519937628137
8.583293518001042
8.579501265956953
8.579334244576723
8.579101561164109
8.578934473018242
8.57812452534552
8.576261461657747
8.5762307762898
8.5735268816758
8.57350110738961
8.573269108915847
8.573243327986075
8.573217546391724
8.573191764132833
8.573165981209305
8.573140197621111
8.573114413368215
8.573088628450577
8.573062842868218
8.573037056621079
8.573011269709186
8.572985482132363
8.572753364012275
8.572727569784979
8.572701774892504
8.57267597933476
8.572650183111694
8.572624386223303
8.572598588669548
8.572572790450291
8.572546991565725
8.57252119201566
8.572495391800043
8.572469590918827
8.572443789372194
8.572417987159794
8.570893654756322
8.56986401813157
8.567141306318433
8.564191103670284
8.56077638189369
8.560416687286079
8.55883009340066
8.558782140551617
8.558734185403335
8.557357951533861
8.554243230417054
8.55208549201636
8.552054055892949
8.550086135425142
8.55005974994392
8.550033363766651
8.54815304916464
8.548131508343719
8.54810996705897
8.548088425310159
8.54806688309745
8.54804534042081
8.548023797280065
8.548002253675328
8.54798070960657
8.547959165073681
8.547937620076775
8.54791607461573
8.547894528690609
8.547872982301287
8.547851435447786
8.547829888130154
8.547808340348217
8.547786792102134
8.547765243391806
8.538570005482484
8.538508193566686
8.536494806902079
8.536439484338644
8.535676843583866
8.535582435947452
8.532344586086534
8.53049376822591
8.530305828140552
8.530155450642237
8.530042652679949
8.529892235605548
8.529741795906997
8.526498224581882
8.526471209440297
8.525024465439817
8.525002420698707
8.524676101698258
8.522989786515629
8.522972499018682
8.522955211223051
8.522937923128527
8.522920634735211
8.522903346043135
8.522886057052087
8.522868767762253
8.522851478173514
8.522834188285922
8.52281689809952
8.52279960761415
8.522782316829826
8.522765025746635
8.522747734364494
8.520920127119998
8.520781422610549
8.520685579167369
8.517814390585992
8.5175904115365
8.51472566617445
8.509443984143237
8.505598369126881
8.503765041044016
8.503581213834943
8.503397352834117
8.501273519259147
8.501118497493795
8.501095919504454
8.501073341005426
8.50105076199661
8.501028182478196
8.500079916721695
8.500062228676917
8.4991574417693
8.499144446041905
8.499131450145608
8.499118454080554
8.499105457846564
8.499092461443755
8.499079464872077
8.49906646813144
8.499053471222023
8.499040474143651
8.499027476896352
8.499014479480266
8.499001481895197
8.49898848414125
8.498975486218352
8.498962488126569
8.49894948986593
8.49893649143631
8.498923492837774
8.498910494070303
8.498724494405156
8.495599621780407
8.493993407308844
8.491089063002786
8.489466875130733
8.48493631635686
8.484517115586788
8.484298426956958
8.484013305838284
8.479112123691669
8.477807520023399
8.477256890556765
8.476809242854939
8.47618736361603
8.475988248960869
8.475789094659442
8.475251242674394
8.475233110050231
8.474762086611147
8.474602427875201
8.474016184062034
8.474007484818648
8.473998785499745
8.473990086105047
8.473981386634733
8.4739726870888
8.47396398746716
8.473955287769812
8.473946587996906
8.4739378881482
8.473929188223941
8.473920488223879
8.473911788148214
8.47390308799687
8.473685559609946
8.473676857490574
8.473668155295433
8.47365945302467
8.473650750678129
8.473642048255885
8.473633345757893
8.473624643184227
8.473615940534879
8.473607237809706
8.473598535008907
8.473589832132305
8.473581129180065
8.471805084451198
8.464723320523532
8.464507489672629
8.463244270807088
8.462262209276927
8.457463730993338
8.45575314723925
8.45157112636295
8.451471479196112
8.451467121221697
8.45146276322836
8.451458405216046
8.451244839343397
8.45124048038145
8.4512361214005
8.451195436662097
8.451191077484863
8.451186718288646
8.45118235907342
8.451177999839103
8.451173640585916
8.451169281313666
8.451164922022384
8.451160562712143
8.451156203382928
8.45115184403471
8.451147484667457
8.451143125281188
8.451138765875976
8.451134406451764
8.444159883573535
8.440984393654556
8.438880963368057
8.43315455056609
8.429728482582899
8.428056755810355
8.426333734096675
8.422915154370404
8.422066000440758
8.419872543109722
8.419204990284149
8.416167090967294
8.413872352553437
8.408799166831603
8.407728844882095
8.399609234069485
8.399533788538962
8.396391964333162
8.394845819182615
8.392280719680494
8.392078469156148
8.386369802697171
8.383779801862353
8.382164940654306
8.376082897681389
8.37570696705285
8.373178388925743
8.373041774956002
8.372358698073185
8.370724019449852
8.370660051892065
8.365538811124514
8.365444832752047
8.362228042015639
8.36016875837028
8.359934780917811
8.359336298303402
8.35773798395407
8.352601299288885
8.351185710842216
8.349559912042963
8.349500417749836
8.345014194694787
8.344821469884089
8.338460710145872
8.330840740998982
8.329658062184558
8.329535930007196
8.329480965662192
8.325477150737518
8.325185563239387
8.324893890713666
8.317220229682986
8.317071774691817
8.317038249547913
8.316720522579047
8.312517841222206
8.309655069865608
8.308011510697666
8.305268868427072
8.305187979781362
8.302032912271601
8.295880982126477
8.291585190192924
8.28626577040369
8.286085832730102
8.28584368368193
8.280498962164792
8.278461081952594
8.27829902848598
8.276128071028866
8.274560956431431
8.27390641502922
8.269449750395282
8.269301383670866
8.26892836426799
8.266411071970822
8.266338945871686
8.266266814571319
8.266194678069024
8.266122536363964
8.259207092657409
8.256535890873527
8.255111758392474
8.250220285051208
8.250048229826618
8.249308095661085
8.24928454844377
8.249261000672059
8.244408142459498
8.232694055694733
8.231862786988083
8.2318305011501
8.231662905529591
8.229757740234234
8.22969449386702
8.229631243500576
8.229567989134287
8.229504730767742
8.214049661329241
8.212602139411954
8.21254339057608
8.207579264068572
8.196573310105437
8.196550221538615
8.185412827578103
8.147233893390057
8.147204947840391
8.14717600145311
8.142691411198129
8.116222889446664
8.116087168696335
8.101013094670186
8.100985947451223
8.071535862061832
8.036381962355492
7.741120071327662
7.741120071327604
7.741120071327655
7.741120071327599
7.74112007132765
7.741120071327676
7.741120071327612
7.741120071327657
7.741120071327601
7.7411200713276545
7.741120071327598
7.74112007132765
7.741120071327676
7.741120071327612
7.741120071327657
7.741120071327601
7.7411200713276545
7.741120071327598
7.74112007132765
7.741120071327676
7.741120071327612
7.741120071327657
7.741120071327601
7.7411200713276545
7.741120071327598
7.741120071327649
7.741120071327675
7.741120071327612
7.741120071327657
7.741120071327601
7.7411200713276545
7.741120071327598
7.741120071327649
7.741120071327675
7.741120071327612
7.741120071327657
7.7411200713276
7.7411200713276545
7.741120071327598
7.74112007132765
7.741120071327676
7.741120071327612
7.741120071327657
7.7411200713276
7.7411200713276545
7.741120071327598
7.741120071327649
7.741120071327676
7.741120071327612
7.741120071327657
7.7411200713276
7.7411200713276545
7.741120071327598
7.741120071327649
7.741120071327675
7.741120071327612
7.741120071327657
7.7411200713276
7.7411200713276545
7.741120071327598
7.741120071327649
7.741120071327675
7.741120071327612
7.741120071327657
7.7411200713276
7.741120071327654
7.741120071327598
7.741120071327649
7.741120071327675
7.741120071327612
7.741120071327657
7.7411200713276
7.741120071327654
7.741120071327598
7.741120071327649
7.741120071327675
7.741120071327612
7.741120071327657
7.7411200713276
7.741120071327654
7.741120071327598
7.741120071327649
7.741120071327675
7.741120071327612
7.741120071327657
7.741120071327599
7.741120071327651
7.741120071327676
7.741120071327612
7.741120071327657
7.741120071327601
7.741120071327654
7.741120071327598
7.741120071327649
7.741120071327675
7.741120071327612
7.741120071327657
7.741120071327599
7.741120071327651
7.741120071327676
7.741120071327612
7.741120071327657
7.741120071327601
7.741120071327654
7.741120071327598
7.741120071327649
7.741120071327675
7.741120071327612
7.741120071327657
7.741120071327599
7.741120071327651
7.741120071327676
7.741120071327612
7.741120071327657
7.7411200713276
7.741120071327654
7.741120071327598
7.741120071327649
7.741120071327675
7.741120071327612
7.741120071327656
7.741120071327599
7.741120071327651
7.741120071327676
7.741120071327612
7.741120071327657
7.7411200713276
7.741120071327651
7.741120071327676
7.741120071327612
7.741120071327657
7.7411200713276
7.741120071327651
7.741120071327676
7.741120071327612
7.741120071327657
7.7411200713276
7.741120071327651
7.741120071327676
7.741120071327612
7.741120071327657
7.7411200713276
7.741120071327651
7.741120071327676
7.741120071327612
7.741120071327657
7.7411200713276
7.741120071327651
7.741120071327676
7.741120071327612
7.741120071327657
7.741120071327601
7.741120071327654
7.741120071327598
7.741120071327649
7.741120071327675
7.741120071327612
7.741120071327657
7.741120071327599
7.741120071327651
7.741120071327676
7.741120071327612
7.741120071327657
7.7411200713276
7.741120071327651
7.741120071327676
7.741120071327612
7.741120071327657
7.7411200713276
7.741120071327651
7.741120071327676
7.741120071327612
7.741120071327657
7.741120071327601
7.741120071327654
7.741120071327598
7.741120071327649
7.741120071327675
7.741120071327612
7.741120071327657
7.741120071327599
7.741120071327651
7.741120071327676
7.741120071327612
7.741120071327657
7.7411200713276
7.741120071327654
7.741120071327598
7.741120071327649
7.741120071327675
7.741120071327612
7.741120071327656
7.741120071327599
7.741120071327651
7.741120071327676
7.741120071327612
7.741120071327657
7.7411200713276
7.741120071327651
7.741120071327676
7.741120071327612
7.741120071327657
7.7411200713276
7.741120071327651
7.741120071327676
7.741120071327612
7.741120071327657
7.7411200713276
7.741120071327651
7.741120071327676
7.741120071327612
7.741120071327657
7.741120071327601
7.741120071327654
7.741120071327598
7.741120071327649
7.741120071327675
7.741120071327612
7.741120071327656
7.741120071327599
7.741120071327651
7.741120071327676
7.741120071327612
7.741120071327657
7.7411200713276
7.741120071327651
7.741120071327676
7.741120071327612
7.741120071327657
7.7411200713276
7.741120071327654
7.741120071327598
7.741120071327649
7.741120071327675
7.741120071327612
7.741120071327656
7.741120071327599
7.741120071327651
7.741120071327676
7.741120071327612
7.741120071327657
7.7411200713276
7.741120071327651
7.741120071327676
7.741120071327612
7.741120071327657
7.7411200713276
7.741120071327651
7.741120071327676
7.741120071327612
7.741120071327657
7.7411200713276
7.741120071327651
7.741120071327676
7.741120071327612
7.741120071327657
7.741120071327601
7.741120071327651
7.741120071327676
7.741120071327612
7.741120071327657
7.741120071327601
7.741120071327654
7.741120071327598
7.741120071327649
7.741120071327675
7.741120071327612
7.741120071327657
7.741120071327599
7.741120071327651
7.741120071327676
7.741120071327612
7.741120071327657
7.741120071327601
7.741120071327651
7.741120071327676
7.741120071327612
7.741120071327657
7.741120071327601
7.741120071327654
7.741120071327598
7.741120071327649
7.741120071327675
7.741120071327612
7.741120071327656
7.741120071327599
7.741120071327651
7.741120071327676
7.741120071327612
7.741120071327657
7.741120071327601
7.741120071327654
7.741120071327598
7.741120071327649
7.741120071327675
7.741120071327612
7.741120071327656
7.741120071327599
7.741120071327651
7.741120071327676
7.741120071327612
7.741120071327657
7.741120071327601
7.741120071327651
7.741120071327676
7.741120071327612
7.741120071327657
7.741120071327601
7.741120071327654
7.741120071327598
7.741120071327649
7.741120071327675
7.741120071327612
7.741120071327657
7.7411200713276
7.741120071327651
7.741120071327678
7.741120071327612
7.741120071327657
7.741120071327601
7.741120071327654
7.741120071327598
7.741120071327649
7.741120071327675
7.741120071327612
7.741120071327657
7.7411200713276
7.741120071327651
7.741120071327678
7.741120071327612
7.741120071327657
7.741120071327601
7.741120071327651
7.741120071327678
7.741120071327612
7.741120071327657
7.741120071327601
7.741120071327654
7.741120071327598
7.741120071327649
7.741120071327675
7.741120071327612
7.741120071327657
7.7411200713276
7.741120071327651
7.741120071327678
7.741120071327612
7.741120071327657
7.7411200713276
7.741120071327651
7.741120071327678
7.741120071327612
7.741120071327657
7.741120071327601
7.741120071327651
7.741120071327678
7.741120071327612
7.741120071327657
7.741120071327601
7.741120071327654
7.741120071327598
7.741120071327649
7.741120071327675
7.741120071327612
7.741120071327657
7.7411200713276
7.741120071327651
7.741120071327678
7.741120071327612
7.741120071327657
7.741120071327601
7.741120071327651
7.741120071327678
7.741120071327612
7.741120071327657
7.741120071327601
7.741120071327651
7.741120071327678
7.741120071327612
7.741120071327657
7.741120071327601
7.741120071327654
7.741120071327598
7.741120071327649
7.741120071327675
7.741120071327612
7.741120071327657
7.7411200713276
7.741120071327651
7.741120071327676
7.741120071327612
7.741120071327657
7.741120071327601
7.741120071327651
7.741120071327678
7.741120071327612
7.741120071327657
7.741120071327601
7.741120071327651
7.741120071327678
7.741120071327612
7.741120071327657
7.741120071327601
7.741120071327651
7.741120071327678
7.741120071327612
7.741120071327657
7.741120071327601
7.741120071327654
7.741120071327598
7.741120071327649
7.741120071327675
7.741120071327612
7.741120071327657
7.7411200713276
7.741120071327651
7.741120071327676
7.741120071327612
7.741120071327657
7.7411200713276
7.741120071327651
7.741120071327678
7.741120071327612
7.741120071327657
7.741120071327601
7.741120071327651
7.741120071327678
7.741120071327612
7.741120071327657
7.741120071327601
7.741120071327654
7.741120071327598
7.741120071327649
7.741120071327675
7.741120071327612
7.741120071327657
7.7411200713276
7.741120071327651
7.741120071327678
7.741120071327612
7.741120071327657
7.741120071327601
7.741120071327654
7.741120071327598
7.741120071327649
7.741120071327675
7.741120071327612
7.741120071327657
7.7411200713276
7.741120071327651
7.741120071327678
7.741120071327612
7.741120071327657
7.741120071327601
7.741120071327654
7.741120071327598
7.741120071327649
7.741120071327675
7.741120071327612
7.741120071327657
7.7411200713276
7.741120071327651
7.741120071327678
7.741120071327612
7.741120071327657
7.741120071327601
7.741120071327654
7.741120071327598
7.741120071327649
7.741120071327675
7.741120071327612
7.741120071327657
7.7411200713276
7.741120071327654
7.741120071327598
7.741120071327649
7.741120071327675
7.741120071327612
7.741120071327657
7.7411200713276
7.741120071327654
7.741120071327598
7.741120071327649
7.741120071327675
7.741120071327612
7.741120071327657
7.7411200713276
7.741120071327654
7.741120071327598
7.741120071327649
7.741120071327675
7.741120071327612
7.741120071327657
7.7411200713276
7.741120071327651
7.741120071327678
7.741120071327612
7.741120071327657
7.741120071327601
7.741120071327654
7.741120071327598
7.741120071327649
7.741120071327675
7.741120071327612
7.741120071327657
7.7411200713276
7.741120071327651
7.741120071327678
7.741120071327612
7.741120071327657
7.741120071327601
7.741120071327654
7.741120071327598
7.741120071327649
7.741120071327675
7.741120071327612
7.741120071327657
7.7411200713276
7.741120071327651
7.741120071327678
7.741120071327612
7.741120071327657
7.741120071327601
7.741120071327654
7.741120071327598
7.741120071327649
7.741120071327675
7.741120071327612
7.741120071327657
7.7411200713276
7.741120071327651
7.741120071327678
7.741120071327612
7.741120071327657
7.741120071327601
7.741120071327654
7.741120071327598
7.741120071327649
7.741120071327675
7.741120071327612
7.741120071327657
7.7411200713276
7.741120071327651
7.741120071327678
7.741120071327612
7.741120071327657
7.741120071327601
7.741120071327654
7.741120071327598
7.741120071327649
7.741120071327675
7.741120071327612
7.741120071327657
7.7411200713276
7.741120071327651
7.741120071327678
7.741120071327612
7.741120071327657
7.741120071327601
7.741120071327654
7.741120071327598
7.741120071327649
7.741120071327675
7.741120071327612
7.741120071327657
7.7411200713276
7.741120071327651
7.741120071327678
7.741120071327612
7.741120071327657
7.741120071327601
7.741120071327654
7.741120071327598
7.741120071327649
7.741120071327675
7.741120071327612
7.741120071327657
7.7411200713276
7.741120071327651
7.741120071327678
7.741120071327612
7.741120071327657
7.741120071327601
7.741120071327654
7.741120071327598
7.741120071327649
7.741120071327675
7.741120071327612
7.741120071327657
7.7411200713276
7.741120071327651
7.741120071327678
7.741120071327612
7.741120071327657
7.741120071327601
7.741120071327654
7.741120071327598
7.741120071327649
7.741120071327675
7.741120071327612
7.741120071327657
7.7411200713276
7.741120071327651
7.741120071327678
7.741120071327612
7.741120071327657
7.741120071327601
7.741120071327654
7.741120071327598
7.741120071327649
7.741120071327675
7.741120071327612
7.741120071327657
7.7411200713276
7.741120071327654
7.741120071327598
7.741120071327649
7.741120071327675
7.741120071327612
7.741120071327657
7.7411200713276
7.741120071327654
7.741120071327598
7.741120071327649
7.741120071327675
7.741120071327612
7.741120071327657
7.7411200713276
7.741120071327651
7.741120071327678
7.741120071327612
7.741120071327657
7.741120071327601
7.741120071327651
7.741120071327678
7.741120071327612
7.741120071327657
7.741120071327601
7.741120071327654
7.741120071327598
7.741120071327649
7.741120071327675
7.741120071327612
7.741120071327657
7.7411200713276
7.741120071327654
7.741120071327598
7.741120071327649
7.741120071327675
7.741120071327612
7.741120071327657
7.7411200713276
7.741120071327651
7.741120071327678
7.741120071327612
7.741120071327657
7.741120071327601
7.741120071327654
7.741120071327598
7.741120071327649
7.741120071327675
7.741120071327612
7.741120071327657
7.7411200713276
7.741120071327651
7.741120071327678
7.741120071327612
7.741120071327657
7.741120071327601
7.741120071327651
7.741120071327678
7.741120071327612
7.741120071327657
7.741120071327601
7.741120071327651
7.741120071327678
7.741120071327612
7.741120071327657
7.741120071327601
7.741120071327654
7.741120071327598
7.741120071327649
7.741120071327675
7.741120071327612
7.741120071327657
7.7411200713276
7.741120071327651
7.741120071327676
7.741120071327612
7.741120071327657
7.741120071327601
7.741120071327651
7.741120071327678
7.741120071327612
7.741120071327657
7.741120071327601
7.741120071327654
7.741120071327598
7.741120071327649
7.741120071327675
7.741120071327612
7.741120071327657
7.7411200713276
7.741120071327651
7.741120071327676
7.741120071327612
7.741120071327657
7.741120071327601
7.741120071327651
7.741120071327678
7.741120071327612
7.741120071327657
7.741120071327601
7.741120071327654
7.741120071327598
7.741120071327649
7.741120071327675
7.741120071327612
7.741120071327657
7.7411200713276
7.741120071327651
7.741120071327676
7.741120071327612
7.741120071327657
7.741120071327601
7.741120071327651
7.741120071327678
7.741120071327612
7.741120071327657
7.741120071327601
7.741120071327654
7.741120071327598
7.741120071327649
7.741120071327675
7.741120071327612
7.741120071327657
7.741120071327599
7.741120071327651
7.741120071327676
7.741120071327612
7.741120071327657
7.741120071327601
7.741120071327651
7.741120071327676
7.741120071327612
7.741120071327657
7.741120071327601
7.741120071327651
7.741120071327676
7.741120071327612
7.741120071327657
7.741120071327601
7.741120071327651
7.741120071327678
7.741120071327612
7.741120071327657
7.741120071327601
7.741120071327651
7.741120071327678
7.741120071327612
7.741120071327657
7.741120071327601
7.741120071327654
7.741120071327598
7.741120071327649
7.741120071327675
7.741120071327612
7.741120071327657
7.7411200713276
7.741120071327651
7.741120071327676
7.741120071327612
7.741120071327657
7.741120071327601
7.741120071327654
7.741120071327598
7.741120071327649
7.741120071327675
7.741120071327612
7.741120071327657
7.7411200713276
7.741120071327651
7.741120071327676
7.741120071327612
7.741120071327657
7.741120071327601
7.741120071327654
7.741120071327598
7.741120071327649
7.741120071327675
7.741120071327612
7.741120071327657
7.7411200713276
7.741120071327651
7.741120071327676
7.741120071327612
7.741120071327657
7.741120071327601
7.741120071327654
7.741120071327598
7.741120071327649
7.741120071327675
7.741120071327612
7.741120071327657
7.7411200713276
7.741120071327651
7.741120071327676
7.741120071327612
7.741120071327657
7.741120071327601
7.741120071327654
7.741120071327598
7.741120071327649
7.741120071327675
7.741120071327612
7.741120071327657
7.7411200713276
7.741120071327651
7.741120071327676
7.741120071327612
7.741120071327657
7.741120071327601
7.741120071327654
7.741120071327598
7.741120071327649
7.741120071327675
7.741120071327612
7.741120071327657
7.7411200713276
7.741120071327651
7.741120071327678
7.741120071327612
7.741120071327657
7.741120071327601
7.741120071327654
7.741120071327598
7.741120071327649
7.741120071327675
7.741120071327612
7.741120071327657
7.7411200713276
7.741120071327654
7.741120071327598
7.741120071327649
7.741120071327675
7.741120071327612
7.741120071327657
7.7411200713276
7.741120071327651
7.741120071327676
7.741120071327612
7.741120071327657
7.741120071327601
7.741120071327651
7.741120071327678
7.741120071327612
7.741120071327657
7.741120071327601
7.741120071327654
7.741120071327598
7.741120071327649
7.741120071327675
7.741120071327612
7.741120071327657
7.7411200713276
7.741120071327651
7.741120071327678
7.741120071327612
7.741120071327657
7.741120071327601
7.741120071327654
7.741120071327598
7.741120071327649
7.741120071327675
7.741120071327612
7.741120071327657
7.7411200713276
7.741120071327651
7.741120071327678
7.741120071327612
7.741120071327661
7.741120071327601
7.741120071327654
7.741120071327598
7.741120071327649
7.741120071327675
7.741120071327612
7.741120071327657
7.741120071327601
7.741120071327651
7.741120071327678
7.741120071327612
7.741120071327661
7.741120071327601
7.741120071327654
7.741120071327598
7.741120071327649
7.741120071327675
7.741120071327612
7.741120071327657
7.741120071327601
7.741120071327651
7.741120071327678
7.741120071327612
7.741120071327661
7.741120071327601
7.741120071327654
7.741120071327598
7.741120071327649
7.741120071327675
7.741120071327612
7.741120071327657
7.741120071327601
7.741120071327651
7.741120071327678
7.741120071327612
7.741120071327657
7.741120071327601
7.741120071327654
7.741120071327598
7.741120071327649
7.741120071327675
7.741120071327612
7.741120071327657
7.741120071327601
7.741120071327651
7.741120071327678
7.741120071327612
7.741120071327657
7.741120071327601
7.741120071327654
7.741120071327598
7.741120071327649
7.741120071327675
7.741120071327612
7.741120071327657
7.7411200713276
7.741120071327651
7.741120071327678
7.741120071327612
7.741120071327657
7.741120071327601
7.741120071327654
7.741120071327598
7.741120071327649
7.741120071327675
7.741120071327612
7.741120071327657
7.7411200713276
7.741120071327651
7.741120071327678
7.741120071327612
7.741120071327657
7.741120071327601
7.741120071327654
7.741120071327598
7.741120071327649
7.741120071327675
7.741120071327612
7.741120071327657
7.7411200713276
7.741120071327651
7.741120071327676
7.741120071327612
7.741120071327657
7.741120071327601
7.741120071327654
7.741120071327598
7.741120071327649
7.741120071327675
7.741120071327612
7.741120071327657
7.7411200713276
7.741120071327651
7.741120071327678
7.741120071327612
7.741120071327657
7.741120071327601
7.741120071327654
7.741120071327598
7.741120071327649
7.741120071327675
7.741120071327612
7.741120071327657
7.7411200713276
7.741120071327651
7.741120071327678
7.741120071327612
7.741120071327657
7.741120071327601
7.741120071327654
7.741120071327598
7.741120071327649
7.741120071327675
7.741120071327612
7.741120071327657
7.7411200713276
7.741120071327651
7.741120071327678
7.741120071327612
7.741120071327657
7.741120071327601
7.741120071327654
7.741120071327598
7.741120071327649
7.741120071327675
7.741120071327612
7.741120071327657
7.741120071327601
7.741120071327654
7.741120071327598
7.741120071327649
7.741120071327675
7.741120071327612
7.741120071327657
7.741120071327601
7.741120071327654
7.741120071327598
7.741120071327649
7.741120071327675
7.741120071327612
7.741120071327657
7.741120071327601
7.741120071327654
7.741120071327598
7.741120071327649
7.741120071327675
7.741120071327612
7.741120071327657
7.741120071327601
7.741120071327654
7.741120071327598
7.741120071327649
7.741120071327675
7.741120071327612
7.741120071327657
7.741120071327601
7.741120071327654
7.741120071327598
7.741120071327649
7.741120071327675
7.741120071327612
7.741120071327657
7.741120071327601
7.741120071327654
7.741120071327598
7.741120071327649
7.741120071327675
7.741120071327612
7.741120071327657
7.741120071327601
7.741120071327654
7.741120071327598
7.741120071327649
7.741120071327675
7.741120071327612
7.741120071327657
7.741120071327601
7.741120071327654
7.741120071327598
7.741120071327649
7.741120071327675
7.741120071327612
7.741120071327657
7.741120071327601
7.741120071327654
7.741120071327598
7.741120071327649
7.741120071327675
7.741120071327612
7.741120071327657
7.741120071327601
7.741120071327654
7.741120071327598
7.741120071327649
7.741120071327675
7.741120071327612
7.741120071327657
7.741120071327601
7.741120071327654
7.741120071327598
7.741120071327649
7.741120071327675
7.741120071327612
7.741120071327657
7.741120071327601
7.741120071327654
7.741120071327598
7.741120071327649
7.741120071327675
7.741120071327612
7.741120071327657
7.741120071327601
7.741120071327654
7.741120071327598
7.741120071327649
7.741120071327675
7.741120071327612
7.741120071327657
7.741120071327601
7.741120071327654
7.741120071327598
7.741120071327649
7.741120071327675
7.741120071327612
7.741120071327657
7.741120071327601
7.741120071327654
7.741120071327598
7.741120071327649
7.741120071327675
7.741120071327612
7.741120071327657
7.741120071327601
7.741120071327654
7.741120071327598
7.741120071327649
7.741120071327675
7.741120071327612
7.741120071327657
7.741120071327601
7.741120071327654
7.741120071327598
7.741120071327649
7.741120071327675
7.741120071327612
7.741120071327657
7.741120071327601
7.741120071327654
7.741120071327598
7.741120071327649
7.741120071327675
7.741120071327612
7.741120071327657
7.7411200713276
7.741120071327654
7.741120071327598
7.741120071327649
7.741120071327675
7.741120071327612
7.741120071327657
7.7411200713276
7.741120071327654
7.741120071327598
7.741120071327649
7.741120071327675
7.741120071327612
7.741120071327657
7.7411200713276
7.741120071327654
7.741120071327598
7.741120071327649
7.741120071327675
7.741120071327612
7.741120071327657
7.7411200713276
7.741120071327654
7.741120071327598
7.741120071327649
7.741120071327675
7.741120071327612
7.741120071327657
7.7411200713276
7.741120071327651
7.741120071327676
7.741120071327612
7.741120071327657
7.741120071327601
7.7411200713276545
7.741120071327598
7.741120071327649
7.741120071327675
7.741120071327612
7.741120071327657
7.7411200713276
7.741120071327654
7.741120071327598
7.741120071327649
7.741120071327675
7.741120071327612
7.741120071327657
7.7411200713276
7.741120071327651
7.741120071327676
7.741120071327612
7.741120071327657
7.741120071327601
7.741120071327654
7.741120071327598
7.741120071327649
7.741120071327675
7.741120071327612
7.741120071327657
7.7411200713276
7.741120071327651
7.741120071327676
7.741120071327612
7.741120071327657
7.741120071327601
7.741120071327654
7.741120071327598
7.741120071327649
7.741120071327675
7.741120071327612
7.741120071327657
7.7411200713276
7.741120071327651
7.741120071327676
7.741120071327612
7.741120071327657
7.741120071327601
7.741120071327654
7.741120071327598
7.741120071327649
7.741120071327675
7.741120071327612
7.741120071327657
7.7411200713276
7.741120071327651
7.741120071327676
7.741120071327612
7.741120071327657
7.741120071327601
7.741120071327654
7.741120071327598
7.741120071327649
7.741120071327675
7.741120071327612
7.741120071327657
7.7411200713276
7.741120071327651
7.741120071327676
7.741120071327612
7.741120071327657
7.741120071327601
7.741120071327654
7.741120071327598
7.741120071327649
7.741120071327675
7.741120071327612
7.741120071327657
7.7411200713276
7.741120071327651
7.741120071327676
7.741120071327612
7.741120071327657
7.741120071327601
7.741120071327654
7.741120071327598
7.741120071327649
7.741120071327675
7.741120071327612
7.741120071327657
7.7411200713276
7.741120071327651
7.741120071327678
7.741120071327612
7.741120071327657
7.741120071327601
7.741120071327654
7.741120071327598
7.741120071327649
7.741120071327675
7.741120071327612
7.741120071327657
7.7411200713276
7.741120071327651
7.741120071327678
7.741120071327612
7.741120071327657
7.741120071327601
7.741120071327654
7.741120071327598
7.741120071327649
7.741120071327675
7.741120071327612
7.741120071327657
7.7411200713276
7.741120071327651
7.741120071327678
7.741120071327612
7.741120071327657
7.741120071327601
7.741120071327654
7.741120071327598
7.741120071327649
7.741120071327675
7.741120071327612
7.741120071327657
7.7411200713276
7.741120071327651
7.741120071327678
7.741120071327612
7.741120071327657
7.741120071327601
7.741120071327654
7.741120071327598
7.741120071327649
7.741120071327675
7.741120071327612
7.741120071327657
7.7411200713276
7.741120071327651
7.741120071327678
7.741120071327612
7.741120071327657
7.741120071327601
7.741120071327654
7.741120071327598
7.741120071327649
7.741120071327675
7.741120071327612
7.741120071327657
7.7411200713276
7.741120071327651
7.741120071327678
7.741120071327612
7.741120071327657
7.741120071327601
7.741120071327654
7.741120071327598
7.741120071327649
7.741120071327675
7.741120071327612
7.741120071327657
7.7411200713276
7.741120071327651
7.741120071327678
7.741120071327612
7.741120071327657
7.741120071327601
7.741120071327654
7.741120071327598
7.741120071327649
7.741120071327675
7.741120071327612
7.741120071327657
7.7411200713276
7.741120071327651
7.741120071327678
7.741120071327612
7.741120071327657
7.741120071327601
7.741120071327654
7.741120071327598
7.741120071327649
7.741120071327675
7.741120071327612
7.741120071327657
7.741120071327599
7.741120071327651
7.741120071327676
7.741120071327612
7.741120071327657
7.741120071327601
7.741120071327654
7.741120071327598
7.741120071327649
7.741120071327675
7.741120071327612
7.741120071327657
7.741120071327599
7.741120071327651
7.741120071327676
7.741120071327612
7.741120071327657
7.741120071327601
7.741120071327654
7.741120071327598
7.741120071327649
7.741120071327675
7.741120071327612
7.741120071327657
7.7411200713276
7.741120071327651
7.741120071327676
7.741120071327612
7.741120071327657
7.741120071327601
7.741120071327654
7.741120071327598
7.741120071327649
7.741120071327675
7.741120071327612
7.741120071327657
7.7411200713276
7.741120071327651
7.741120071327676
7.741120071327612
7.741120071327657
7.741120071327601
7.741120071327654
7.741120071327598
7.741120071327649
7.741120071327675
7.741120071327612
7.741120071327657
7.7411200713276
7.741120071327651
7.741120071327676
7.741120071327612
7.741120071327657
7.741120071327601
7.741120071327654
7.741120071327598
7.741120071327649
7.741120071327675
7.741120071327612
7.741120071327657
7.741120071327599
7.741120071327651
7.741120071327676
7.741120071327612
7.741120071327657
7.741120071327601
7.741120071327654
7.741120071327598
7.741120071327649
7.741120071327675
7.741120071327612
7.741120071327657
7.741120071327599
7.741120071327651
7.741120071327676
7.741120071327612
7.741120071327657
7.741120071327601
7.741120071327654
7.741120071327598
7.741120071327649
7.741120071327675
7.741120071327612
7.741120071327657
7.741120071327599
7.741120071327651
7.741120071327676
7.741120071327612
7.741120071327657
7.741120071327601
7.741120071327654
7.741120071327598
7.741120071327649
7.741120071327675
7.741120071327612
7.741120071327657
7.741120071327599
7.741120071327651
7.741120071327676
7.741120071327612
7.741120071327657
7.741120071327601
7.741120071327654
7.741120071327598
7.741120071327649
7.741120071327675
7.741120071327612
7.741120071327657
7.7411200713276
7.741120071327651
7.741120071327678
7.741120071327612
7.741120071327657
7.741120071327601
7.741120071327654
7.741120071327598
7.741120071327649
7.741120071327675
7.741120071327612
7.741120071327657
7.7411200713276
7.741120071327651
7.741120071327678
7.741120071327612
7.741120071327657
7.741120071327601
7.741120071327654
7.741120071327598
7.741120071327649
7.741120071327675
7.741120071327612
7.741120071327657
7.7411200713276
7.741120071327651
7.741120071327678
7.741120071327612
7.741120071327657
7.741120071327601
7.741120071327654
7.741120071327598
7.741120071327649
7.741120071327675
7.741120071327612
7.741120071327657
7.741120071327599
7.741120071327651
7.741120071327676
7.741120071327612
7.741120071327657
7.741120071327601
7.741120071327654
7.741120071327598
7.741120071327649
7.741120071327675
7.741120071327612
7.741120071327657
7.741120071327599
7.741120071327651
7.741120071327676
7.741120071327612
7.741120071327657
7.741120071327601
7.741120071327654
7.741120071327598
7.741120071327649
7.741120071327675
7.741120071327612
7.741120071327657
7.741120071327599
7.741120071327651
7.741120071327676
7.741120071327612
7.741120071327657
7.741120071327601
7.741120071327654
7.741120071327598
7.741120071327649
7.741120071327675
7.741120071327612
7.741120071327656
7.741120071327599
7.741120071327651
7.741120071327676
7.741120071327612
7.741120071327657
7.741120071327601
7.741120071327654
7.741120071327598
7.741120071327649
7.741120071327675
7.741120071327612
7.741120071327656
7.741120071327599
7.741120071327651
7.741120071327676
7.741120071327612
7.741120071327657
7.741120071327601
7.741120071327654
7.741120071327598
7.741120071327649
7.741120071327675
7.741120071327612
7.741120071327656
7.7411200713276
7.741120071327651
7.741120071327678
7.741120071327612
7.741120071327657
7.741120071327601
7.741120071327654
7.741120071327598
7.741120071327649
7.741120071327675
7.741120071327612
7.741120071327657
7.741120071327599
7.741120071327651
7.741120071327676
7.741120071327612
7.741120071327657
7.741120071327601
7.741120071327654
7.741120071327598
7.741120071327649
7.741120071327675
7.741120071327612
7.741120071327656
7.7411200713276
7.741120071327651
7.741120071327678
7.741120071327612
7.741120071327657
7.741120071327601
7.741120071327654
7.741120071327598
7.741120071327649
7.741120071327675
7.741120071327612
7.741120071327657
7.741120071327599
7.741120071327651
7.741120071327676
7.741120071327612
7.741120071327657
7.741120071327601
7.741120071327654
7.741120071327598
7.741120071327649
7.741120071327675
7.741120071327612
7.741120071327656
7.7411200713276
7.741120071327651
7.741120071327676
7.741120071327612
7.741120071327657
7.741120071327601
7.741120071327654
7.741120071327598
7.741120071327649
7.741120071327675
7.741120071327612
7.741120071327657
7.741120071327599
7.741120071327651
7.741120071327676
7.741120071327612
7.741120071327657
7.741120071327601
7.741120071327654
7.741120071327598
7.741120071327649
7.741120071327675
7.741120071327612
7.741120071327657
7.741120071327599
7.741120071327651
7.741120071327676
7.741120071327612
7.741120071327657
7.741120071327601
7.741120071327654
7.741120071327598
7.741120071327649
7.741120071327675
7.741120071327612
7.741120071327657
7.741120071327599
7.741120071327651
7.741120071327676
7.741120071327612
7.741120071327657
7.741120071327601
7.741120071327654
7.741120071327598
7.741120071327649
7.741120071327675
7.741120071327612
7.741120071327657
7.741120071327599
7.741120071327651
7.741120071327676
7.741120071327612
7.741120071327657
7.741120071327601
7.741120071327654
7.741120071327598
7.741120071327649
7.741120071327675
7.741120071327612
7.741120071327656
7.7411200713276
7.741120071327651
7.741120071327678
7.741120071327612
7.741120071327657
7.741120071327601
7.741120071327654
7.741120071327598
7.741120071327649
7.741120071327675
7.741120071327612
7.741120071327657
7.741120071327599
7.741120071327651
7.741120071327676
7.741120071327612
7.741120071327657
7.741120071327601
7.741120071327654
7.741120071327598
7.741120071327649
7.741120071327675
7.741120071327612
7.741120071327656
7.7411200713276
7.741120071327651
7.741120071327678
7.741120071327612
7.741120071327657
7.741120071327601
7.741120071327654
