INDEX TYPE XSTART YSTART XEND YEND THRESHOLD_P THRESHOLD_N Alpha
2810	2	9	9	13	16	0	-8548	16.8371
3206	2	21	5	26	14	0	-7600	16.1428
3294	2	18	6	27	14	0	-9130	15.0439
5404	0	21	9	28	15	43587	0	14.3488
2458	2	6	9	13	14	0	-9207	14.0588
2898	2	18	5	24	11	0	-9573	13.7842
2062	2	8	8	12	16	0	-8728	13.6496
1709	1	5	8	11	14	27698	0	13.36
2546	2	7	9	14	13	0	-10360	13.1575
3426	2	19	6	28	15	0	-9847	13.0587
2106	2	9	8	15	12	0	-9200	13.0121
2986	2	19	5	28	13	0	-9196	12.968
1884	0	7	8	13	12	46234	0	12.9056
1840	0	6	8	14	15	41235	0	12.8847
1711	3	5	8	11	14	0	-1884	12.8644
1710	2	5	8	11	14	0	-8394	12.8258
2984	0	19	5	28	13	31806	0	12.8249
2671	3	8	9	14	14	0	-605	12.7523
3424	0	19	6	28	15	27881	0	12.7517
2896	0	18	5	24	11	25855	0	12.5034
5317	1	21	9	27	12	26517	0	12.4765
3074	2	20	5	25	13	0	-7009	12.4361
2105	1	9	8	15	12	25178	0	12.4228
3292	0	18	6	27	14	22270	0	12.3972
3466	2	20	6	25	12	0	-5629	12.3855
2194	2	3	9	12	12	0	-8901	12.3148
5319	3	21	9	27	12	0	-787	12.3037
1798	2	6	8	12	13	0	-9116	12.2706
5318	2	21	9	27	12	0	-7995	12.2593
3072	0	20	5	25	13	35553	0	12.2481
2238	2	4	9	11	12	0	-9076	12.1854
1842	2	6	8	14	15	0	-9629	12.1562
2544	0	7	9	14	13	34227	0	12.1256
158	2	5	5	13	14	0	-5932	12.0794
2282	2	4	9	14	14	0	-7073	11.9933
1799	3	6	8	12	13	0	-414	11.9269
1797	1	6	8	12	13	28418	0	11.7888
246	2	7	5	12	12	0	-6630	11.7751
202	2	6	5	13	13	0	-5765	11.7617
5406	2	21	9	28	15	0	-7409	11.7549
1886	2	7	8	13	12	0	-7868	11.735
70	2	4	5	12	11	0	-2788	11.6841
26	2	7	4	11	12	0	-2465	11.6593
2061	1	8	8	12	16	17400	0	11.6396
2545	1	7	9	14	13	26993	0	11.5988
2670	2	8	9	14	14	0	-5887	11.5881
2193	1	3	9	12	12	26278	0	11.571
22	2	7	4	12	11	0	-2102	11.5386
66	2	4	5	11	11	0	-2556	11.4965
282	2	7	5	13	14	0	-4328	11.4473
286	2	7	5	14	14	0	-5207	11.4372
230	2	7	5	12	11	0	-2378	11.4362
278	2	7	5	12	14	0	-3679	11.4318
3427	3	19	6	28	15	8943	0	11.3925
2456	0	6	9	13	14	22752	0	11.3646
2897	1	18	5	24	11	20141	0	11.3423
2063	3	8	8	12	16	0	-1652	11.3248
2457	1	6	9	13	14	15791	0	11.2569
2985	1	19	5	28	13	22018	0	11.1791
69	1	4	5	12	11	18306	0	11.1533
18	2	7	4	11	11	9024	-1486	11.1473
154	2	5	5	12	14	0	-2181	11.1059
3295	3	18	6	27	14	6858	0	11.1019
3075	3	20	5	25	13	4593	0	11.0417
3293	1	18	6	27	14	17776	0	11.0337
3464	0	20	6	25	12	28451	0	11.0144
157	1	5	5	13	14	29582	0	10.9664
156	0	5	5	13	14	39004	0	10.942
5405	1	21	9	28	15	25323	0	10.9268
2987	3	19	5	28	13	4120	0	10.8806
201	1	6	5	13	13	26111	0	10.8423
4270	2	21	7	27	16	1074	0	10.805
2107	3	9	8	15	12	0	-1136	10.8022
2808	0	9	9	13	16	17977	0	10.7936
27	3	7	4	11	12	0	-453	10.7339
3204	0	21	5	26	14	15171	0	10.6662
2669	1	8	9	14	14	25759	0	10.6552
267	3	7	5	13	13	0	-2464	10.6457
1841	1	6	8	14	15	28667	0	10.6323
200	0	6	5	13	13	38627	0	10.6277
71	3	4	5	12	11	0	-130	10.6228
674	2	7	6	14	11	3938	-3234	10.5922
1059	3	5	7	12	12	4533	-1779	10.5616
2899	3	18	5	24	11	3195	0	10.5423
3435	3	20	6	24	11	529	-182	10.5352
2237	1	4	9	11	12	26304	0	10.5212
1885	1	7	8	13	12	32952	0	10.4855
2281	1	4	9	14	14	30751	0	10.4654
25	1	7	4	11	12	20209	0	10.4632
3374	2	19	6	28	13	3025	-2502	10.4537
3874	2	19	7	26	13	1548	0	10.4507
244	0	7	5	12	12	38040	0	10.3869
3875	3	19	7	26	13	4878	-5199	10.3809
3878	2	19	7	27	13	1281	0	10.3772
3073	1	20	5	25	13	25877	0	10.3609
270	2	7	5	14	13	0	-1681	10.354
3467	3	20	6	25	12	2759	0	10.332
3465	1	20	6	25	12	21601	0	10.3284
2250	2	4	9	14	12	1552	-1749	10.3194
3418	2	19	6	26	15	3078	-2250	10.3155
4271	3	21	7	27	16	7722	-35	10.257
1850	2	6	8	12	16	1263	-833	10.2399
4667	3	20	8	28	15	2332	-3443	10.2384
3883	3	19	7	28	13	4844	-6447	10.2307
2195	3	3	9	12	12	0	-234	10.1857
5062	2	19	9	27	14	314	0	10.1795
2642	2	8	9	12	13	704	-743	10.1481
3425	1	19	6	28	15	19191	0	10.1454
5271	3	20	9	27	16	4324	-4125	10.1075
245	1	7	5	12	12	27000	0	10.0923
3887	3	19	7	29	13	9081	-2154	10.0891
3452	0	20	6	29	11	16156	0	10.0859
10	2	6	4	11	12	8835	-1072	10.07
4671	3	20	8	29	15	6600	-87	10.0689
4286	2	18	8	26	11	3250	-3646	10.0661
281	1	7	5	13	14	28278	0	10.0471
1854	2	6	8	13	16	771	-2238	9.99932
285	1	7	5	14	14	30113	0	9.98914
190	2	6	5	14	12	10779	-1516	9.98371
277	1	7	5	12	14	26019	0	9.9799
818	2	8	6	14	14	2837	-1151	9.96396
89	1	4	5	11	13	12753	0	9.96281
2239	3	4	9	11	12	0	-58	9.94263
4674	2	20	8	23	16	2676	-1475	9.92929
3886	2	19	7	29	13	3419	-1280	9.90684
5070	2	19	9	29	14	2045	-1698	9.90089
675	3	7	6	14	11	8102	-92	9.88216
2283	3	4	9	14	14	0	-279	9.87801
3453	1	20	6	29	11	14350	0	9.876
3053	1	20	5	27	12	14448	0	9.86289
4675	3	20	8	23	16	2184	-4269	9.85777
3591	3	21	6	29	11	5719	-319	9.85647
280	0	7	5	13	14	34226	0	9.85448
1062	2	5	7	13	12	1149	-1932	9.842
284	0	7	5	14	14	34731	0	9.84106
5074	2	19	9	23	15	2658	-3445	9.83408
4287	3	18	8	26	11	8046	-32	9.83152
3056	0	20	5	28	12	20071	0	9.82331
5067	3	19	9	28	14	1395	-3268	9.81711
3457	1	20	6	23	12	16043	0	9.81125
3445	1	20	6	27	11	10256	0	9.809
2584	0	7	9	11	16	29339	0	9.7972
3052	0	20	5	27	12	15612	0	9.78466
3061	1	20	5	29	12	17976	0	9.76928
3049	1	20	5	26	12	12189	0	9.76806
485	1	4	6	11	14	12079	0	9.76613
1851	3	6	8	12	16	1053	-1099	9.7637
673	1	7	6	14	11	23650	0	9.76092
2978	2	19	5	26	13	3353	-5838	9.75522
949	1	3	7	11	13	22226	0	9.74857
3455	3	20	6	29	11	6297	-243	9.74736
2665	1	8	9	13	14	19905	0	9.74495
881	1	9	6	12	13	10836	0	9.7387
1673	1	5	8	14	11	8194	0	9.73794
1761	1	6	8	13	11	8503	0	9.73481
4682	2	20	8	25	16	3100	-4540	9.73436
2974	2	19	5	25	13	2831	-2198	9.72914
1277	1	7	7	13	13	9639	0	9.72615
14	2	6	4	12	12	9560	-1299	9.71813
2189	1	3	9	11	12	22059	0	9.71263
265	1	7	5	13	13	19164	0	9.71179
2666	2	8	9	13	14	3202	-1563	9.71084
238	2	7	5	14	11	0	-5545	9.71028
4691	3	20	8	27	16	3331	0	9.70736
266	2	7	5	13	13	0	-276	9.70203
150	2	5	5	11	14	10750	-1795	9.68968
1030	2	4	7	12	15	3843	-5790	9.6883
1839	3	6	8	13	15	3609	-6494	9.68477
2980	0	19	5	27	13	24342	0	9.66847
1058	2	5	7	12	12	1641	-527	9.66561
54	2	9	4	12	11	9463	-1038	9.66399
269	1	7	5	14	13	21055	0	9.65705
2628	0	8	9	14	12	28689	0	9.65529
3205	1	21	5	26	14	13210	0	9.65185
1828	0	6	8	11	15	28922	0	9.65108
2206	2	3	9	12	13	1552	-2072	9.64456
133	1	5	5	11	13	16479	0	9.6442
3207	3	21	5	26	14	4146	0	9.63995
4242	2	21	7	27	15	1749	-2144	9.63952
1233	1	7	7	12	11	7062	0	9.63835
1026	2	4	7	11	15	1342	-1826	9.63632
3790	2	18	7	27	14	3294	-2249	9.63562
906	2	9	6	14	14	5474	-4935	9.63218
3378	2	19	6	29	13	3100	-6874	9.63165
2809	1	9	9	13	16	14248	0	9.62801
2598	2	8	9	11	11	761	-1037	9.62753
3020	0	20	5	26	11	24412	0	9.62694
1629	1	4	8	14	13	6271	0	9.62643
93	1	4	5	12	13	14088	0	9.61276
94	2	4	5	12	13	11250	-1189	9.6097
3290	2	18	6	26	14	3170	-2279	9.60678
1018	2	4	7	13	14	0	-1875	9.60445
489	1	4	6	12	14	13070	0	9.60317
2585	1	7	9	11	16	19717	0	9.6006
4445	1	19	8	25	13	8524	0	9.60009
950	2	3	7	11	13	5506	-5799	9.59843
969	1	4	7	13	11	11501	0	9.597
2582	2	7	9	14	15	3212	-5816	9.59327
3022	2	20	5	26	11	3712	-5890	9.58886
3050	2	20	5	26	12	1411	-1252	9.58832
1015	3	4	7	12	14	4506	-1619	9.58751
3055	3	20	5	27	12	5791	-878	9.58534
905	1	9	6	14	14	16982	0	9.5818
185	1	6	5	13	12	16586	0	9.57982
2982	2	19	5	27	13	3246	-7735	9.57829
186	2	6	5	13	12	10921	-1280	9.5738
4049	1	20	7	26	14	8995	0	9.57046
493	1	4	6	13	14	13740	0	9.56932
1281	1	7	7	14	13	10714	0	9.56643
441	1	4	6	12	11	8849	0	9.56385
3653	1	21	6	24	14	10646	0	9.55885
3422	2	19	6	27	15	3161	-7105	9.55369
1365	1	8	7	14	12	10262	0	9.55166
1237	1	7	7	13	11	7947	0	9.54903
4841	1	21	8	25	16	7312	-296	9.54517
2981	1	19	5	27	13	17738	0	9.54206
3043	3	20	5	24	12	1587	-1098	9.54102
276	0	7	5	12	14	32519	0	9.54013
2025	1	8	8	12	14	5240	0	9.53871
1677	1	5	8	11	12	9393	0	9.53839
97	1	4	5	13	13	14866	0	9.5316
577	1	5	6	13	15	14067	0	9.53048
5066	2	19	9	28	14	1419	-942	9.52881
5237	1	20	9	26	15	6370	-651	9.52619
3443	3	20	6	26	11	1474	-2013	9.5256
2113	1	9	8	12	13	8804	0	9.52468
3334	2	19	6	25	12	3435	-2082	9.52408
1717	1	5	8	13	14	10751	0	9.52345
3757	1	18	7	25	13	24156	0	9.52223
3831	3	19	7	29	11	4808	-5437	9.52168
3040	0	20	5	24	12	11450	0	9.51988
889	1	9	6	14	13	13417	0	9.50904
178	2	6	5	11	12	10281	-1021	9.50878
141	1	5	5	13	13	19336	0	9.5075
1806	2	6	8	14	13	1699	-804	9.50594
3377	1	19	6	29	13	16051	0	9.50384
3441	1	20	6	26	11	10163	0	9.49926
3412	0	19	6	25	15	17989	0	9.49784
146	2	5	5	14	13	11387	-2124	9.49743
5087	3	19	9	26	15	6608	0	9.49455
3416	0	19	6	26	15	23315	0	9.49205
4513	1	19	8	28	15	18997	0	9.49008
929	1	3	7	12	11	14920	0	9.48949
45	1	8	4	12	12	9770	0	9.48749
1369	1	8	7	15	12	11541	0	9.48708
3442	2	20	6	26	11	647	-877	9.48442
2651	3	8	9	14	13	2216	-3071	9.48391
497	1	4	6	11	15	15330	0	9.48195
925	1	3	7	11	11	13469	0	9.4812
1414	2	8	7	12	15	2494	-1206	9.47983
4449	1	19	8	26	13	9203	0	9.47835
1633	1	4	8	11	14	7028	0	9.47749
4489	1	19	8	29	14	10111	0	9.47686
2649	1	8	9	14	13	14429	0	9.475
3041	1	20	5	24	12	9742	0	9.47474
3051	3	20	5	26	12	2573	-3918	9.47448
1853	1	6	8	13	16	16415	0	9.47219
880	0	9	6	12	13	13468	0	9.47168
3045	1	20	5	25	12	12305	0	9.47092
4053	1	20	7	27	14	10097	0	9.47034
845	1	9	6	13	11	10025	0	9.46956
88	0	4	5	11	13	16439	0	9.469
2586	2	7	9	11	16	3563	-7215	9.46809
1814	2	6	8	11	14	2196	-3106	9.46609
145	1	5	5	14	13	21099	0	9.46538
4533	1	20	8	23	11	12804	0	9.46225
2630	2	8	9	14	12	3868	-7364	9.45727
3697	1	21	6	28	15	12647	0	9.45567
933	1	3	7	13	11	16870	0	9.45412
2249	1	4	9	14	12	14097	0	9.451
1276	0	7	7	13	13	10475	0	9.45058
3882	2	19	7	28	13	3126	-171	9.44832
1241	1	7	7	14	11	8795	0	9.4475
3433	1	20	6	24	11	4868	0	9.44721
3414	2	19	6	25	15	2343	-1917	9.44679
3766	2	18	7	27	13	2009	-5631	9.43834
3376	0	19	6	29	13	22483	0	9.43643
573	1	5	6	12	15	12397	0	9.43569
1325	1	7	7	12	16	13607	0	9.43487
3670	2	21	6	28	14	2309	-1608	9.43193
3062	2	20	5	29	12	1982	-2052	9.43026
1285	1	7	7	15	13	12228	0	9.42499
1289	1	7	7	11	14	12870	0	9.42444
484	0	4	6	11	14	16318	0	9.42242
1321	1	7	7	11	16	11842	0	9.42036
4845	1	21	8	26	16	8192	0	9.41991
2191	3	3	9	11	12	6365	-1104	9.41366
2509	1	7	9	15	11	6900	0	9.41253
2421	1	6	9	14	12	4225	0	9.41225
2950	2	19	5	25	12	880	-656	9.40907
638	2	6	6	13	14	4548	-6691	9.40716
3413	1	19	6	25	15	13731	0	9.40671
661	1	7	6	11	11	16795	0	9.40578
4683	3	20	8	25	16	2572	-2526	9.40552
2073	1	9	8	12	11	7821	0	9.4031
1810	2	6	8	15	13	1163	-2064	9.4026
2848	0	20	4	27	12	14424	0	9.40121
1329	1	7	7	13	16	15054	0	9.39895
3436	0	20	6	25	11	6380	0	9.39803
4137	1	21	7	29	11	14322	0	9.3975
2970	2	19	5	24	13	2130	-2220	9.39687
2465	1	6	9	11	15	5309	0	9.39651
3058	2	20	5	28	12	1889	-1659	9.3935
937	1	3	7	11	12	17974	0	9.39289
3245	1	18	6	25	12	9991	0	9.39103
3398	2	19	6	27	14	695	-833	9.39064
1672	0	5	8	14	11	10519	0	9.38945
533	1	5	6	14	12	15993	0	9.3885
445	1	4	6	13	11	9732	0	9.38708
3366	2	19	6	26	13	1378	-1770	9.38657
5370	2	21	9	26	14	754	-674	9.38425
1721	1	5	8	14	14	11975	0	9.38265
5241	1	20	9	27	15	7124	-410	9.38054
4278	2	18	8	24	11	2652	-373	9.38024
3054	2	20	5	27	12	1243	-2188	9.37726
1453	1	9	7	15	11	15871	0	9.37677
3063	3	20	5	29	12	6188	-528	9.37533
1232	0	7	7	12	11	8263	0	9.37504
849	1	9	6	14	11	10711	0	9.37379
2114	2	9	8	12	13	1744	-963	9.37315
4885	1	18	9	25	12	9108	0	9.37153
2553	1	7	9	11	14	5769	0	9.37078
4186	2	21	7	27	13	1448	-1560	9.37035
3370	2	19	6	27	13	2393	-2301	9.36661
1849	1	6	8	12	16	13683	0	9.36521
537	1	5	6	11	13	17921	0	9.3647
1637	1	4	8	12	14	8109	0	9.36378
3661	1	21	6	26	14	12549	0	9.36293
4579	3	20	8	27	12	2419	-2437	9.36249
1681	1	5	8	12	12	10575	0	9.36171
5426	2	21	9	26	16	1248	-2660	9.35918
5374	2	21	9	27	14	2024	-1508	9.35719
3037	1	20	5	23	12	7010	0	9.35526
4453	1	19	8	27	13	10174	0	9.35359
541	1	5	6	12	13	19763	0	9.34941
1322	2	7	7	11	16	1373	-1197	9.34746
977	1	4	7	11	12	13737	0	9.34512
5417	1	21	9	24	16	13565	0	9.34467
970	2	4	7	13	11	2204	-563	9.34084
3718	2	18	7	27	11	1594	-1214	9.33983
2158	2	9	8	13	15	1851	-851	9.33949
5281	1	21	9	25	11	7677	0	9.33889
1418	2	8	7	13	15	1937	-1979	9.33776
138	2	5	5	12	13	10666	-1839	9.33749
1831	3	6	8	11	15	2384	-7181	9.33714
486	2	4	6	11	14	2530	-1278	9.33302
2811	3	9	9	13	16	1294	0	9.33172
3762	2	18	7	26	13	1321	-1554	9.33078
2245	1	4	9	13	12	11365	0	9.33029
1685	1	5	8	13	12	11579	0	9.3297
1245	1	7	7	15	11	9976	0	9.32906
5421	1	21	9	25	16	15500	0	9.32776
2029	1	8	8	13	14	6170	0	9.32742
3450	2	20	6	28	11	1141	-1283	9.32715
1301	1	7	7	14	14	16459	0	9.32434
4093	1	20	7	23	16	11919	0	9.32377
2145	1	9	8	15	14	23200	0	9.32296
2664	0	8	9	13	14	27475	0	9.3221
2849	1	20	4	27	12	11867	0	9.32147
92	0	4	5	12	13	16977	0	9.32034
3746	2	18	7	28	12	2388	-1903	9.31372
2049	1	8	8	13	15	11416	0	9.31326
2641	1	8	9	12	13	9134	0	9.30908
4638	2	20	8	28	14	2575	-4183	9.30858
1641	1	4	8	13	14	9007	0	9.30779
2209	1	3	9	13	13	13766	0	9.30468
3434	2	20	6	24	11	288	-471	9.30415
4057	1	20	7	28	14	11242	0	9.30325
149	1	5	5	11	14	21543	0	9.30286
930	2	3	7	12	11	2274	-1088	9.30254
4231	3	21	7	24	15	3720	-5251	9.30047
882	2	9	6	12	13	2057	-659	9.29856
4541	1	20	8	25	11	15965	0	9.29716
3656	0	21	6	25	14	14507	0	9.29683
4469	1	19	8	24	14	15276	0	9.29593
622	2	6	6	13	13	635	-1659	9.29552
4468	0	19	8	24	14	23892	0	9.2948
2235	3	4	9	14	11	6330	-609	9.29433
1022	2	4	7	14	14	1886	-2905	9.2939
2578	2	7	9	13	15	3148	-2563	9.29359
5021	1	19	9	24	13	15126	0	9.29258
663	3	7	6	11	11	11745	0	9.28938
4153	1	21	7	26	12	22162	0	9.28859
4690	2	20	8	27	16	3143	0	9.2882
4470	2	19	8	24	14	2684	-1403	9.28366
2190	2	3	9	11	12	3397	-7008	9.28317
974	2	4	7	14	11	1831	-1182	9.28268
1807	3	6	8	14	13	1058	-770	9.27965
593	1	6	6	14	11	19024	0	9.27924
2994	2	19	5	24	14	493	-1347	9.27881
4849	1	21	8	27	16	9170	0	9.2766
2949	1	19	5	25	12	4478	0	9.27503
2117	1	9	8	13	13	9954	0	9.27389
1278	2	7	7	13	13	1120	-907	9.27327
3652	0	21	6	24	14	14105	0	9.27279
2640	0	8	9	12	13	10724	0	9.27106
2233	1	4	9	14	11	22351	0	9.27051
4457	1	19	8	28	13	11425	0	9.26982
2234	2	4	9	14	11	3432	-7494	9.26932
440	0	4	6	12	11	13640	0	9.26901
793	1	8	6	12	13	9623	0	9.26852
2445	1	6	9	15	13	10001	0	9.26775
2213	1	3	9	11	14	15680	0	9.26746
2205	1	3	9	12	13	11608	0	9.2647
1676	0	5	8	11	12	10972	0	9.26302
1836	0	6	8	13	15	32865	0	9.26238
3456	0	20	6	23	12	21223	0	9.26212
132	0	5	5	11	13	20306	0	9.26044
2906	2	18	5	23	12	601	-784	9.26008
2161	1	9	8	14	15	8641	0	9.25827
1838	2	6	8	13	15	2751	-6730	9.25787
53	1	9	4	12	11	11165	0	9.25688
5075	3	19	9	23	15	1246	-2665	9.25611
5425	1	21	9	26	16	17070	0	9.25523
941	1	3	7	12	12	19287	0	9.25405
2862	2	21	4	25	11	876	-559	9.25312
3668	0	21	6	28	14	23675	0	9.25036
1725	1	5	8	11	15	13026	0	9.24929
4061	1	20	7	29	14	11759	0	9.24842
1645	1	4	8	14	14	10144	0	9.24448
897	1	9	6	12	14	15251	0	9.24418
3847	3	19	7	26	12	5249	-5593	9.24378
5086	2	19	9	26	15	2512	0	9.24341
4889	1	18	9	26	12	10344	0	9.24274
1013	1	4	7	12	14	12051	0	9.24132
1454	2	9	7	15	11	149	-1172	9.24075
1348	0	8	7	15	11	30444	0	9.23907
2596	0	8	9	11	11	9626	0	9.23864
853	1	9	6	15	11	12414	0	9.23818
3741	1	18	7	27	12	15376	0	9.23659
5413	1	21	9	23	16	11292	0	9.23458
236	0	7	5	14	11	32877	0	9.23386
3432	0	20	6	24	11	5402	0	9.22996
3410	2	19	6	24	15	1707	-3019	9.229
2580	0	7	9	14	15	24806	0	9.22441
1366	2	8	7	14	12	961	-1072	9.22322
1829	1	6	8	11	15	20041	0	9.22284
5029	1	19	9	26	13	18568	0	9.22219
222	2	6	5	14	14	425	-1457	9.21925
3039	3	20	5	23	12	4414	0	9.21898
2587	3	7	9	11	16	2233	-1435	9.21837
4497	1	19	8	24	15	12663	0	9.2178
2581	1	7	9	14	15	18606	0	9.21684
3038	2	20	5	23	12	341	-1232	9.21472
3202	2	21	5	25	14	1638	-1391	9.21375
2845	1	20	4	26	12	9993	0	9.21214
2045	1	8	8	12	15	10146	0	9.20965
2246	2	4	9	13	12	1027	-1350	9.20914
1280	0	7	7	14	13	13902	0	9.20855
1628	0	4	8	14	13	8473	0	9.20807
1293	1	7	7	12	14	14055	0	9.20705
1189	1	6	7	12	14	8381	0	9.20635
5023	3	19	9	24	13	1536	-3400	9.20496
4097	1	20	7	24	16	13139	0	9.20385
488	0	4	6	12	14	17091	0	9.20334
96	0	4	5	13	13	20792	0	9.20224
3405	1	19	6	23	15	10652	0	9.20055
4401	1	19	8	28	11	9700	0	9.19869
5245	1	20	9	28	15	8039	0	9.19792
819	3	8	6	14	14	6043	-851	9.19718
3745	1	18	7	28	12	16906	0	9.19656
3241	1	18	6	24	12	8728	0	9.19519
140	0	5	5	13	13	24074	0	9.19488
3335	3	19	6	25	12	1475	0	9.1944
1697	1	5	8	12	13	15328	0	9.19405
924	0	3	7	11	11	16350	0	9.19192
797	1	8	6	13	13	11002	0	9.19119
4959	3	18	9	26	15	3788	-3578	9.18973
1297	1	7	7	13	14	15438	0	9.18925
2077	1	9	8	13	11	9168	0	9.1847
2817	1	20	4	24	11	3141	0	9.18382
64	0	4	5	11	11	25849	0	9.18272
2976	0	19	5	26	13	21717	0	9.17973
3246	2	18	6	25	12	1887	-1540	9.17936
46	2	8	4	12	12	1816	-1024	9.17877
2613	1	8	9	15	11	13937	0	9.17823
2053	1	8	8	14	15	12131	0	9.17726
4797	1	21	8	28	14	8606	0	9.17692
2210	2	3	9	13	13	1265	-1290	9.17625
3612	0	21	6	28	12	13549	0	9.1756
5422	2	21	9	25	16	1666	-2240	9.17482
5082	2	19	9	25	15	2647	-6339	9.17428
5036	0	19	9	28	13	27326	0	9.17152
4461	1	19	8	29	13	12138	0	9.17111
453	1	4	6	11	12	11543	0	9.17077
4052	0	20	7	27	14	14639	0	9.17024
4101	1	20	7	25	16	14010	0	9.16934
2425	1	6	9	15	12	5202	0	9.16882
3709	1	18	7	25	11	16911	0	9.16803
545	1	5	6	13	13	20128	0	9.16773
5003	3	19	9	26	12	3585	-6985	9.16734
2244	0	4	9	13	12	15281	0	9.16649
2033	1	8	8	14	14	7041	0	9.16525
3440	0	20	6	26	11	10725	0	9.16471
3754	2	18	7	24	13	1099	-1701	9.16357
3406	2	19	6	23	15	1180	-1726	9.16259
3391	3	19	6	25	14	384	-185	9.16127
2202	2	3	9	11	13	1381	-1366	9.16012
5325	1	21	9	29	12	10036	0	9.15973
2217	1	3	9	12	14	15469	0	9.15903
3582	2	21	6	27	11	2062	-995	9.15747
3829	1	19	7	29	11	20838	0	9.15609
1689	1	5	8	14	12	12781	0	9.15467
928	0	3	7	12	11	19509	0	9.15285
492	0	4	6	13	14	17223	0	9.15249
3666	2	21	6	27	14	3220	-2124	9.15075
2667	3	8	9	13	14	3747	-5807	9.15014
1813	1	6	8	11	14	15664	0	9.14887
4915	3	18	9	26	13	3693	-2758	9.14851
4634	2	20	8	27	14	1516	-1582	9.14813
4933	1	18	9	25	14	13039	0	9.14781
1653	1	4	8	12	15	12529	0	9.14722
98	2	4	5	13	13	11786	-893	9.14658
4444	0	19	8	25	13	11370	0	9.14603
444	0	4	6	13	11	13615	0	9.14354
3042	2	20	5	24	12	882	-1373	9.14212
3658	2	21	6	25	14	2078	-1407	9.14029
4831	3	21	8	29	15	6693	-6056	9.13951
1263	3	7	7	14	12	4621	-3246	9.13924
2648	0	8	9	14	13	15929	0	9.13865
2464	0	6	9	11	15	7112	0	9.13811
2993	1	19	5	24	14	5742	0	9.13758
3669	1	21	6	28	14	14958	0	9.13675
5193	1	20	9	29	13	7213	0	9.13601
142	2	5	5	13	13	11592	-1245	9.13525
888	0	9	6	14	13	17276	0	9.13407
1729	1	5	8	12	15	14744	0	9.1325
4937	1	18	9	26	14	14613	0	9.13219
3665	1	21	6	27	14	12528	0	9.13162
4190	2	21	7	28	13	1088	-2791	9.13099
1029	1	4	7	12	15	20027	0	9.13028
3570	2	21	6	24	11	2435	-1034	9.12969
1649	1	4	8	11	15	11140	0	9.12939
2248	0	4	9	14	12	15767	0	9.12799
237	1	7	5	14	11	23921	0	9.12772
1031	3	4	7	12	15	3057	-362	9.1273
4048	0	20	7	26	14	14059	0	9.12569
5269	1	20	9	27	16	17723	0	9.12524
4194	2	21	7	29	13	2329	-2707	9.12448
2072	0	9	8	12	11	10614	0	9.12409
2212	0	3	9	11	14	18140	0	9.12353
1193	1	6	7	13	14	9707	0	9.12273
1349	1	8	7	15	11	22974	0	9.12226
2977	1	19	5	26	13	16627	0	9.12144
4840	0	21	8	25	16	8475	0	9.12104
1741	1	5	8	11	16	19742	0	9.12034
1413	1	8	7	12	15	15266	0	9.11951
2165	1	9	8	11	16	10601	0	9.11905
2024	0	8	8	12	14	8664	0	9.11763
4586	2	20	8	29	12	1765	-2071	9.11728
1745	1	5	8	12	16	21348	0	9.11661
2997	1	19	5	25	14	7638	0	9.11626
2037	1	8	8	15	14	7947	0	9.11498
2052	0	8	8	14	15	17557	0	9.11458
446	2	4	6	13	11	2334	-1026	9.11325
1809	1	6	8	15	13	13506	0	9.11288
2081	1	9	8	14	11	10274	0	9.11253
4426	2	19	8	27	12	2332	-1070	9.11159
3873	1	19	7	26	13	24075	0	9.11123
4893	1	18	9	27	12	11514	0	9.11012
2041	1	8	8	11	15	9224	0	9.10899
4582	2	20	8	28	12	493	-1970	9.10868
4796	0	21	8	28	14	8198	0	9.10797
2201	1	3	9	11	13	9278	0	9.10705
3660	0	21	6	26	14	17329	0	9.10637
1585	1	4	8	11	11	7263	0	9.10599
4800	0	21	8	29	14	11221	0	9.10509
1236	0	7	7	13	11	11016	0	9.10362
4269	1	21	7	27	16	21807	0	9.10208
3005	1	19	5	27	14	10390	0	9.10169
3401	1	19	6	28	14	8705	0	9.10141
2962	2	19	5	28	12	1428	-1199	9.10107
1632	0	4	8	11	14	8355	0	9.09916
4405	1	19	8	29	11	10657	0	9.09828
4400	0	19	8	28	11	10897	0	9.09747
4556	0	20	8	29	11	30123	0	9.09611
4665	1	20	8	28	15	19349	0	9.09578
4448	0	19	8	26	13	14667	0	9.09506
2162	2	9	8	14	15	1332	-477	9.09476
2489	1	6	9	13	16	12574	0	9.09392
2014	2	8	8	14	13	1223	-2099	9.09354
1769	1	6	8	15	11	11608	0	9.0926
3444	0	20	6	27	11	13749	0	9.09205
1284	0	7	7	15	13	17373	0	9.09093
801	1	8	6	14	13	12296	0	9.09064
532	0	5	6	14	12	19814	0	9.08957
926	2	3	7	11	11	2289	-670	9.08878
3608	0	21	6	27	12	13763	0	9.0885
2905	1	18	5	23	12	4866	0	9.08805
3333	1	19	6	25	12	16780	0	9.08739
3373	1	19	6	28	13	14940	0	9.08617
1417	1	8	7	13	15	17074	0	9.08539
5240	0	20	9	27	15	8861	0	9.08393
2597	1	8	9	11	11	7466	0	9.08357
4801	1	21	8	29	14	9802	0	9.08322
4505	1	19	8	26	15	14919	0	9.08247
4844	0	21	8	26	16	11619	0	9.08148
3845	1	19	7	26	12	28735	0	9.07968
3060	0	20	5	29	12	25754	0	9.07925
1716	0	5	8	13	14	12253	0	9.07789
3696	0	21	6	28	15	16325	0	9.07678
1320	0	7	7	11	16	12988	0	9.07635
3578	2	21	6	26	11	2614	-1360	9.0752
4578	2	20	8	27	12	883	-819	9.07425
3036	0	20	5	23	12	5792	0	9.07351
184	0	6	5	13	12	24150	0	9.07183
4005	1	20	7	29	12	10219	0	9.07127
2420	0	6	9	14	12	5748	0	9.06959
4549	1	20	8	27	11	20222	0	9.06891
3613	1	21	6	28	12	12226	0	9.06849
2996	0	19	5	25	14	9452	0	9.06783
2469	1	6	9	12	15	6471	0	9.06695
3001	1	19	5	26	14	9446	0	9.0655
4945	1	18	9	23	15	17736	0	9.0643
144	0	5	5	14	13	27613	0	9.06347
2629	1	8	9	14	12	20001	0	9.06318
2612	0	8	9	15	11	17959	0	9.06069
5236	0	20	9	26	15	8888	0	9.05972
223	3	6	5	14	14	1997	-2435	9.05878
3446	2	20	6	27	11	325	-1653	9.0585
794	2	8	6	12	13	1498	-692	9.05451
578	2	5	6	13	15	3084	-1275	9.05408
5196	0	20	9	23	14	8640	0	9.05374
792	0	8	6	12	13	10733	0	9.05307
4941	1	18	9	27	14	16409	0	9.0527
5061	1	19	9	27	14	16818	0	9.05141
4501	1	19	8	25	15	13944	0	9.05062
2631	3	8	9	14	12	1928	-1286	9.04987
5197	1	20	9	23	14	8320	0	9.04932
3616	0	21	6	29	12	17034	0	9.04872
3420	0	19	6	27	15	21445	0	9.04774
397	1	9	5	14	13	10179	0	9.04745
3021	1	20	5	26	11	16747	0	9.04659
3372	0	19	6	28	13	21269	0	9.04623
3362	2	19	6	25	13	1198	-1082	9.04593
4105	1	20	7	26	16	14949	0	9.04405
501	1	4	6	12	15	17103	0	9.04354
3409	1	19	6	24	15	12227	0	9.04324
44	0	8	4	12	12	13231	0	9.04281
4669	1	20	8	29	15	21355	0	9.04228
4109	1	20	7	27	16	16489	0	9.04177
4181	1	21	7	26	13	11558	0	9.04058
4008	0	20	7	23	13	13573	0	9.04026
2861	1	21	4	25	11	3895	0	9.0394
5249	1	20	9	29	15	9276	0	9.03907
1422	2	8	7	14	15	2074	-4310	9.0381
52	0	9	4	12	11	16665	0	9.03772
810	2	8	6	12	14	2367	-1113	9.03712
3881	1	19	7	28	13	28189	0	9.03256
4182	2	21	7	26	13	3060	-1452	9.03218
1762	2	6	8	13	11	711	-385	9.03183
550	2	5	6	14	13	4101	-685	9.03045
2650	2	8	9	14	13	1639	-2110	9.03004
65	1	4	5	11	11	17263	0	9.02914
4639	3	20	8	28	14	2759	-2801	9.0274
2015	3	8	8	14	13	6345	-1421	9.02702
4425	1	19	8	27	12	17416	0	9.02631
3332	0	19	6	25	12	22842	0	9.02556
968	0	4	7	13	11	16563	0	9.02516
1733	1	5	8	13	15	15967	0	9.02481
2999	3	19	5	25	14	1346	-1157	9.02339
152	0	5	5	12	14	35539	0	9.02286
247	3	7	5	12	12	2474	0	9.02206
3393	1	19	6	26	14	5667	0	9.02117
1188	0	6	7	12	14	8157	0	9.02023
4404	0	19	8	29	11	13587	0	9.01938
5192	0	20	9	29	13	8177	0	9.01894
4558	2	20	8	29	11	2361	-1204	9.01734
1025	1	4	7	11	15	18080	0	9.01662
2121	1	9	8	14	13	11421	0	9.01549
5022	2	19	9	24	13	1022	-1871	9.01468
4689	1	20	8	27	16	25029	0	9.01323
1324	0	7	7	12	16	16250	0	9.01266
2561	1	7	9	13	14	8995	0	9.01121
3756	0	18	7	25	13	30118	0	9.01034
398	2	9	5	14	13	1446	-917	9.01001
1821	1	6	8	13	14	16962	0	9.00955
932	0	3	7	13	11	20032	0	9.00909
3885	1	19	7	29	13	30496	0	9.00833
805	1	8	6	11	14	13412	0	9.00792
3389	1	19	6	25	14	3771	0	9.00748
2508	0	7	9	15	11	8484	0	9.00698
4452	0	19	8	27	13	14754	0	9.00656
2429	1	6	9	11	13	6087	0	9.00621
2085	1	9	8	15	11	11552	0	9.00563
5420	0	21	9	25	16	18830	0	9.00378
814	2	8	6	13	14	2554	-1259	9.00344
2554	2	7	9	11	14	601	-312	9.00306
3288	0	18	6	26	14	19297	0	9.00274
5037	1	19	9	28	13	20903	0	9.00007
1981	1	8	8	11	12	6248	0	8.99973
1	1	6	4	11	11	10873	0	8.99899
3244	0	18	6	25	12	14721	0	8.99671
1837	1	6	8	13	15	24045	0	8.99639
5065	1	19	9	28	14	18824	0	8.9955
3753	1	18	7	24	13	21147	0	8.99509
1409	1	8	7	11	15	12945	0	8.99418
4424	0	19	8	27	12	20320	0	8.99371
4673	1	20	8	23	16	23463	0	8.99179
5200	0	20	9	24	14	11627	0	8.99127
153	1	5	5	12	14	28065	0	8.98866
1830	2	6	8	11	15	3278	-2756	8.98831
1589	1	4	8	12	11	8708	0	8.98798
2441	1	6	9	14	13	8969	0	8.98703
1410	2	8	7	11	15	684	-987	8.98668
2850	2	20	4	27	12	1495	-1868	8.98615
5415	3	21	9	23	16	596	-1327	8.98367
4004	0	20	7	29	12	13106	0	8.98264
574	2	5	6	12	15	2499	-1579	8.98212
4512	0	19	8	28	15	25930	0	8.9815
796	0	8	6	13	13	13342	0	8.98049
1377	1	8	7	12	13	14669	0	8.98017
3664	0	21	6	27	14	21063	0	8.97987
3447	3	20	6	27	11	5671	0	8.97956
396	0	9	5	14	13	12873	0	8.97911
2028	0	8	8	13	14	8341	0	8.97881
442	2	4	6	12	11	1158	-1176	8.97799
2141	1	9	8	14	14	19599	0	8.97765
1805	1	6	8	14	13	11176	0	8.97649
5253	1	20	9	23	16	10442	0	8.97572
4050	2	20	7	26	14	1782	-1389	8.97502
3454	2	20	6	29	11	803	-2162	8.97461
287	3	7	5	14	14	6311	0	8.97389
4239	3	21	7	26	15	3592	-5195	8.97338
4009	1	20	7	23	13	11531	0	8.97283
1720	0	5	8	14	14	13163	0	8.97148
1028	0	4	7	12	15	26511	0	8.97098
418	2	3	6	11	11	2609	-1825	8.96967
5333	1	21	9	24	13	12846	0	8.96915
1636	0	4	8	12	14	11438	0	8.9687
8	0	6	4	11	12	15335	0	8.96841
2841	1	20	4	25	12	9073	0	8.96618
2200	0	3	9	11	13	13648	0	8.9658
462	2	4	6	13	12	2628	-1520	8.9651
228	0	7	5	12	11	26334	0	8.96471
4285	1	18	8	26	11	30664	0	8.96411
2552	0	7	9	11	14	8511	0	8.96372
4897	1	18	9	28	12	12639	0	8.96342
5085	1	19	9	26	15	23258	0	8.96275
3846	2	19	7	26	12	2661	-2279	8.96015
1584	0	4	8	11	11	8135	0	8.95945
5378	2	21	9	28	14	1446	-1688	8.95911
5382	2	21	9	29	14	1630	-2786	8.95794
4509	1	19	8	27	15	16159	0	8.95706
1701	1	5	8	13	13	16611	0	8.95619
4056	0	20	7	28	14	14614	0	8.95564
2112	0	9	8	12	13	12161	0	8.95527
2377	1	5	9	11	16	5077	0	8.95416
3397	1	19	6	27	14	7475	0	8.95326
844	0	9	6	13	11	14417	0	8.95178
3786	2	18	7	26	14	1456	-1028	8.95122
1197	1	6	7	14	14	10537	0	8.95086
2204	0	3	9	12	13	13353	0	8.9505
406	2	9	5	12	14	1960	-1166	8.95013
4848	0	21	8	27	16	15105	0	8.94974
1848	0	6	8	12	16	15247	0	8.94767
4357	1	18	8	26	14	7265	0	8.94581
5341	1	21	9	26	13	16203	0	8.945
1760	0	6	8	13	11	12373	0	8.94467
1222	2	6	7	12	16	1976	-4202	8.94335
5069	1	19	9	29	14	20932	0	8.94275
5031	3	19	9	26	13	1444	-2814	8.94228
4195	3	21	7	29	13	3789	-2090	8.94089
4631	3	20	8	26	14	2350	-4449	8.94057
4901	1	18	9	23	13	13840	0	8.93966
1852	0	6	8	13	16	15733	0	8.93935
5289	1	21	9	27	11	10395	0	8.93887
623	3	6	6	13	13	7259	-3692	8.93804
5371	3	21	9	26	14	770	-1064	8.9343
1253	1	7	7	12	12	11979	0	8.93288
3330	2	19	6	24	12	1533	-1917	8.93254
1351	3	8	7	15	11	4415	-3636	8.93138
3399	3	19	6	27	14	297	-1975	8.93089
4637	1	20	8	28	14	23622	0	8.92998
3345	1	19	6	28	12	3043	0	8.92952
4681	1	20	8	25	16	28206	0	8.92911
1680	0	5	8	12	12	13827	0	8.92814
637	1	6	6	13	14	23449	0	8.92743
4670	2	20	8	29	15	1556	0	8.92654
3614	2	21	6	28	12	1607	-1287	8.92587
3587	3	21	6	28	11	7429	-1760	8.92428
5060	0	19	9	27	14	13323	0	8.9226
3801	1	18	7	25	15	18616	0	8.92158
5201	1	20	9	24	14	9603	0	8.91806
3742	2	18	7	27	12	3350	-1546	8.9162
3006	2	19	5	27	14	1359	-1137	8.91558
907	3	9	6	14	14	5632	-1902	8.91477
2953	1	19	5	26	12	5768	0	8.91351
4633	1	20	8	27	14	21178	0	8.91273
0	0	6	4	11	11	12839	0	8.91195
5081	1	19	9	25	15	28061	0	8.91103
4753	1	21	8	24	13	6265	0	8.91053
5073	1	19	9	23	15	23239	0	8.90961
1060	0	5	7	13	12	21886	0	8.9085
20	0	7	4	12	11	22256	0	8.90793
536	0	5	6	11	13	20758	0	8.90754
5270	2	20	9	27	16	2048	-3103	8.90423
3417	1	19	6	26	15	14776	0	8.90394
3448	0	20	6	28	11	15669	0	8.9034
3609	1	21	6	27	12	11293	0	8.90289
3708	0	18	7	25	11	23921	0	8.90111
90	2	4	5	11	13	1648	-1063	8.90079
3354	2	19	6	23	13	687	-877	8.90028
3787	3	18	7	26	14	2131	-3588	8.89824
5265	1	20	9	26	16	14075	0	8.89752
448	0	4	6	14	11	13764	0	8.89621
2818	2	20	4	24	11	344	-643	8.89473
1985	1	8	8	12	12	7631	0	8.89434
2468	0	6	9	12	15	10370	0	8.89327
1024	0	4	7	11	15	21900	0	8.89291
3961	1	20	7	25	11	8033	0	8.89142
3291	3	18	6	26	14	1740	0	8.88953
2125	1	9	8	15	13	12987	0	8.88922
1240	0	7	7	14	11	14586	0	8.88829
1980	0	8	8	11	12	7901	0	8.88617
5244	0	20	9	28	15	11716	0	8.885
3803	3	18	7	25	15	5357	-2186	8.88431
3704	0	18	7	24	11	20460	0	8.88371
1822	2	6	8	13	14	3000	-5407	8.88251
229	1	7	5	12	11	19612	0	8.88194
496	0	4	6	11	15	20642	0	8.88164
2437	1	6	9	13	13	7994	0	8.88099
4412	0	19	8	24	12	15079	0	8.87914
4783	3	21	8	24	14	2846	-3065	8.87844
4587	3	20	8	29	12	2559	-1720	8.87762
1192	0	6	7	13	14	11023	0	8.87704
4246	2	21	7	28	15	3430	-4605	8.87657
1421	1	8	7	14	15	16513	0	8.87536
1657	1	4	8	13	15	13231	0	8.8739
2517	1	7	9	12	12	9811	0	8.87299
5268	0	20	9	27	16	20711	0	8.87231
4247	3	21	7	28	15	3717	-2359	8.8719
3654	2	21	6	24	14	1961	-897	8.87031
5030	2	19	9	26	13	1849	-3174	8.86945
3423	3	19	6	27	15	2507	-1491	8.86838
4361	1	18	8	27	14	7868	0	8.86736
2433	1	6	9	12	13	7023	0	8.86535
2116	0	9	8	13	13	12509	0	8.86379
1201	1	6	7	11	15	11788	0	8.86242
3802	2	18	7	25	15	2553	-3124	8.86209
5149	1	20	9	25	12	5396	-418	8.86172
2473	1	6	9	13	15	7906	0	8.86006
951	3	3	7	11	13	5600	-2302	8.85972
1385	1	8	7	14	13	16439	0	8.85878
450	2	4	6	14	11	1863	-1561	8.85755
2909	1	18	5	24	12	6807	0	8.85671
1737	1	5	8	14	15	17815	0	8.85621
2966	2	19	5	23	13	1201	-1976	8.85568
1593	1	4	8	13	11	9673	0	8.85527
2	2	6	4	11	11	1130	-967	8.85357
3318	2	19	6	28	11	1237	-1584	8.8526
2577	1	7	9	13	15	14787	0	8.85228
854	2	9	6	15	11	2565	-1073	8.85154
3289	1	18	6	26	14	12986	0	8.85124
3363	3	19	6	25	13	1589	-631	8.85048
540	0	5	6	12	13	24530	0	8.8496
5353	1	21	9	29	13	21756	0	8.84908
221	1	6	5	14	14	16117	0	8.84874
3326	2	19	6	23	12	1787	-1651	8.84794
538	2	5	6	11	13	2975	-1829	8.8467
4	0	6	4	12	11	13263	0	8.84546
1588	0	4	8	12	11	8686	0	8.84436
2133	1	9	8	12	14	15803	0	8.84376
134	2	5	5	11	13	1604	-1216	8.84334
2156	0	9	8	13	15	12622	0	8.84174
576	0	5	6	13	15	20431	0	8.84038
4861	1	18	9	25	11	12107	0	8.83902
5414	2	21	9	23	16	806	-1061	8.83867
972	0	4	7	14	11	20160	0	8.83795
572	0	5	6	12	15	20511	0	8.83725
414	2	9	5	14	14	1896	-1437	8.83685
4456	0	19	8	28	13	14870	0	8.8359
5297	1	21	9	29	11	12631	0	8.83502
3242	2	18	6	24	12	1092	-1421	8.83468
3407	3	19	6	23	15	1717	-1854	8.83416
457	1	4	6	12	12	12418	0	8.83361
4413	1	19	8	24	12	13194	0	8.83325
268	0	7	5	14	13	21513	0	8.8324
1722	2	5	8	14	14	985	-1152	8.83175
3610	2	21	6	27	12	1655	-1022	8.83067
800	0	8	6	14	13	13769	0	8.83028
283	3	7	5	13	14	1048	0	8.82984
4534	2	20	8	23	11	612	-863	8.82887
4949	1	18	9	24	15	19234	0	8.82795
3349	1	19	6	29	12	4630	0	8.82728
2168	0	9	8	12	16	18106	0	8.82698
2998	2	19	5	25	14	878	-1469	8.82568
2140	0	9	8	14	14	24546	0	8.82537
1389	1	8	7	15	13	17792	0	8.82411
1234	2	7	7	12	11	695	-881	8.82379
1288	0	7	7	11	14	17463	0	8.82293
3044	0	20	5	25	12	14890	0	8.82193
3966	2	20	7	26	11	1553	-663	8.82151
3830	2	19	7	29	11	1854	-893	8.82102
3301	1	19	6	24	11	3485	0	8.82068
4238	2	21	7	26	15	2526	-1379	8.82021
4229	1	21	7	24	15	16292	0	8.81991
3671	3	21	6	28	14	5508	-2445	8.81768
4757	1	21	8	25	13	7059	0	8.81645
4809	1	21	8	24	15	12165	0	8.8157
4060	0	20	7	29	14	17983	0	8.81335
1597	1	4	8	14	11	10919	0	8.81266
3785	1	18	7	26	14	13492	0	8.81093
4957	1	18	9	26	15	24044	0	8.81058
3617	1	21	6	29	12	13446	0	8.80941
2424	0	6	9	15	12	8532	0	8.80805
4138	2	21	7	29	11	976	-1231	8.80679
1260	0	7	7	14	12	20458	0	8.80648
1768	0	6	8	15	11	17553	0	8.8056
1812	0	6	8	11	14	17611	0	8.80474
4842	2	21	8	25	16	886	-1020	8.80334
5038	2	19	9	28	13	3746	-3221	8.79951
4240	0	21	7	27	15	29225	0	8.79897
460	0	4	6	13	12	22395	0	8.79849
405	1	9	5	12	14	12111	0	8.79807
4094	2	20	7	23	16	1303	-1063	8.79764
809	1	8	6	12	14	14366	0	8.79698
2376	0	5	9	11	16	5432	0	8.79612
2821	1	20	4	25	11	4190	0	8.79575
4416	0	19	8	25	12	17575	0	8.79498
2485	1	6	9	12	16	11706	0	8.79439
4488	0	19	8	29	14	13488	0	8.79387
2048	0	8	8	13	15	15018	0	8.79352
4096	0	20	7	24	16	16807	0	8.79316
1330	2	7	7	13	16	1937	-1315	8.79197
2973	1	19	5	25	13	13205	0	8.79155
1724	0	5	8	11	15	16449	0	8.78989
4365	1	18	8	23	15	8883	0	8.78914
4362	2	18	8	27	14	1723	-1023	8.78869
1824	0	6	8	14	14	23000	0	8.78776
3965	1	20	7	26	11	8839	0	8.78733
1014	2	4	7	12	14	332	-483	8.78698
4953	1	18	9	25	15	21648	0	8.78417
4016	0	20	7	25	13	17054	0	8.78282
2837	1	20	4	24	12	8127	0	8.78191
4808	0	21	8	24	15	14687	0	8.78094
4230	2	21	7	24	15	1328	-1902	8.78051
2026	2	8	8	12	14	410	-835	8.77883
1989	1	8	8	13	12	8470	0	8.77825
2773	1	9	9	13	14	3750	0	8.77789
1244	0	7	7	15	11	14519	0	8.77575
4798	2	21	8	28	14	1190	-617	8.77469
534	2	5	6	14	12	2204	-639	8.77413
848	0	9	6	14	11	14092	0	8.77234
5153	1	20	9	26	12	6457	-220	8.77197
3589	1	21	6	29	11	11719	0	8.77134
6	2	6	4	12	11	1071	-1197	8.77037
1023	3	4	7	14	14	4836	-2179	8.76836
5261	1	20	9	25	16	12020	0	8.76793
1364	0	8	7	14	12	12602	0	8.76722
2576	0	7	9	13	15	22509	0	8.76684
1328	0	7	7	13	16	20363	0	8.76534
3213	1	21	5	28	14	2061	0	8.76494
4913	1	18	9	26	13	18962	0	8.76366
1261	1	7	7	14	12	15134	0	8.76326
4625	1	20	8	25	14	14739	0	8.76204
404	0	9	5	12	14	13565	0	8.76157
1196	0	6	7	14	14	13844	0	8.76107
454	2	4	6	11	12	1754	-1047	8.75862
2169	1	9	8	12	16	11331	0	8.75831
2860	0	21	4	25	11	3760	0	8.75648
2481	1	6	9	11	16	10529	0	8.75586
4152	0	21	7	26	12	29079	0	8.75409
1744	0	5	8	12	16	28853	0	8.75344
4108	0	20	7	27	16	25289	0	8.75267
4761	1	21	8	26	13	8303	0	8.7487
3390	2	19	6	25	14	233	-420	8.7482
2816	0	20	4	24	11	2693	0	8.74706
5205	1	20	9	25	14	10889	0	8.74483
1781	1	6	8	13	12	14837	0	8.74434
806	2	8	6	11	14	1697	-1188	8.7439
3388	0	19	6	25	14	4849	0	8.7434
452	0	4	6	11	12	17035	0	8.74099
1808	0	6	8	15	13	13247	0	8.74
458	2	4	6	12	12	1284	-1995	8.73744
621	1	6	6	13	13	15617	0	8.73709
2969	1	19	5	24	13	12050	0	8.73534
850	2	9	6	14	11	1455	-1397	8.73361
203	3	6	5	13	13	1609	0	8.73226
5204	0	20	9	25	14	14378	0	8.73052
3369	1	19	6	27	13	11631	0	8.72993
5028	0	19	9	26	13	22691	0	8.72912
1057	1	5	7	12	12	17499	0	8.7288
3358	2	19	6	24	13	513	-1306	8.72719
2933	1	19	5	27	11	15754	0	8.72676
1634	2	4	8	11	14	731	-1041	8.7255
21	1	7	4	12	11	18952	0	8.72513
2381	1	5	9	12	16	6216	0	8.72467
3237	1	18	6	23	12	7866	0	8.72292
1370	2	8	7	15	12	1193	-968	8.72161
4812	0	21	8	25	15	15168	0	8.72126
2477	1	6	9	14	15	8983	0	8.72065
2032	0	8	8	14	14	8593	0	8.72008
2160	0	9	8	14	15	12978	0	8.71924
19	3	7	4	11	11	4158	-1166	8.71734
4514	2	19	8	28	15	2134	-1190	8.71571
3023	3	20	5	26	11	1096	-1888	8.71537
1592	0	4	8	13	11	11384	0	8.71502
500	0	4	6	12	15	24177	0	8.71426
2865	1	21	4	26	11	5392	0	8.71321
4886	2	18	9	25	12	748	-884	8.71069
2565	1	7	9	14	14	10660	0	8.71036
2426	2	6	9	15	12	560	-747	8.70964
3421	1	19	6	27	15	15851	0	8.70872
3048	0	20	5	26	12	15120	0	8.70821
4193	1	21	7	29	13	15709	0	8.70764
804	0	8	6	11	14	14395	0	8.70513
5248	0	20	9	29	15	14872	0	8.70413
1804	0	6	8	14	13	13606	0	8.70208
2929	1	19	5	26	11	13884	0	8.69926
3800	0	18	7	25	15	29834	0	8.69755
4888	0	18	9	26	12	14022	0	8.69718
3368	0	19	6	27	13	17574	0	8.69516
4905	1	18	9	24	13	15377	0	8.69399
1021	1	4	7	14	14	15718	0	8.69239
2904	0	18	5	23	12	4870	0	8.69148
3789	1	18	7	27	14	14599	0	8.69083
4577	1	20	8	27	12	9867	0	8.69045
3759	3	18	7	25	13	5509	-2513	8.6899
978	2	4	7	11	12	1855	-1168	8.68925
4446	2	19	8	25	13	1267	-736	8.68887
4496	0	19	8	24	15	17224	0	8.68794
1684	0	5	8	13	12	17593	0	8.68726
946	2	3	7	13	12	3579	-970	8.68629
1984	0	8	8	12	12	8054	0	8.68545
5157	1	20	9	27	12	7563	0	8.68513
1982	2	8	8	11	12	667	-478	8.68287
2166	2	9	8	11	16	1116	-968	8.68225
1586	2	4	8	11	11	904	-478	8.68148
3970	2	20	7	27	11	1225	-1168	8.68084
3350	2	19	6	29	12	248	-562	8.67987
2926	2	19	5	25	11	1843	-1381	8.67945
1696	0	5	8	12	13	20558	0	8.67905
4100	0	20	7	25	16	17079	0	8.6782
1190	2	6	7	12	14	787	-616	8.67712
4450	2	19	8	26	13	974	-1094	8.67665
2889	1	21	4	27	12	13151	0	8.67619
5020	0	19	9	24	13	17798	0	8.67568
4460	0	19	8	29	13	18117	0	8.67512
936	0	3	7	11	12	21150	0	8.6746
5280	0	21	9	25	11	10487	0	8.67416
1630	2	4	8	14	13	969	-534	8.6734
5039	3	19	9	28	13	4623	-10451	8.67307
3590	2	21	6	29	11	107	-2331	8.67181
4884	0	18	9	25	12	10646	0	8.66926
3365	1	19	6	26	13	10476	0	8.66789
3353	1	19	6	23	13	6497	0	8.6663
2120	0	9	8	14	13	13051	0	8.66567
5084	0	19	9	26	15	31014	0	8.66414
2888	0	21	4	27	12	18641	0	8.66332
4027	3	20	7	27	13	4963	-2349	8.66201
4006	2	20	7	29	12	1292	-862	8.6613
3392	0	19	6	26	14	4819	0	8.66095
2521	1	7	9	13	12	11416	0	8.66053
4370	2	18	8	24	15	1445	-1283	8.6595
2214	2	3	9	11	14	2231	-4085	8.65897
1601	1	4	8	11	12	12207	0	8.65848
1606	2	4	8	12	12	1833	-1227	8.65746
544	0	5	6	13	13	28692	0	8.65691
3408	0	19	6	24	15	13309	0	8.65659
5264	0	20	9	26	16	21631	0	8.65607
4356	0	18	8	26	14	10385	0	8.65555
1455	3	9	7	15	11	7385	0	8.65516
148	0	5	5	11	14	28138	0	8.65483
4092	0	20	7	23	16	16347	0	8.65441
3361	1	19	6	25	13	10509	0	8.65364
3710	2	18	7	25	11	858	-1534	8.65301
1056	0	5	7	12	12	16913	0	8.65199
4374	2	18	8	25	15	2070	-1015	8.65112
3672	0	21	6	29	14	24453	0	8.65062
3379	3	19	6	29	13	2276	-727	8.64912
1640	0	4	8	13	14	14717	0	8.64699
3765	1	18	7	27	13	27515	0	8.64601
3767	3	18	7	27	13	6541	0	8.64409
4245	1	21	7	28	15	22158	0	8.64345
1740	0	5	8	11	16	24839	0	8.64311
592	0	6	6	14	11	32458	0	8.64273
4666	2	20	8	28	15	1156	0	8.64202
188	0	6	5	14	12	29915	0	8.64153
5208	0	20	9	26	14	15053	0	8.64089
5080	0	19	9	25	15	31925	0	8.63947
1993	1	8	8	14	12	9403	0	8.63826
1780	0	6	8	13	12	23420	0	8.63773
4629	1	20	8	26	14	15977	0	8.6369
2957	1	19	5	27	12	7570	0	8.63658
4932	0	18	9	25	14	16683	0	8.63218
3396	0	19	6	27	14	8543	0	8.63179
2963	3	19	5	28	12	1765	-780	8.63066
4830	2	21	8	29	15	1679	-1612	8.63013
3459	3	20	6	23	12	2203	-2211	8.62852
3322	2	19	6	29	11	1038	-1659	8.62795
4752	0	21	8	24	13	8046	0	8.62742
3978	2	20	7	29	11	1275	-1143	8.62686
846	2	9	6	13	11	1524	-1033	8.62653
4540	0	20	8	25	11	20642	0	8.62603
4360	0	18	8	27	14	13444	0	8.62448
1614	2	4	8	14	12	652	-2280	8.62387
2547	3	7	9	14	13	3894	0	8.62183
4827	3	21	8	28	15	3373	-3374	8.62116
4756	0	21	8	25	13	10733	0	8.62083
2992	0	19	5	24	14	4496	0	8.62046
3306	2	19	6	25	11	132	-806	8.62007
4237	1	21	7	26	15	18887	0	8.61952
2525	1	7	9	14	12	12635	0	8.61888
5001	1	19	9	26	12	20883	0	8.61832
1590	2	4	8	12	11	936	-706	8.6172
5148	0	20	9	25	12	7959	0	8.61658
4892	0	18	9	27	12	17057	0	8.61583
1415	3	8	7	12	15	2095	-1339	8.61505
4369	1	18	8	24	15	9609	0	8.61452
409	1	9	5	13	14	13381	0	8.61408
408	0	9	5	13	14	16670	0	8.61326
1423	3	8	7	14	15	2703	-4250	8.61013
2833	1	20	4	23	12	7088	0	8.60928
4021	1	20	7	26	13	14038	0	8.60881
3198	2	21	5	24	14	1108	-1280	8.60845
4017	1	20	7	25	13	14451	0	8.60565
1214	2	6	7	14	15	1739	-1254	8.60489
2955	3	19	5	26	12	861	-449	8.60354
4585	1	20	8	29	12	12278	0	8.60318
2825	1	20	4	26	11	5144	0	8.60263
4241	1	21	7	27	15	20451	0	8.60218
4201	1	21	7	24	14	18132	0	8.60168
1242	2	7	7	14	11	1136	-1141	8.60097
2952	0	19	5	26	12	8733	0	8.60053
3964	0	20	7	26	11	13570	0	8.60015
3458	2	20	6	23	12	1822	-3835	8.59971
2385	1	5	9	13	16	7215	0	8.59929
852	0	9	6	15	11	16847	0	8.59861
3744	0	18	7	28	12	20156	0	8.5981
5002	2	19	9	26	12	2687	-3468	8.59428
4104	0	20	7	26	16	21362	0	8.5939
5393	1	21	9	25	15	15313	0	8.59171
2961	1	19	5	28	12	9388	0	8.59136
3630	2	21	6	25	13	1193	-1541	8.59065
4244	0	21	7	28	15	30330	0	8.59021
2772	0	9	9	13	14	2985	0	8.58985
5216	0	20	9	28	14	18109	0	8.58862
5152	0	20	9	26	12	8666	0	8.58821
1388	0	8	7	15	13	29784	0	8.58674
1238	2	7	7	13	11	1131	-767	8.58631
4189	1	21	7	28	13	14064	0	8.58547
3169	1	21	5	23	13	2387	0	8.585
1700	0	5	8	13	13	24192	0	8.58459
4581	1	20	8	28	12	10975	0	8.58384
2930	2	19	5	26	11	1687	-2721	8.58309
9	1	6	4	11	12	13236	0	8.58151
4202	2	21	7	24	14	2298	-3827	8.58078
1728	0	5	8	12	15	20201	0	8.58009
2972	0	19	5	25	13	20979	0	8.57966
3247	3	18	6	25	12	1359	0	8.5786
3752	0	18	7	24	13	28329	0	8.57718
4936	0	18	9	26	14	20105	0	8.57672
2560	0	7	9	13	14	12974	0	8.57625
2934	2	19	5	27	11	2218	-2596	8.57561
4548	0	20	8	27	11	25898	0	8.57425
4680	0	20	8	25	16	31048	0	8.57382
3394	2	19	6	26	14	0	-1330	8.57325
3960	0	20	7	25	11	12785	0	8.57286
1820	0	6	8	13	14	21855	0	8.57237
5156	0	20	9	27	12	11153	0	8.5713
4490	2	19	8	29	14	903	-769	8.57033
4765	1	21	8	27	13	8787	0	8.56965
4813	1	21	8	25	15	13278	0	8.56828
2472	0	6	9	13	15	10464	0	8.56783
546	2	5	6	13	13	1223	-1323	8.5673
2908	0	18	5	24	12	8469	0	8.56653
1368	0	8	7	15	12	16460	0	8.56605
3282	2	18	6	24	14	1510	-2711	8.56556
548	0	5	6	14	13	28930	0	8.56505
3212	0	21	5	28	14	2728	0	8.5641
3046	2	20	5	25	12	419	-2599	8.56199
896	0	9	6	12	14	20303	0	8.56136
1200	0	6	7	11	15	14134	0	8.56068
2820	0	20	4	25	11	5666	0	8.56022
798	2	8	6	13	13	853	-908	8.55801
3285	1	18	6	25	14	11735	0	8.55584
4500	0	19	8	25	15	17262	0	8.55507
1210	2	6	7	13	15	2156	-1189	8.55466
5252	0	20	9	23	16	14980	0	8.55422
4636	0	20	8	28	14	25929	0	8.55336
1452	0	9	7	15	11	14745	0	8.55268
4203	3	21	7	24	14	3766	-1761	8.55206
4025	1	20	7	27	13	14968	0	8.55038
5260	0	20	9	25	16	18354	0	8.54977
3257	1	18	6	23	13	2659	0	8.54925
5068	0	19	9	29	14	21259	0	8.54748
2036	0	8	8	15	14	11702	0	8.54663
3286	2	18	6	25	14	1554	-1675	8.54455
891	3	9	6	14	13	4488	-624	8.5442
1763	3	6	8	13	11	1079	-858	8.5437
4688	0	20	8	27	16	30273	0	8.54291
4054	2	20	7	27	14	1479	-772	8.54234
4421	1	19	8	26	12	14599	0	8.54197
1420	0	8	7	14	15	22567	0	8.54158
5209	1	20	9	26	14	12067	0	8.54063
4136	0	21	7	29	11	18862	0	8.53901
5220	0	20	9	29	14	21039	0	8.53863
2380	0	5	9	12	16	7982	0	8.53744
3880	0	19	7	28	13	29575	0	8.53678
13	1	6	4	12	12	13899	0	8.53641
2118	2	9	8	13	13	862	-362	8.53594
1988	0	8	8	13	12	8853	0	8.53556
4760	0	21	8	26	13	13200	0	8.53507
4762	2	21	8	26	13	1141	-1006	8.53464
4364	0	18	8	23	15	13351	0	8.53311
3357	1	19	6	24	13	7814	0	8.53246
12	0	6	4	12	12	18050	0	8.53208
5161	1	20	9	28	12	8109	0	8.53102
2444	0	6	9	15	13	14307	0	8.53063
4958	2	18	9	26	15	2965	-1154	8.52906
1997	1	8	8	15	12	10658	0	8.52705
1826	2	6	8	14	14	1684	-7453	8.52403
2516	0	7	9	12	12	12627	0	8.52365
5154	2	20	9	26	12	901	-914	8.52213
1411	3	8	7	11	15	6975	0	8.52167
1292	0	7	7	12	14	17721	0	8.52098
3844	0	19	7	26	12	28921	0	8.52063
5324	0	21	9	29	12	12571	0	8.51803
4406	2	19	8	29	11	1093	-835	8.51768
4366	2	18	8	23	15	1424	-1058	8.51724
5416	0	21	9	24	16	13339	0	8.51623
639	3	6	6	13	14	3637	0	8.51549
502	2	4	6	12	15	2047	-1357	8.51514
1732	0	5	8	13	15	20408	0	8.51476
3968	0	20	7	27	11	14142	0	8.51383
2042	2	8	8	11	15	1251	-1184	8.51286
3740	0	18	7	27	12	19480	0	8.51237
2968	0	19	5	24	13	17150	0	8.51203
662	2	7	6	11	11	61	-809	8.51164
2527	3	7	9	14	12	2685	-939	8.51131
2864	0	21	4	26	11	6985	0	8.51
3047	3	20	5	25	12	4915	0	8.50925
4417	1	19	8	25	12	13978	0	8.50876
2777	1	9	9	14	14	4845	0	8.50778
3698	2	21	6	28	15	803	-870	8.50742
2890	2	21	4	27	12	1932	-2570	8.50672
5392	0	21	9	25	15	26020	0	8.50499
3788	0	18	7	27	14	19520	0	8.50464
4630	2	20	8	26	14	1974	-2437	8.50215
5288	0	21	9	27	11	13739	0	8.49927
5162	2	20	9	28	12	1336	-1173	8.49811
4402	2	19	8	28	11	1073	-694	8.49772
808	0	8	6	12	14	16277	0	8.49721
2829	1	20	4	27	11	6074	0	8.49666
3305	1	19	6	25	11	5170	0	8.49555
1652	0	4	8	12	15	18185	0	8.49503
410	2	9	5	13	14	1490	-1394	8.49201
1815	3	6	8	11	14	955	-4903	8.49137
2251	3	4	9	14	12	611	-2456	8.49085
4938	2	18	9	26	14	1465	-1416	8.49032
2913	1	18	5	25	12	8265	0	8.48993
2844	0	20	4	26	12	14501	0	8.48948
3310	2	19	6	26	11	421	-613	8.48726
3347	3	19	6	28	12	187	-112	8.48652
802	2	8	6	14	13	1194	-907	8.4851
2428	0	6	9	11	13	8437	0	8.48451
2840	0	20	4	25	12	16284	0	8.48314
3319	3	19	6	28	11	1371	-448	8.48273
5395	3	21	9	25	15	1393	-7108	8.482
2790	2	9	9	12	15	1052	-784	8.4815
1688	0	5	8	14	12	17674	0	8.48014
5377	1	21	9	28	14	9789	0	8.47829
904	0	9	6	14	14	29199	0	8.47743
3007	3	19	5	27	14	673	-3793	8.47691
4504	0	19	8	26	15	22004	0	8.47655
4068	0	20	7	24	15	20575	0	8.4754
2044	0	8	8	12	15	15242	0	8.47401
543	3	5	6	12	13	7700	-1310	8.47362
4070	2	20	7	24	15	1965	-1012	8.47116
1020	0	4	7	14	14	20646	0	8.47049
948	0	3	7	11	13	34279	0	8.46986
1823	3	6	8	13	14	1689	-7350	8.46941
4022	2	20	7	26	13	748	-1226	8.46901
1674	2	5	8	14	11	748	-485	8.46747
4758	2	21	8	25	13	1150	-721	8.46575
159	3	5	5	13	14	778	0	8.46462
660	0	7	6	11	11	20337	0	8.46394
976	0	4	7	11	12	20976	0	8.46359
2774	2	9	9	13	14	333	-405	8.46206
1658	2	4	8	13	15	847	-2408	8.46088
940	0	3	7	12	12	23875	0	8.46053
3329	1	19	6	24	12	15363	0	8.45972
2881	1	21	4	25	12	9962	0	8.45906
3764	0	18	7	27	13	34987	0	8.45816
5063	3	19	9	27	14	5609	0	8.45782
1387	3	8	7	14	13	2959	-1975	8.45658
2885	1	21	4	26	12	11255	0	8.45569
4368	0	18	8	24	15	13766	0	8.45504
2208	0	3	9	13	13	13425	0	8.45425
2431	3	6	9	11	13	1724	-382	8.45331
3236	0	18	6	23	12	12114	0	8.45198
2387	3	5	9	13	16	1722	-359	8.45156
1252	0	7	7	12	12	16787	0	8.45114
5423	3	21	9	25	16	738	-2290	8.45073
1656	0	4	8	13	15	20738	0	8.45034
1596	0	4	8	14	11	14156	0	8.44999
4188	0	21	7	28	13	19580	0	8.44957
3404	0	19	6	23	15	14193	0	8.44771
2122	2	9	8	14	13	593	-1033	8.44643
3758	2	18	7	25	13	1593	-2938	8.44537
3256	0	18	6	23	13	3491	0	8.44494
2040	0	8	8	11	15	14739	0	8.44404
3218	2	18	6	23	11	180	-583	8.44366
4956	0	18	9	26	15	30312	0	8.44325
3974	2	20	7	28	11	1362	-1315	8.44289
5381	1	21	9	29	14	11373	0	8.44162
1296	0	7	7	13	14	20772	0	8.44107
4627	3	20	8	25	14	5225	-5647	8.44012
5332	0	21	9	24	13	16752	0	8.43971
5150	2	20	9	25	12	799	-430	8.43498
1644	0	4	8	14	14	14839	0	8.43437
2846	2	20	4	26	12	1375	-1137	8.43323
3266	2	18	6	25	13	537	-352	8.43273
3628	0	21	6	25	13	22125	0	8.43233
5242	2	20	9	27	15	494	-1021	8.43142
4515	3	19	8	28	15	3402	-2397	8.43068
2084	0	9	8	15	11	17672	0	8.42992
4896	0	18	9	28	12	17817	0	8.42942
3000	0	19	5	26	14	12616	0	8.4288
2080	0	9	8	14	11	14289	0	8.42769
1692	0	5	8	11	13	17560	0	8.42708
813	1	8	6	13	14	13722	0	8.42643
2215	3	3	9	11	14	1387	-5563	8.42608
5217	1	20	9	28	14	13948	0	8.42529
1650	2	4	8	11	15	1535	-1416	8.42453
2393	1	6	9	12	11	9639	0	8.42397
3411	3	19	6	24	15	5956	-329	8.42303
4764	0	21	8	27	13	13916	0	8.42229
155	3	5	5	12	14	3825	0	8.42089
1198	2	6	7	14	14	1150	-915	8.4197
5212	0	20	9	27	14	15085	0	8.41853
1992	0	8	8	14	12	11107	0	8.41818
2918	2	19	5	23	11	755	-921	8.4178
419	3	3	6	11	11	7727	-2712	8.4172
2964	0	19	5	23	13	15154	0	8.4162
594	2	6	6	14	11	4738	-5732	8.41463
2146	2	9	8	15	14	2378	-6787	8.41316
3884	0	19	7	29	13	33868	0	8.41245
4020	0	20	7	26	13	20270	0	8.41177
3196	0	21	5	24	14	15528	0	8.41141
2965	1	19	5	23	13	10045	0	8.41103
1384	0	8	7	14	13	25615	0	8.4089
1416	0	8	7	13	15	21909	0	8.40811
3706	2	18	7	24	11	894	-1188	8.40755
3355	3	19	6	23	13	942	-662	8.40681
2615	3	8	9	15	11	1614	-5804	8.40593
1194	2	6	7	13	14	925	-750	8.40507
3233	1	18	6	27	11	6951	0	8.40463
187	3	6	5	13	12	2971	-1756	8.40427
3631	3	21	6	25	13	8197	-4539	8.40317
2124	0	9	8	15	13	16720	0	8.40257
2470	2	6	9	12	15	429	-757	8.40017
3300	0	19	6	24	11	4076	0	8.39958
2034	2	8	8	14	14	743	-1051	8.39855
3674	2	21	6	29	14	645	-1573	8.39819
2914	2	18	5	25	12	375	-750	8.39699
4754	2	21	8	24	13	702	-668	8.39662
1770	2	6	8	15	11	1330	-1911	8.39592
1378	2	8	7	12	13	2256	-2412	8.39545
3348	0	19	6	29	12	5138	0	8.39495
816	0	8	6	14	14	22244	0	8.39404
2050	2	8	8	13	15	1390	-1960	8.39325
1376	0	8	7	12	13	21067	0	8.39205
3675	3	21	6	29	14	8745	-4989	8.39167
3240	0	18	6	24	12	14819	0	8.39096
4243	3	21	7	27	15	7884	-3348	8.3906
4940	0	18	9	27	14	21431	0	8.38993
239	3	7	5	14	11	568	-4794	8.38943
4770	2	21	8	28	13	905	-1150	8.38803
2394	2	6	9	12	11	1158	-667	8.38763
1300	0	7	7	14	14	23952	0	8.38392
2781	1	9	9	15	14	5863	0	8.38351
3346	2	19	6	28	12	101	-168	8.38295
4626	2	20	8	25	14	547	-2760	8.38158
2869	1	21	4	27	11	6539	0	8.3811
1610	2	4	8	13	12	1897	-1331	8.38013
5424	0	21	9	26	16	21744	0	8.37949
2954	2	19	5	26	12	363	-349	8.3787
3364	0	19	6	26	13	14692	0	8.37828
4372	0	18	8	25	15	16734	0	8.37745
4420	0	19	8	26	12	19844	0	8.37626
5238	2	20	9	26	15	573	-428	8.37584
5160	0	20	9	28	12	13595	0	8.37487
1412	0	8	7	12	15	16512	0	8.37438
4860	0	18	9	25	11	18184	0	8.37385
2877	1	21	4	24	12	9014	0	8.3729
4471	3	19	8	24	14	3318	-1997	8.37076
1334	2	8	7	11	11	1980	-636	8.3701
3262	2	18	6	24	13	148	-558	8.3693
1678	2	5	8	11	12	490	-882	8.36866
2219	3	3	9	12	14	4601	-2722	8.36826
3402	2	19	6	28	14	111	-1578	8.36786
4010	2	20	7	23	13	1198	-940	8.36707
2971	3	19	5	24	13	1811	-1644	8.36558
2147	3	9	8	15	14	5103	-1280	8.36446
3962	2	20	7	25	11	1356	-854	8.36259
3168	0	21	5	23	13	2758	0	8.36172
3584	0	21	6	28	11	18121	0	8.3611
2510	2	7	9	15	11	323	-242	8.36074
2579	3	7	9	13	15	1862	-2565	8.36004
4358	2	18	8	26	14	1025	-615	8.35827
5213	1	20	9	27	14	13686	0	8.35777
2207	3	3	9	12	13	670	-2446	8.35733
1379	3	8	7	12	13	2677	-1068	8.35307
2776	0	9	9	14	14	5492	0	8.35269
4912	0	18	9	26	13	25272	0	8.35155
4584	0	20	8	29	12	19638	0	8.35091
579	3	5	6	13	15	2587	-1673	8.35036
971	3	4	7	13	11	1539	-1488	8.34962
2001	1	8	8	11	13	11827	0	8.34712
5412	0	21	9	23	16	13473	0	8.34673
2834	2	20	4	23	12	491	-884	8.34539
4508	0	19	8	27	15	24425	0	8.34497
4816	0	21	8	26	15	17606	0	8.34406
2039	3	8	8	15	14	2540	-635	8.34351
456	0	4	6	12	12	20198	0	8.34251
1600	0	4	8	11	12	13886	0	8.34208
1209	1	6	7	13	15	14316	0	8.34143
4820	0	21	8	27	15	20861	0	8.34084
2216	0	3	9	12	14	22796	0	8.34002
3972	0	20	7	28	11	15391	0	8.33875
935	3	3	7	13	11	4735	-1079	8.33565
1647	3	4	8	14	14	3245	-455	8.33476
2008	0	8	8	13	13	17009	0	8.33416
4944	0	18	9	23	15	21682	0	8.33376
2436	0	6	9	13	13	11790	0	8.33155
5340	0	21	9	26	13	21441	0	8.33027
2392	0	6	9	12	11	11030	0	8.32967
2432	0	6	9	12	13	8747	0	8.32931
279	3	7	5	12	14	3203	0	8.32809
4110	2	20	7	27	16	1738	-1344	8.3274
3217	1	18	6	23	11	2977	0	8.32643
1642	2	4	8	13	14	938	-1171	8.32595
4817	1	21	8	26	15	14005	0	8.32549
934	2	3	7	13	11	877	-807	8.32506
4414	2	19	8	24	12	1145	-1146	8.32463
4276	0	18	8	24	11	24411	0	8.32426
1371	3	8	7	15	12	1917	-1576	8.32331
542	2	5	6	12	13	1133	-858	8.32288
4995	3	19	9	24	12	2312	-6498	8.32185
2614	2	8	9	15	11	2021	-4224	8.32129
3344	0	19	6	28	12	4424	0	8.32009
2921	1	19	5	24	11	11557	0	8.31926
1608	0	4	8	13	12	16993	0	8.31829
3371	3	19	6	27	13	2427	-1435	8.31716
494	2	4	6	13	14	814	-985	8.31658
1996	0	8	8	15	12	14095	0	8.31508
4769	1	21	8	28	13	9647	0	8.31384
1408	0	8	7	11	15	12987	0	8.3134
636	0	6	6	13	14	29468	0	8.31274
3274	2	18	6	27	13	927	-899	8.31114
4378	2	18	8	26	15	1134	-1466	8.31078
4024	0	20	7	27	13	19498	0	8.31042
1027	3	4	7	11	15	9824	0	8.30935
1350	2	8	7	15	11	1953	-3182	8.30684
1648	0	4	8	11	15	14418	0	8.30622
4192	0	21	7	29	13	24791	0	8.30562
490	2	4	6	12	14	697	-755	8.30523
3876	0	19	7	27	13	24089	0	8.304
938	2	3	7	11	12	620	-1253	8.30252
5296	0	21	9	29	11	17972	0	8.30021
4900	0	18	9	23	13	18402	0	8.29957
1646	2	4	8	14	14	1335	-778	8.29853
4768	0	21	8	28	13	15018	0	8.29708
1213	1	6	7	14	15	16148	0	8.2964
2384	0	5	9	13	16	8498	0	8.295
1736	0	5	8	14	15	21330	0	8.29465
2797	1	9	9	14	15	10172	0	8.29407
2564	0	7	9	14	14	13495	0	8.29359
1855	3	6	8	13	16	5993	0	8.29305
2826	2	20	4	26	11	367	-805	8.29269
3226	2	18	6	25	11	275	-513	8.29232
5394	2	21	9	25	15	3310	-2323	8.2915
2979	3	19	5	26	13	1455	-1555	8.2906
4377	1	18	8	26	15	10968	0	8.29005
4373	1	18	8	25	15	10341	0	8.28958
2785	1	9	9	11	15	7308	0	8.28847
2870	2	21	4	27	11	501	-747	8.28788
1718	2	5	8	13	14	503	-514	8.28739
2882	2	21	4	25	12	1580	-1982	8.28649
1204	0	6	7	12	15	14448	0	8.28584
4993	1	19	9	24	12	16803	0	8.28528
271	3	7	5	14	13	2509	0	8.28423
4228	0	21	7	24	15	19291	0	8.28374
4955	3	18	9	25	15	6113	-6981	8.28329
3415	3	19	6	25	15	2353	-2135	8.28289
4058	2	20	7	28	14	716	-1570	8.28201
2247	3	4	9	13	12	5341	0	8.28155
4992	0	19	9	24	12	25490	0	8.2802
4427	3	19	8	27	12	3127	-1508	8.27931
5326	2	21	9	29	12	558	-551	8.27848
4632	0	20	8	27	14	22328	0	8.27723
1730	2	5	8	12	15	1016	-994	8.27679
3173	1	21	5	24	13	3579	0	8.27534
2440	0	6	9	14	13	15048	0	8.27375
2434	2	6	9	12	13	605	-917	8.27281
2054	2	8	8	14	15	948	-1915	8.27066
5355	3	21	9	29	13	6114	-2825	8.26886
3586	2	21	6	28	11	151	-2489	8.26741
1326	2	7	7	12	16	619	-824	8.26697
5221	1	20	9	29	14	15364	0	8.26586
5165	1	20	9	29	12	9110	0	8.26544
5376	0	21	9	28	14	16406	0	8.26504
67	3	4	5	11	11	2469	0	8.26271
3576	0	21	6	26	11	17118	0	8.26145
2480	0	6	9	11	16	14458	0	8.26097
417	1	3	6	11	11	15155	0	8.25933
2793	1	9	9	13	15	10032	0	8.25876
2142	2	9	8	14	14	2490	-3111	8.25776
3261	1	18	6	24	13	3915	0	8.2561
3673	1	21	6	29	14	13559	0	8.25469
3872	0	19	7	26	13	23693	0	8.25383
2789	1	9	9	12	15	8258	0	8.2489
890	2	9	6	14	13	705	-781	8.24851
5164	0	20	9	29	12	14377	0	8.24795
3784	0	18	7	26	14	18487	0	8.2464
5194	2	20	9	29	13	474	-467	8.24569
2467	3	6	9	11	15	810	-226	8.24481
5166	2	20	9	29	12	1095	-1139	8.24348
2960	0	19	5	28	12	13297	0	8.2429
4846	2	21	8	26	16	692	-751	8.24233
4635	3	20	8	27	14	6297	-3230	8.24186
3281	1	18	6	24	14	10777	0	8.2415
5369	1	21	9	26	14	7810	0	8.24074
1995	3	8	8	14	12	2177	-433	8.24003
3229	1	18	6	26	11	5912	0	8.23963
5198	2	20	9	23	14	324	-665	8.23885
1726	2	5	8	11	15	1298	-727	8.23778
4802	2	21	8	29	14	819	-828	8.23676
3716	0	18	7	27	11	26403	0	8.23626
2866	2	21	4	26	11	400	-326	8.23577
2599	3	8	9	11	11	487	-862	8.23528
2932	0	19	5	27	11	20461	0	8.23483
4954	2	18	9	25	15	1778	-2070	8.23436
2925	1	19	5	25	11	12645	0	8.23393
2083	3	9	8	14	11	2072	-630	8.2327
413	1	9	5	14	14	14278	0	8.23226
2382	2	5	9	12	16	353	-503	8.23132
3303	3	19	6	24	11	277	-74	8.23067
498	2	4	6	11	15	846	-857	8.22984
4458	2	19	8	28	13	717	-1423	8.22915
1603	3	4	8	11	12	3953	-578	8.22857
23	3	7	4	12	11	1756	0	8.22807
2562	2	7	9	13	14	1008	-760	8.22677
1246	2	7	7	15	11	1206	-920	8.2256
4850	2	21	8	27	16	392	-1316	8.22344
4454	2	19	8	27	13	833	-912	8.22305
2868	0	21	4	27	11	10492	0	8.22263
2010	2	8	8	13	13	925	-1865	8.22158
4934	2	18	9	25	14	829	-856	8.22036
4236	0	21	7	26	15	24552	0	8.21998
2643	3	8	9	12	13	213	-852	8.21945
2910	2	18	5	24	12	618	-209	8.21895
5158	2	20	9	27	12	1085	-831	8.21786
3197	1	21	5	24	14	12270	0	8.21744
2822	2	20	4	25	11	371	-286	8.21585
4535	3	20	8	23	11	1524	-1415	8.21444
3002	2	19	5	26	14	394	-855	8.21328
1386	2	8	7	14	13	1577	-1918	8.21263
2459	3	6	9	13	14	2206	0	8.21203
4154	2	21	7	26	12	1028	-1676	8.21039
3200	0	21	5	25	14	12938	0	8.20981
4772	0	21	8	29	13	16984	0	8.20856
2917	1	19	5	23	11	9472	0	8.20802
4062	2	20	7	29	14	848	-1060	8.20702
3178	2	21	5	25	13	310	-244	8.20627
2956	0	19	5	27	12	12166	0	8.20555
942	2	3	7	12	12	2753	-884	8.20481
4664	0	20	8	28	15	19177	0	8.20428
1294	2	7	7	12	14	1836	-841	8.20166
4184	0	21	7	27	13	18938	0	8.20112
4774	2	21	8	29	13	1132	-1382	8.20048
1282	2	7	7	14	13	624	-706	8.19989
3360	0	19	6	25	13	14038	0	8.19851
2143	3	9	8	14	14	3382	-1785	8.198
1206	2	6	7	12	15	1275	-1267	8.19751
2796	0	9	9	14	15	14993	0	8.19699
3618	2	21	6	29	12	465	-1087	8.1952
4946	2	18	9	23	15	1361	-1572	8.19445
5250	2	20	9	29	15	771	-1036	8.1932
3760	0	18	7	26	13	31427	0	8.1928
3270	2	18	6	26	13	549	-612	8.19089
2819	3	20	4	24	11	2790	0	8.19006
4952	0	18	9	25	15	30090	0	8.18866
2132	0	9	8	12	14	21424	0	8.18828
4914	2	18	9	26	13	2528	-2092	8.18618
2170	2	9	8	12	16	867	-1837	8.1851
1254	2	7	7	12	12	1236	-714	8.18372
4180	0	21	7	26	13	18005	0	8.18279
2476	0	6	9	14	15	10968	0	8.18174
1208	0	6	7	13	15	16394	0	8.17983
2778	2	9	9	14	14	390	-386	8.17946
416	0	3	6	11	11	18772	0	8.17855
4948	0	18	9	24	15	25532	0	8.17818
2948	0	19	5	25	12	4772	0	8.17718
2780	0	9	9	15	14	7897	0	8.17678
4942	2	18	9	27	14	1255	-730	8.17637
1638	2	4	8	12	14	910	-800	8.17553
3828	0	19	7	29	11	19202	0	8.17478
2824	0	20	4	26	11	8614	0	8.17369
4904	0	18	9	24	13	21840	0	8.17283
4828	0	21	8	29	15	20370	0	8.17169
1998	2	8	8	15	12	1012	-1095	8.17123
3662	2	21	6	26	14	586	-1010	8.17082
5354	2	21	9	29	13	2110	-1562	8.16954
2886	2	21	4	26	12	1567	-2291	8.16915
1286	2	7	7	15	13	736	-990	8.16862
2891	3	21	4	27	12	2208	-1900	8.16816
4018	2	20	7	25	13	964	-1184	8.16777
1994	2	8	8	14	12	1050	-873	8.16693
1262	2	7	7	14	12	1864	-2216	8.16571
3004	0	19	5	27	14	12875	0	8.1652
3222	2	18	6	24	11	339	-247	8.16426
4026	2	20	7	27	13	1794	-2993	8.16295
1604	0	4	8	12	12	13980	0	8.16251
5342	2	21	9	26	13	1386	-1665	8.16166
2842	2	20	4	25	12	956	-1442	8.1613
1986	2	8	8	12	12	654	-520	8.16003
1746	2	5	8	12	16	1654	-3762	8.15803
1686	2	5	8	13	12	1039	-889	8.15706
5266	2	20	9	26	16	1037	-1196	8.1566
2520	0	7	9	13	12	13031	0	8.15527
2030	2	8	8	13	14	547	-525	8.15479
3304	0	19	6	25	11	4738	0	8.1544
817	1	8	6	14	14	17648	0	8.15397
4098	2	20	7	24	16	533	-1008	8.15308
3325	1	19	6	23	12	12208	0	8.15269
4102	2	20	7	25	16	596	-1264	8.15224
3177	1	21	5	25	13	4711	0	8.15158
2488	0	6	9	13	16	17737	0	8.15009
3284	0	18	6	25	14	17558	0	8.1494
1682	2	5	8	12	12	1203	-537	8.14859
17	1	7	4	11	11	16269	0	8.14743
2836	0	20	4	24	12	11239	0	8.14677
3314	2	19	6	27	11	509	-820	8.14619
3172	0	21	5	24	13	3006	0	8.14558
3275	3	18	6	27	13	1389	-508	8.14471
5334	2	21	9	24	13	954	-732	8.14432
3190	2	21	5	28	13	972	-912	8.1434
5072	0	19	9	23	15	24151	0	8.1428
3580	0	21	6	27	11	17409	0	8.14233
4773	1	21	8	29	13	10077	0	8.14147
2000	0	8	8	11	13	14485	0	8.14082
4781	1	21	8	24	14	17885	0	8.13998
4580	0	20	8	28	12	19108	0	8.13906
2563	3	7	9	13	14	1278	-1179	8.13795
3221	1	18	6	24	11	3937	0	8.13709
2218	2	3	9	12	14	1224	-5931	8.13668
5246	2	20	9	28	15	1004	-635	8.13623
5222	2	20	9	29	14	1002	-1095	8.13564
4894	2	18	9	27	12	489	-871	8.1348
944	0	3	7	13	12	28075	0	8.12933
3234	2	18	6	27	11	939	-1222	8.12829
3170	2	21	5	23	13	130	-112	8.12788
3302	2	19	6	24	11	166	-81	8.1273
3225	1	18	6	25	11	4875	0	8.12618
3663	3	21	6	26	14	4231	-1197	8.12551
220	0	6	5	14	14	19469	0	8.12489
4994	2	19	9	24	12	2144	-3000	8.12204
3309	1	19	6	26	11	6615	0	8.11997
3214	2	21	5	28	14	107	-95	8.11954
2794	2	9	9	13	15	1488	-915	8.11907
4868	0	18	9	27	11	21391	0	8.11854
2484	0	6	9	12	16	17588	0	8.11708
2491	3	6	9	13	16	2778	-1246	8.11651
2863	3	21	4	25	11	3197	0	8.11453
4821	1	21	8	27	15	14994	0	8.11324
5418	2	21	9	24	16	1562	-570	8.11199
1012	0	4	7	12	14	15456	0	8.11152
3743	3	18	7	27	12	2305	-2389	8.11002
899	3	9	6	12	14	5133	-1109	8.10952
5380	0	21	9	29	14	20898	0	8.10884
2490	2	6	9	13	16	1666	-2669	8.10705
3230	2	18	6	26	11	840	-694	8.10667
2831	3	20	4	27	11	1425	-389	8.10613
3419	3	19	6	26	15	2650	0	8.10378
3189	1	21	5	28	13	8817	0	8.10325
3977	1	20	7	29	11	9364	0	8.10049
1419	3	8	7	13	15	5680	-2587	8.09989
2912	0	18	5	25	12	11861	0	8.09948
4935	3	18	9	25	14	1420	-1708	8.09843
2078	2	9	8	13	11	639	-847	8.09797
5071	3	19	9	29	14	5461	0	8.09757
4576	0	20	8	27	12	14800	0	8.09684
4498	2	19	8	24	15	988	-644	8.09616
2466	2	6	9	11	15	304	-231	8.09552
5343	3	21	9	26	13	2480	-959	8.09389
3216	0	18	6	23	11	2825	0	8.09351
2430	2	6	9	11	13	619	-560	8.09306
2442	2	6	9	14	13	880	-1449	8.09153
4543	3	20	8	25	11	2434	-1927	8.08986
1202	2	6	7	11	15	1202	-1028	8.08942
2883	3	21	4	25	12	2037	-815	8.08798
2958	2	19	5	27	12	643	-763	8.08695
1290	2	7	7	11	14	1648	-840	8.08559
979	3	4	7	11	12	2072	-2176	8.08442
3186	2	21	5	27	13	757	-600	8.08397
4628	0	20	8	26	14	21495	0	8.08358
2786	2	9	9	11	15	583	-505	8.0831
2782	2	9	9	15	14	453	-624	8.08243
2828	0	20	4	27	11	8856	0	8.082
2422	2	6	9	14	12	271	-303	8.08102
5373	1	21	9	27	14	9238	0	8.08049
1594	2	4	8	13	11	610	-653	8.07974
2832	0	20	4	23	12	8929	0	8.07937
2478	2	6	9	14	15	722	-556	8.07813
4890	2	18	9	26	12	472	-707	8.07656
5282	2	21	9	25	11	367	-434	8.07506
2475	3	6	9	13	15	1283	-402	8.07442
5214	2	20	9	27	14	1676	-1240	8.07387
4376	0	18	8	26	15	18526	0	8.07266
2526	2	7	9	14	12	1176	-1094	8.07225
5206	2	20	9	25	14	877	-1003	8.07169
2386	2	5	9	13	16	593	-607	8.07128
1390	2	8	7	15	13	2655	-6118	8.07089
2135	3	9	8	12	14	2309	-1314	8.07017
4755	3	21	8	24	13	2524	-1035	8.06965
3375	3	19	6	28	13	2298	0	8.06887
2134	2	9	8	12	14	1430	-1411	8.0684
2524	0	7	9	14	12	17175	0	8.0677
1302	2	7	7	14	14	4851	-5432	8.06707
2038	2	8	8	15	14	1065	-914	8.065
2163	3	9	8	14	15	495	-624	8.06346
5219	3	20	9	28	14	3546	-786	8.06296
2775	3	9	9	13	14	2570	0	8.06246
399	3	9	5	14	13	3437	-1138	8.0618
1391	3	8	7	15	13	6543	-7991	8.06065
5407	3	21	9	28	15	473	0	8.05946
4106	2	20	7	26	16	1297	-1577	8.05869
3185	1	21	5	27	13	7243	0	8.05733
2518	2	7	9	12	12	1102	-289	8.0566
4672	0	20	8	23	16	23547	0	8.05597
3277	1	18	6	23	14	8325	0	8.05549
3352	0	19	6	23	13	8391	0	8.05485
1602	2	4	8	11	12	1069	-1130	8.05439
4822	2	21	8	27	15	1569	-1021	8.05279
1887	3	7	8	13	12	184	0	8.05094
3258	2	18	6	23	13	114	-100	8.05012
5290	2	21	9	27	11	877	-510	8.04764
3619	3	21	6	29	12	4194	-1545	8.04672
4810	2	21	8	24	15	995	-828	8.04461
4099	3	20	7	24	16	3435	-1320	8.04336
5202	2	20	9	24	14	923	-804	8.04087
3278	2	18	6	23	14	939	-1600	8.04024
898	2	9	6	12	14	2224	-768	8.03909
3181	1	21	5	26	13	5957	0	8.03852
4799	3	21	8	28	14	2967	-1583	8.03815
2013	1	8	8	14	13	14106	0	8.03653
1598	2	4	8	14	11	960	-1139	8.03599
3324	0	19	6	23	12	16499	0	8.03514
2474	2	6	9	13	15	665	-616	8.03459
2788	0	9	9	12	15	8827	0	8.03416
2074	2	9	8	12	11	563	-442	8.03208
3174	2	21	5	24	13	196	-379	8.0315
2378	2	5	9	11	16	253	-360	8.03018
3976	0	20	7	29	11	17178	0	8.02976
2522	2	7	9	13	12	532	-677	8.02838
4950	2	18	9	24	15	1624	-1415	8.02765
2171	3	9	8	12	16	1476	-1225	8.02669
1255	3	7	7	12	12	3812	-576	8.02536
3238	2	18	6	23	12	1119	-1608	8.02348
2792	0	9	9	13	15	11322	0	8.02256
575	3	5	6	12	15	4907	-2491	8.02189
5427	3	21	9	26	16	4685	-1668	8.01925
1843	3	6	8	14	15	99	0	8.01886
2884	0	21	4	26	12	16466	0	8.01824
4268	0	21	7	27	16	23001	0	8.01686
3963	3	20	7	25	11	2718	-1545	8.01597
3176	0	21	5	25	13	5654	0	8.01537
1203	3	6	7	11	15	2533	-450	8.01424
503	3	4	6	12	15	10945	-572	8.01341
2009	1	8	8	13	13	13739	0	8.01296
2830	2	20	4	27	11	613	-736	8.01065
811	3	8	6	12	14	5353	-845	8.00921
2555	3	7	9	11	14	149	-392	8.00871
812	0	8	6	13	14	19045	0	8.00801
3265	1	18	6	25	13	5233	0	8.00717
2082	2	9	8	14	11	1232	-580	8.00674
5083	3	19	9	25	15	1893	0	8.00622
4766	2	21	8	27	13	920	-1009	8.0056
4510	2	19	8	27	15	1616	-1155	8.00521
2928	0	19	5	26	11	19550	0	8.00466
3232	0	18	6	27	11	8578	0	8.00407
4782	2	21	8	24	14	1427	-2001	8.00329
1247	3	7	7	15	11	2901	-721	8.0028
3260	0	18	6	24	13	3684	0	8.00241
3220	0	18	6	24	11	5770	0	8.00147
2027	3	8	8	12	14	2604	0	8.001
412	0	9	5	14	14	19302	0	8.00001
4502	2	19	8	25	15	942	-765	7.99888
1212	0	6	7	14	15	19810	0	7.99727
3328	0	19	6	24	12	20446	0	7.99686
2847	3	20	4	26	12	1975	-2150	7.99592
5151	3	20	9	25	12	521	-362	7.99548
1191	3	6	7	12	14	2709	-573	7.99439
2566	2	7	9	14	14	888	-1630	7.99367
2423	3	6	9	14	12	611	-237	7.99279
2002	2	8	8	11	13	1125	-1235	7.99225
443	3	4	6	12	11	3735	-1205	7.99049
3280	0	18	6	24	14	13680	0	7.98909
5064	0	19	9	28	14	18696	0	7.98829
4542	2	20	8	25	11	567	-1260	7.98729
855	3	9	6	15	11	5155	-1223	7.98451
3629	1	21	6	25	13	15999	0	7.98359
5327	3	21	9	29	12	389	-1429	7.98188
2919	3	19	5	23	11	1056	-534	7.98071
1235	3	7	7	12	11	3272	-984	7.97989
5239	3	20	9	26	15	663	-454	7.97948
1990	2	8	8	13	12	434	-836	7.9791
2867	3	21	4	26	11	790	-267	7.9779
4624	0	20	8	25	14	21024	0	7.97671
2784	0	9	9	11	15	8521	0	7.97604
2876	0	21	4	24	12	11135	0	7.97563
1771	3	6	8	15	11	950	-978	7.97495
4826	2	21	8	28	15	1465	-1295	7.97208
4814	2	21	8	25	15	736	-962	7.97155
5335	3	21	9	24	13	1164	-817	7.97097
2482	2	6	9	11	16	1172	-1127	7.97043
4583	3	20	8	28	12	6258	-5817	7.96972
3188	0	21	5	28	13	8878	0	7.9689
3400	0	19	6	28	14	12971	0	7.96655
2995	3	19	5	24	14	4052	0	7.96516
4007	3	20	7	29	12	3153	-2448	7.96423
5195	3	20	9	29	13	525	-372	7.96269
595	3	6	6	14	11	2420	-3384	7.9619
3228	0	18	6	26	11	9256	0	7.96102
5263	3	20	9	25	16	3480	-1026	7.96057
620	0	6	6	13	13	20553	0	7.95964
2439	3	6	9	13	13	1850	-403	7.95778
4898	2	18	9	28	12	1039	-707	7.95424
1782	2	6	8	13	12	1018	-2766	7.95314
1675	3	5	8	14	11	596	-406	7.95242
4902	2	18	9	23	13	961	-746	7.95204
3219	3	18	6	23	11	2892	0	7.95136
4191	3	21	7	28	13	7382	-7966	7.9509
1735	3	5	8	13	15	1792	-1053	7.95015
1279	3	7	7	13	13	3789	-1060	7.9497
5298	2	21	9	29	11	1119	-991	7.9493
1615	3	4	8	14	12	6148	-1778	7.9488
3356	0	19	6	24	13	12537	0	7.94821
5372	0	21	9	27	14	11975	0	7.94689
3313	1	19	6	27	11	8424	0	7.94628
3317	1	19	6	28	11	9335	0	7.94536
3182	2	21	5	26	13	351	-654	7.94497
1654	2	4	8	12	15	1113	-1182	7.94447
2922	2	19	5	24	11	773	-1347	7.94402
4063	3	20	7	29	14	4203	-1640	7.94292
3367	3	19	6	26	13	5198	-361	7.94195
499	3	4	6	11	15	3152	-1000	7.94113
4019	3	20	7	25	13	4014	-1216	7.9394
3273	1	18	6	27	13	7367	0	7.93757
1631	3	4	8	14	13	552	-368	7.93717
2447	3	6	9	15	13	2282	-1099	7.93676
1587	3	4	8	11	11	513	-306	7.93382
5299	3	21	9	29	11	2228	-885	7.92754
4899	3	18	9	28	12	2096	-763	7.92652
4455	3	19	8	27	13	3023	-1417	7.92588
4823	3	21	8	27	15	5622	-5540	7.92546
4824	0	21	8	28	15	20258	0	7.9243
1702	2	5	8	13	13	1686	-3503	7.92332
3239	3	18	6	23	12	1916	-1053	7.92259
1783	3	6	8	13	12	5262	-2305	7.92204
5210	2	20	9	26	14	937	-895	7.92149
5254	2	20	9	23	16	1100	-809	7.92053
1211	3	6	7	13	15	3922	-672	7.92
5218	2	20	9	28	14	1123	-1284	7.91858
1743	3	5	8	11	16	2555	-2336	7.91797
3588	0	21	6	29	11	21377	0	7.91647
4055	3	20	7	27	14	3375	-2202	7.91566
3321	1	19	6	29	11	10636	0	7.91454
4843	3	21	8	25	16	3280	-1340	7.91409
1983	3	8	8	11	12	2401	0	7.91275
1742	2	5	8	11	16	2136	-4524	7.91112
2907	3	18	5	23	12	3326	0	7.91023
2927	3	19	5	25	11	1354	-1153	7.90926
1612	0	4	8	14	12	19578	0	7.90863
1215	3	6	7	14	15	6975	-7230	7.90763
2798	2	9	9	14	15	543	-1090	7.90629
2086	2	9	8	15	11	1056	-686	7.90511
939	3	3	7	11	12	1935	0	7.90435
3003	3	19	5	26	14	5842	0	7.90353
2211	3	3	9	13	13	4696	-275	7.9026
3264	0	18	6	25	13	7206	0	7.90145
1367	3	8	7	14	12	4187	-167	7.89948
4951	3	18	9	24	15	2482	-1903	7.89822
5262	2	20	9	25	16	1700	-1936	7.89697
4818	2	21	8	26	15	1389	-1105	7.89616
3359	3	19	6	24	13	4940	0	7.89481
3327	3	19	6	23	12	1630	-1694	7.89424
3231	3	18	6	26	11	1168	-545	7.89383
1659	3	4	8	13	15	6481	-1759	7.8926
2126	2	9	8	15	13	1359	-981	7.891
2583	3	7	9	14	15	5392	-1220	7.89016
2438	2	6	9	13	13	852	-893	7.88849
2878	2	21	4	24	12	794	-1170	7.88791
487	3	4	6	11	14	4036	-778	7.88719
4418	2	19	8	25	12	1026	-986	7.88667
4550	2	20	8	27	11	927	-971	7.88541
2967	3	19	5	23	13	4770	-1085	7.88411
2523	3	7	9	13	12	2535	-923	7.88264
2011	3	8	8	13	13	1715	-2168	7.88149
3307	3	19	6	25	11	3339	0	7.88104
4829	1	21	8	29	15	16958	0	7.88005
3269	1	18	6	26	13	6141	0	7.87945
2923	3	19	5	24	11	5835	-1376	7.87882
2055	3	8	8	14	15	2463	-2282	7.87539
5419	3	21	9	24	16	4777	-677	7.8748
2935	3	19	5	27	11	1889	-1771	7.87412
4506	2	19	8	26	15	1255	-801	7.87374
411	3	9	5	13	14	3134	-1078	7.87267
2916	0	19	5	23	11	12300	0	7.87027
3403	3	19	6	28	14	5329	0	7.86747
3184	0	21	5	27	13	8787	0	7.86704
2046	2	8	8	12	15	1232	-1200	7.86612
5383	3	21	9	29	14	3935	-1828	7.86572
2975	3	19	5	25	13	5515	-905	7.8637
1747	3	5	8	12	16	2821	-1445	7.86279
4870	2	18	9	27	11	615	-2190	7.86218
3180	0	21	5	26	13	8324	0	7.85947
3224	0	18	6	25	11	8622	0	7.85796
4051	3	20	7	26	14	3706	-2245	7.85741
4803	3	21	8	29	14	1072	-441	7.85704
3175	3	21	5	24	13	2669	0	7.85343
231	3	7	5	12	11	1278	-5905	7.85201
2787	3	9	9	11	15	1200	-348	7.84913
3308	0	19	6	26	11	8125	0	7.84861
455	3	4	6	11	12	3193	-1256	7.8475
2951	3	19	5	25	12	3678	0	7.84606
4183	3	21	7	26	13	5436	-7400	7.84355
4107	3	20	7	26	16	2898	-1224	7.84276
4668	0	20	8	29	15	22533	0	7.84201
3263	3	18	6	24	13	3272	0	7.84094
2379	3	5	9	11	16	253	-226	7.84032
4887	3	18	9	25	12	3772	-1033	7.83928
1220	0	6	7	12	16	20100	0	7.83851
4907	3	18	9	24	13	2469	-1036	7.83796
1323	3	7	7	11	16	3988	-753	7.83733
2075	3	9	8	12	11	857	-475	7.83679
5283	3	21	9	25	11	526	-600	7.83608
1727	3	5	8	11	15	991	-734	7.8352
4363	3	18	8	27	14	2913	-459	7.83387
4906	2	18	9	24	13	1148	-1310	7.83279
4422	2	19	8	26	12	921	-966	7.83157
1719	3	5	8	13	14	728	-649	7.83058
4862	2	18	9	25	11	1238	-1104	7.82848
3259	3	18	6	23	13	238	-115	7.828
2880	0	21	4	25	12	13497	0	7.82519
4359	3	18	8	26	14	643	-597	7.82449
1239	3	7	7	13	11	1091	-457	7.82366
2843	3	20	4	25	12	5417	-1594	7.82305
2924	0	19	5	25	11	15759	0	7.82252
3283	3	18	6	24	14	1416	-1183	7.82169
3276	0	18	6	23	14	11619	0	7.82103
2486	2	6	9	12	16	813	-1509	7.81914
3279	3	18	6	23	14	5429	-812	7.81875
3187	3	21	5	27	13	1190	-438	7.81822
3699	3	21	6	28	15	807	-2768	7.81782
1639	3	4	8	12	14	1213	-547	7.81716
3311	3	19	6	26	11	316	-312	7.81621
1739	3	5	8	14	15	1834	-1544	7.81566
151	3	5	5	11	14	3760	-2929	7.81476
4462	2	19	8	29	13	918	-943	7.81286
5223	3	20	9	29	14	3380	-1911	7.81247
5211	3	20	9	26	14	2345	-687	7.81141
1287	3	7	7	15	13	2194	-2523	7.81081
2203	3	3	9	11	13	4926	0	7.81027
815	3	8	6	13	14	2608	0	7.80987
16	0	7	4	11	11	17532	0	7.80942
1331	3	7	7	13	16	2400	-3536	7.80869
143	3	5	5	13	13	621	-1616	7.80658
2920	0	19	5	24	11	13196	0	7.80605
3615	3	21	6	28	12	3264	-2523	7.80528
1734	2	5	8	13	15	944	-3459	7.80458
4499	3	19	8	24	15	2227	-1705	7.80399
5255	3	20	9	23	16	2370	-1063	7.80293
2479	3	6	9	14	15	2326	-1249	7.80182
3171	3	21	5	23	13	153	-70	7.8012
3585	1	21	6	28	11	10956	0	7.80074
3191	3	21	5	28	13	2289	-1247	7.80024
1299	3	7	7	13	14	3267	-1103	7.79975
5368	0	21	9	26	14	12450	0	7.79929
2446	2	6	9	15	13	733	-1110	7.79879
2959	3	19	5	27	12	4722	0	7.79786
5203	3	20	9	24	14	1086	-590	7.79264
1731	3	5	8	12	15	2110	-3562	7.79186
3223	3	18	6	24	11	592	-243	7.78985
1613	1	4	8	14	12	15028	0	7.78657
2511	3	7	9	15	11	143	-262	7.7858
2043	3	8	8	11	15	2103	-1970	7.78274
3611	3	21	6	27	12	912	-2088	7.78128
5379	3	21	9	28	14	958	-2132	7.77716
5267	3	20	9	26	16	3345	-5341	7.77586
4811	3	21	8	24	15	1825	-673	7.77485
1683	3	5	8	12	12	1181	-709	7.77377
4447	3	19	8	25	13	1133	-1781	7.77318
5247	3	20	9	28	15	1099	-736	7.77275
1999	3	8	8	15	12	1953	-1842	7.77188
55	3	9	4	12	11	61	-909	7.77009
4759	3	21	8	25	13	745	-463	7.76937
1283	3	7	7	14	13	1127	-632	7.76829
5375	3	21	9	27	14	4534	-863	7.76759
4847	3	21	8	26	16	1133	-808	7.76696
1651	3	4	8	11	15	2043	-5741	7.76643
3655	3	21	6	24	14	793	-2286	7.76601
491	3	4	6	12	14	2357	-1052	7.76295
135	3	5	5	11	13	985	-1576	7.76253
2115	3	9	8	12	13	3392	0	7.75739
1199	3	6	7	14	14	2288	-1936	7.75663
3316	0	19	6	28	11	13202	0	7.756
1295	3	7	7	12	14	2249	-1574	7.75482
2127	3	9	8	15	13	890	-887	7.75199
883	3	9	6	12	13	791	-522	7.75071
1327	3	7	7	12	16	1108	-790	7.74974
4407	3	19	8	29	11	3201	-2499	7.74933
1687	3	5	8	13	12	2028	-596	7.74846
5155	3	20	9	26	12	2254	-968	7.74777
2839	3	20	4	24	12	1534	-960	7.74725
4767	3	21	8	27	13	1760	-693	7.74519
4059	3	20	7	28	14	2554	-5906	7.74424
4367	3	18	8	23	15	1896	-1871	7.74327
3215	3	21	5	28	14	151	-85	7.74275
1694	2	5	8	11	13	1363	-856	7.74219
2567	3	7	9	14	14	4604	-625	7.74162
4403	3	19	8	28	11	790	-1761	7.74063
3268	0	18	6	26	13	10344	0	7.73915
2838	2	20	4	24	12	578	-1340	7.73813
2079	3	9	8	13	11	2574	-547	7.73704
535	3	5	6	14	12	2465	-1393	7.73621
2471	3	6	9	12	15	3100	0	7.73398
2383	3	5	9	12	16	2478	0	7.73249
4491	3	19	8	29	14	1179	-1833	7.73069
1243	3	7	7	14	11	2347	-1882	7.73007
4891	3	18	9	26	12	988	-845	7.72922
2983	3	19	5	27	13	3103	0	7.72858
3287	3	18	6	25	14	4569	0	7.72774
2435	3	6	9	12	13	2301	-1151	7.72711
4095	3	20	7	23	16	3922	-2879	7.72461
3272	0	18	6	27	13	10566	0	7.72303
2047	3	8	8	12	15	1101	-557	7.72244
2087	3	9	8	15	11	2159	-3545	7.72207
4943	3	18	9	27	14	1404	-1452	7.72169
95	3	4	5	12	13	3575	-2390	7.72107
2519	3	7	9	12	12	533	-549	7.72016
5215	3	20	9	27	14	5878	-2295	7.71891
1811	3	6	8	15	13	4802	0	7.71853
1655	3	4	8	12	15	3228	-1649	7.71718
2123	3	9	8	14	13	2842	-355	7.71576
5291	3	21	9	27	11	790	-802	7.71519
931	3	3	7	12	11	3340	-1777	7.71415
4825	1	21	8	28	15	15622	0	7.71339
2427	3	6	9	15	12	2735	0	7.71296
3312	0	19	6	27	11	11797	0	7.71111
1195	3	6	7	13	14	823	-425	7.70868
2915	3	18	5	25	12	3125	0	7.70756
799	3	8	6	13	13	3045	-1063	7.70646
1643	3	4	8	13	14	1998	-884	7.70503
943	3	3	7	12	12	2387	-1267	7.70446
2911	3	18	5	24	12	262	-286	7.70402
547	3	5	6	13	13	3278	-195	7.70274
1690	2	5	8	14	12	1306	-1087	7.70135
1987	3	8	8	12	12	539	-369	7.69971
795	3	8	6	12	13	720	-679	7.69926
4551	3	20	8	27	11	1148	-1659	7.69864
2799	3	9	9	14	15	4594	-1954	7.69705
415	3	9	5	14	14	5922	-783	7.69529
4815	3	21	8	25	15	1948	-3287	7.69426
4863	3	18	9	25	11	2344	-1051	7.69303
1679	3	5	8	11	12	2713	-1002	7.69255
1698	2	5	8	12	13	1338	-1533	7.69203
1691	3	5	8	14	12	1347	-703	7.69097
5199	3	20	9	23	14	2708	-541	7.68999
4451	3	19	8	26	13	3965	-2299	7.68952
3967	3	20	7	26	11	999	-559	7.68798
3199	3	21	5	24	14	3811	0	7.68598
4819	3	21	8	26	15	2133	-733	7.68296
2483	3	6	9	11	16	850	-696	7.67878
3267	3	18	6	25	13	398	-267	7.67614
4139	3	21	7	29	11	4338	-2733	7.67556
4503	3	19	8	25	15	2427	-4385	7.67514
4459	3	19	8	28	13	2166	-2900	7.67381
4155	3	21	7	26	12	6923	-4127	7.67346
5159	3	20	9	27	12	866	-567	7.6713
4903	3	18	9	23	13	2082	-3328	7.67078
3320	0	19	6	29	11	12375	0	7.66903
2443	3	6	9	14	13	2298	-2992	7.6678
1703	3	5	8	13	13	4372	-1400	7.66703
2827	3	20	4	26	11	2651	0	7.66611
2879	3	21	4	24	12	2655	-1596	7.66549
539	3	5	6	11	13	3690	-1264	7.66504
1291	3	7	7	11	14	226	-589	7.66381
1738	2	5	8	14	15	1080	-1131	7.66098
2931	3	19	5	26	11	4713	-977	7.66037
807	3	8	6	11	14	2222	-1709	7.6598
2851	3	20	4	27	12	4400	0	7.65893
4023	3	20	7	26	13	5413	-969	7.6583
2791	3	9	9	12	15	2342	-1585	7.65771
5243	3	20	9	27	15	3140	-605	7.65678
4939	3	18	9	26	14	4955	-2534	7.65542
3323	3	19	6	29	11	4912	-363	7.65483
2887	3	21	4	26	12	4871	-1284	7.65435
459	3	4	6	12	12	6312	-650	7.65254
2823	3	20	4	25	11	210	-238	7.65211
3	3	6	4	11	11	665	-1078	7.65122
2779	3	9	9	14	14	332	-244	7.65044
99	3	4	5	13	13	343	-1014	7.64753
2871	3	21	4	27	11	2920	0	7.64623
2835	3	20	4	23	12	2539	-1658	7.64483
4011	3	20	7	23	13	657	-602	7.64363
4763	3	21	8	26	13	2268	-1338	7.64327
3351	3	19	6	29	12	3937	0	7.64154
147	3	5	5	14	13	2493	-3155	7.64092
851	3	9	6	14	11	2149	-2118	7.64047
3979	3	20	7	29	11	2007	-1099	7.6401
4371	3	18	8	24	15	2054	-889	7.63892
5251	3	20	9	29	15	2151	-1413	7.63601
1723	3	5	8	14	14	3043	-835	7.63452
4415	3	19	8	24	12	2212	-647	7.63385
1303	3	7	7	14	14	6378	-8508	7.63274
4947	3	18	9	23	15	5210	-2740	7.63191
47	3	8	4	12	12	733	-1130	7.63025
4775	3	21	8	29	13	2008	-697	7.6285
3395	3	19	6	26	14	4353	0	7.62702
3331	3	19	6	24	12	3979	0	7.62598
3243	3	18	6	24	12	4312	0	7.62485
2031	3	8	8	13	14	477	-578	7.62436
1595	3	4	8	13	11	710	-451	7.62348
2119	3	9	8	13	13	359	-667	7.62188
1591	3	4	8	12	11	2526	-918	7.62075
2167	3	9	8	11	16	4116	-67	7.61917
407	3	9	5	12	14	2854	-536	7.61865
3747	3	18	7	28	12	4967	-2304	7.61718
3179	3	21	5	25	13	301	-205	7.61652
4111	3	20	7	27	16	6501	-4505	7.61392
3667	3	21	6	27	14	3089	-758	7.6107
2795	3	9	9	13	15	823	-616	7.60962
4851	3	21	8	27	16	2604	-1556	7.60782
495	3	4	6	13	14	3060	-1652	7.60675
15	3	6	4	12	12	2538	-1821	7.60357
4511	3	19	8	27	15	5337	0	7.60114
4895	3	18	9	27	12	2801	-1916	7.59871
4780	0	21	8	24	14	19411	0	7.59557
11	3	6	4	11	12	706	-880	7.59456
4771	3	21	8	28	13	2118	-1363	7.59421
1991	3	8	8	13	12	2350	-201	7.59372
927	3	3	7	11	11	956	-1260	7.59311
4419	3	19	8	25	12	514	-880	7.59215
4507	3	19	8	26	15	760	-1275	7.59151
5207	3	20	9	25	14	2090	-1405	7.59104
2035	3	8	8	14	14	2492	-1107	7.58996
3791	3	18	7	27	14	5389	-11307	7.58761
5163	3	20	9	28	12	2016	-1191	7.58256
1599	3	4	8	14	11	2202	-735	7.58218
1635	3	4	8	11	14	3009	-560	7.58141
2783	3	9	9	15	14	2489	0	7.58031
1699	3	5	8	12	13	1653	-1536	7.57629
2395	3	6	9	12	11	252	-303	7.5755
91	3	4	5	11	13	715	-1620	7.57133
3755	3	18	7	24	13	3886	-10494	7.5667
4463	3	19	8	29	13	647	-1245	7.56253
4103	3	20	7	25	16	3590	-1986	7.56108
3227	3	18	6	25	11	2888	-145	7.5599
2487	3	6	9	12	16	5519	-3041	7.55907
3315	3	19	6	27	11	4403	0	7.55716
4379	3	18	8	26	15	2996	-730	7.55664
3235	3	18	6	27	11	4320	-1098	7.55485
3183	3	21	5	26	13	2648	-259	7.55174
3271	3	18	6	26	13	3049	0	7.5476
4375	3	18	8	25	15	1209	-936	7.54526
5167	3	20	9	29	12	1250	-648	7.54275
847	3	9	6	13	11	361	-932	7.54038
1298	2	7	7	13	14	1512	-831	7.53921
4423	3	19	8	26	12	3884	0	7.53806
2003	3	8	8	11	13	637	-482	7.53437
447	3	4	6	13	11	657	-888	7.5244
2051	3	8	8	13	15	4406	-4429	7.51549
803	3	8	6	14	13	608	-908	7.5119
3711	3	18	7	25	11	3826	-10387	7.49315
