15.0
15.0
15.0
15.0
15.0
15.0
15.0
15.0
15.0
15.0
12.547031231988834
12.546686295878494
12.546341240746743
12.545996066511256
12.545650773089854
12.545305360400073
12.544959828359563
12.54461417688586
12.54426840589626
12.54392251530818
12.543576505038828
12.543230375005413
12.542884125124806
12.521918393706162
12.500518491517068
10.648778067073241
10.554763683730394
10.554439341229337
10.313078625923483
9.944009963765067
9.746950998812366
9.746603855106633
9.746260834794532
9.688090396367953
9.687785854908375
9.683425135653708
9.68313600402673
9.682791928179368
9.682447733910395
9.682103421138402
9.673016278281175
9.511860903702779
9.506618825377386
9.506278311199418
9.500314003888185
9.454347429019592
9.43753589138953
9.398094387814643
9.343576507849669
9.335311432407225
9.334970429784383
9.334629310849225
9.334279710449582
9.299440710870773
9.292822118560261
9.292475859080913
9.292214243170491
9.291952558805658
9.291605998077436
9.29125931721449
9.290997382831465
9.290650490891759
9.2903034785875
9.284257797022613
9.283924267281083
9.281338218395113
9.28104989343447
9.24949266989226
9.195654715046599
9.195347089513218
9.189733776980614
9.174275560096131
9.168001494185914
9.159591129414576
9.159514950941636
9.14735024664081
9.138578514256197
9.138220379785494
9.137925886817563
9.137631307107373
9.124333276673315
9.120419263631891
9.11295569908659
9.107553429586726
9.107213016689405
9.106872487884685
9.106531843093444
9.1061910822366
9.105850205235088
9.105509212009768
9.105168102481427
9.104826876570451
9.100062445281425
9.082332684117985
9.073855397795915
9.073569721183384
9.06822996584583
9.067892086226344
9.06080274850852
9.060488439596874
9.060192152971009
9.059859525282235
9.059544919755078
9.059230215231599
9.04637989630462
9.035786778932842
9.031267505964408
9.030932579730745
9.030581244772245
9.030229786348956
9.029878204373972
9.029526498760365
9.02918336234901
9.015338853957378
8.997154888869721
8.996918850408358
8.996682756226615
8.996390432699858
8.99609802370551
8.995749319575506
8.995456723049704
8.995107795212306
8.994815010914282
8.994465859082577
8.99411658531645
8.993823510657272
8.993474012452241
8.993180749406585
8.992831026474038
8.992537574799604
8.992244036996563
8.991950413014488
8.989549944581134
8.98920869984982
8.986483772190333
8.978408613488526
8.972983526623047
8.972726928748658
8.955300264784816
8.951927225162366
8.950069244595975
8.94975769230252
8.94944604292664
8.942962944839529
8.91844906163771
8.918111294785076
8.917795138175883
8.917457150369698
8.91711904830436
8.916780831902845
8.916464254368828
8.916147576595117
8.91580903145477
8.915470371678106
8.912023144981422
8.911698826168292
8.909496213857539
8.897448379977858
8.897095623183954
8.89674274192584
8.896389736115744
8.896050778631208
8.895697528459763
8.866766809272653
8.866458993370191
8.866151082701236
8.865843077207623
8.86553497683071
8.865226781512156
8.86491849119329
8.864610105815805
8.864259823868492
8.863909419198082
8.863558891718652
8.863250086769762
8.862899328092166
8.862548446357088
8.862197441478282
8.86184631336921
8.861495061943428
8.861143687114186
8.860792188794866
8.860440566898454
8.85984172017319
8.85713096193807
8.856812282603904
8.856493501695383
8.85617461914758
8.855836996930817
8.85549926070305
8.84591274724351
8.841778999612552
8.833306685813435
8.826172325629699
8.823996128363458
8.820699873442749
8.817640393980724
8.817355207994206
8.817021887633752
8.816110656882547
8.798905004455502
8.79868621112355
8.792416990190796
8.787785174632479
8.786989796232486
8.785325754087216
8.785012307671288
8.763319025138737
8.762973371020458
8.759343007487766
8.74870458183523
8.747122219321977
8.747091953579423
8.74382682522761
8.729783934732822
8.722645513006592
8.722437221329907
8.718352586981041
8.702321257280559
8.698847047535171
8.69882430861677
8.697672955507262
8.697336795736858
8.697000522943773
8.69130610600571
8.686433933857801
8.684927189219394
8.684884916539406
8.6848426420727
8.68020312047968
8.67436341814456
8.674344431019342
8.674325443533679
8.669686718527954
8.669354372846087
8.669021916692673
8.664048170976155
8.663386624886602
8.656565043415902
8.648906652771743
8.63856662873233
8.637885700505485
8.609353990702623
8.607243090948154
8.60723547659794
8.607227862189863
8.607220247723658
8.607212633199657
8.586581923405957
8.586336388157735
8.586332579910236
8.58632877164814
8.586324963371547
8.586321155080574
8.586317346775056
8.56978112578439
8.568411560011787
8.565611276901574
8.565245429313686
8.564879447857948
8.564513332436276
8.564147082950534
8.563780699302537
8.56341418139408
8.563047529126662
8.562680742401671
8.562313821120647
8.56194676518472
8.561579574494903
8.561212248952558
8.560844788458269
8.560477192913083
8.560109462217527
8.559741596272325
8.55937359497799
8.559005458234703
8.558637185942985
8.558268778002697
8.557900234314218
8.557531554777134
8.557162739291522
8.556793787757089
8.556424700073228
8.556055476139715
8.555686115855622
8.555316619120466
8.554946985833263
8.554577215893138
8.554207309198835
8.55383726564953
8.553467085143566
8.553096767579833
8.55272631285649
8.552355720872269
8.551984991525131
8.551614124713405
8.551243120335004
8.550871978287844
8.550500698469932
8.550129280778672
8.549757725111713
8.54938603136671
8.549014199440823
8.54864222923122
8.548270120635177
8.547897873549687
8.547525487871555
8.54715296349761
8.546780300324492
8.546407498248819
8.546034557166855
8.545661476974926
8.545288257569307
8.544914898846113
8.544541400701254
8.544167763030527
8.543793985729819
8.543420068694536
8.543046011820156
8.542671815002281
8.54229747813602
8.541923001116553
8.541548383838867
8.541173626197903
8.540798728088514
8.54042368940516
8.540048510042505
8.539673189895096
8.53929772885709
8.538922126822852
8.538546383686137
8.538170499341213
8.537794473681888
8.537418306601603
8.537041997994331
8.536665547753216
8.536288955771811
8.535912221943363
8.53553534616082
8.535158328317397
8.534781168305706
8.534403866018781
8.53402642134896
8.53364883418897
8.533271104431133
8.532893231967781
8.5325152166909
8.532137058492518
8.531758757264688
8.531380312899099
8.531001725287489
8.530622994321105
8.530244119891686
8.529865101890367
8.529485940208303
8.529106634736598
8.528727185365971
8.528347591987556
8.527967854491678
8.527587972768924
8.52720794670985
8.526827776204783
8.526447461143592
8.526067001416589
8.525686396913617
8.525496040340354
8.525115218466707
8.524734251541224
8.524353139453606
8.523971882092882
8.523590479348556
8.523208931109512
8.522827237264927
8.52244539770336
8.522063412313749
8.521681280984675
8.521299003604408
8.520916580061405
8.52053401024375
8.520151294039795
8.519768431337141
8.519385422023825
8.519002265987467
8.518618963115548
8.518235513295558
8.517851916414887
8.517468172360521
8.517084281019583
8.516700242278995
8.51631605602552
8.515931722145796
8.515547240526358
8.515162611053636
8.514777833613701
8.514392908092942
8.514007834377017
8.513622612352062
8.513237241903742
8.513044500988878
8.512658907690822
8.51227316568323
8.511887274851194
8.511501235079907
8.511115046254346
8.510728708259299
8.510342220979735
8.509955584300016
8.509568798104702
8.509181862278005
8.508794776704327
8.508407541267603
8.508020155851838
8.507632620340718
8.507244934617857
8.506857098567002
8.506469112071294
8.506080975014148
8.505692687278513
8.50530424874763
8.50491565930399
8.504526918830653
8.50413802720996
8.503748984324297
8.503359790056233
8.502970444287556
8.502580946900641
8.502191297777136
8.501801496798782
8.5014115438474
8.501021438804207
8.500631181550617
8.500240771967887
8.499850209936929
8.499459495338877
8.499068628054195
8.498677607963739
8.498286434947962
8.497895108887125
8.49750362966153
8.497111997151121
8.496720211236074
8.496328271795928
8.495936178710377
8.495543931859002
8.495151531121113
8.494758976375856
8.494366267502517
8.493973404379826
8.493580386886741
8.49318721490172
8.492793888303476
8.492400406970127
8.492006770780169
8.491612979611496
8.491219033342022
8.490824931849636
8.490430675012016
8.490036262706518
8.489641694810578
8.489246971201311
8.4888520917559
8.488457056351267
8.488061864864033
8.487666517171034
8.487271013148604
8.486875352673064
8.486479535620655
8.486083561867318
8.48568743128916
8.485291143761671
8.4848946991606
8.484498097361378
8.484101338239288
8.483704421669518
8.483307347526996
8.4829101156865
8.48251272602294
8.482115178410828
8.481717472724403
8.481319608838035
8.480921586625918
8.48052340596185
8.480125066719637
8.479726568773053
8.479327911995615
8.47892909626048
8.478729628748317
8.478330574339036
8.478130987418444
8.4777316940492
8.477332241214357
8.476932628786258
8.476532856637528
8.47613292464048
8.475732832667193
8.475332580589566
8.47493216827957
8.474531595608699
8.474130862448716
8.473729968670682
8.473328914146052
8.472927698745732
8.472526322340737
8.472124784801746
8.47172308599928
8.471321225803914
8.470919204085794
8.470517020715048
8.470114675561717
8.469712168495551
8.469309499386192
8.46890666810324
8.468503674515807
8.468100518493207
8.467697199904514
8.466877051136125
8.466477875328577
8.466078540149494
8.46567904547186
8.465279391168073
8.464879577110382
8.464479603171348
8.464079469222796
8.46367917513673
8.463278720785041
8.46287810603926
8.462477330771003
8.462076394851367
8.461675298151633
8.461274040542849
8.46087262189572
8.460471042081245
8.460069300969737
8.459766808717804
8.459364784590166
8.45896259880853
8.458560251242561
8.458257302197985
8.457854670760689
8.45755150789877
8.457148592189254
8.456845215207911
8.45644201482465
8.45613842342126
8.455734937961557
8.45533128967034
8.455027360893569
8.45462342689215
8.45421932969684
8.453815069175697
8.453410645196815
8.453006057627894
8.45260130633651
8.452196391190148
8.451791312056152
8.451386068801654
8.450980661293531
8.450140874577906
8.449739873167848
8.449338710925478
8.448937387722026
8.448535903428006
8.448134257914207
8.447732451050992
8.447330482708713
8.446928352757702
8.446591630752486
8.446254795351562
8.445917846478833
8.445515148070744
8.445112287466113
8.444709264534264
8.44430607914449
8.443902731165625
8.443499220466576
8.443095546915968
8.44269171038232
8.442287710733979
8.441883547839174
8.44147922156603
8.44107473178219
8.44067007835557
8.440265261153515
8.439860280043591
8.439002240967763
8.438601925584125
8.438201449918513
8.437800813842548
8.437400017227871
8.436999059945594
8.436646361207838
8.436245101632752
8.435843681018737
8.435442099236457
8.4350403561564
8.434638451649144
8.434236385584793
8.433834157833452
8.433480341115777
8.433126399194677
8.432723724735386
8.432320888099358
8.43191788915599
8.43151472777434
8.431111403823413
8.43070791717216
8.430304267689172
8.42990045524317
8.429023674974477
8.42862480190022
8.42826377962531
8.42786460333976
8.427465267683859
8.427065772530076
8.42670418699336
8.426304387681663
8.425904428501514
8.425504309325147
8.425104030024459
8.424703590471227
8.424302990537116
8.423902230093656
8.4235013090121
8.423100227163843
8.422698984419542
8.421803522866544
8.421407500114967
8.421011320501766
8.420614983902617
8.420249497424873
8.419852858779013
8.419456062783267
8.418542332923337
8.418151037709256
8.417811217691744
8.417419636298211
8.417027901542678
8.4166360133048
8.416269825110128
8.415877639685952
8.41551117368914
8.4151445733755
8.414777838646646
8.414436870471812
8.414069876121756
8.413728666481148
8.413335483209398
8.412942145318032
8.412548652685498
8.41215500518994
8.411761202709377
8.411393225127211
8.410510001481388
8.41012190263866
8.409799666198833
8.409411291585789
8.409066806585106
8.408678147251733
8.408333409614063
8.407944465142755
8.407577422176052
8.407232304887287
8.406865000444444
8.406497561069605
8.406129986663752
8.405784369503563
8.405416532863633
8.405048560900289
8.404702569797724
8.404334335032635
8.404010228336148
8.403641738548771
8.403273112957026
8.402904351460851
8.402513289705844
8.40214424792077
8.401252249183555
8.400905287635682
8.400539184020364
8.40019197499076
8.399825610146872
8.399478153282239
8.399111526836661
8.398744765957186
8.398415995815801
8.398068048850861
8.397719980803892
8.39737179159082
8.397042569773927
8.396694144625862
8.396345598062675
8.395996929999917
8.395648140352794
8.395280107089782
8.394316742815176
8.393936164353958
8.39299632727171
8.392665939667518
8.3916776153998
8.391349144124048
8.391033167316433
8.39070448430305
8.390388303746263
8.389353876003748
8.389050253396272
8.387993553300694
8.387700969796088
8.386626552847332
8.386310054380765
8.382431704847043
8.382158461788
8.380852817529647
8.373369486565474
8.372939318301421
8.37250896495584
8.372078426369189
8.371647702382237
8.371216792835124
8.37078569756782
8.370354416420383
8.369922949232357
8.36949129584328
8.36927767211656
8.368845740105893
8.36841362149273
8.367981316115706
8.367548823813209
8.367116144423758
8.36668327778541
8.366250223735882
8.365816982112875
8.365383552754086
8.364949935496417
8.36369927991948
8.363377514603224
8.363055645744952
8.362841008952454
8.362518967375888
8.362196822079326
8.36187457299603
8.361552220059016
8.361229763201406
8.360799658948972
8.360369369670513
8.359938895206879
8.359508235398648
8.359185118817976
8.358754134272314
8.358322963942273
8.357891607667922
8.357460065288619
8.357028336643916
8.35659642157273
8.356164319914253
8.355732031506998
8.354448654184296
8.35409165117549
8.353734520700012
8.353377262666879
8.353019876984977
8.352662363562871
8.352304722309517
8.351946953133224
8.351518424323896
8.351089711842356
8.35073150773343
8.350443887831217
8.350014714444953
8.34958535683325
8.34915581483812
8.348726088300946
8.348296177063295
8.347936970957221
8.347506720342663
8.347147230563145
8.346716640035497
8.346356866134283
8.345996962779902
8.345565876683688
8.345205688553344
8.34484537067157
8.34352665891435
8.343152431118252
8.34277806325669
8.342351460215191
8.341924675149157
8.34149770790337
8.341070558322148
8.340695410302304
8.340267917891035
8.339892468656608
8.339516878440865
8.338504525251372
8.338248315552963
8.337698276033283
8.337316396814943
8.3370158826731
8.33659297257845
8.336210671054895
8.335787420300479
8.335363990372024
8.334940381117807
8.334516592385764
8.334092624023834
8.332701592860841
8.332283307957134
8.33196424814234
8.331578799748296
8.33122635947697
8.329829771418233
8.329499755794203
8.329086891547892
8.328701448868152
8.327257960404015
8.326897979412879
8.326561238709065
8.326247761814617
8.32482588482692
8.324485765369095
8.324125475916029
8.322562534993446
8.319338693428465
8.317768860464867
8.310941594186865
8.31049725138179
8.310052711097088
8.309607973157062
8.309163037385806
8.3087179036075
8.308272571645595
8.307827041323833
8.306179814618064
8.305850527378418
8.305409693895118
8.30371757464502
8.303354459799827
8.302991213087006
8.301251321598853
8.3008207742843
8.300390041565018
8.29859916563322
8.298174036362266
8.296494922097567
8.28362618366246
8.28161143209463
8.278057529297017
8.277950858040693
8.277844175407434
8.275960830239448
8.275706299300822
8.273597662398148
8.273250381939278
8.270932693918986
8.266380449636458
8.266047313634704
8.265472487796698
8.263175394024593
8.26098735856573
8.260547132052178
8.260106711704067
8.259666097350502
8.259225288820746
8.258784285943403
8.255422620876422
8.242258153190209
8.239370619113936
8.238933755697271
8.238496701397928
8.23805945604916
8.237852779101075
8.23741525212249
8.236977533680932
8.234268873258255
8.233949442930731
8.23385605172145
8.231174585441924
8.230821326876478
8.225163564601559
8.21822805136911
8.216557311822335
8.216354738424682
8.21592051436448
8.2154861017229
8.215051500335967
8.214616710039651
8.214181730669791
8.213746562061692
8.208004710214748
8.192336473123293
8.192025148561852
8.188723375242294
8.188452379323184
8.1816615790716
8.176387192117266
8.176193285729527
8.17576655930255
8.175339650753733
8.173975703285867
8.155539975154975
8.153796045034047
8.14994490492853
8.149608913342059
8.139649417626757
8.13946468614507
8.139279920541423
8.138861640729841
8.138443185938195
8.138024556019976
8.137605750828623
8.137186770217298
8.136767614039039
8.136348282146638
8.135928774392704
8.135509090629776
8.135089230710053
8.118135005922266
8.117719680454998
8.117538837845233
8.11735796253528
8.117177054513371
8.114089994227685
8.112639521686255
8.102923396609345
8.10227212331081
8.102170064667758
8.099776873996971
8.099365575966509
8.09918925360528
8.09002768072
8.0899164020773
8.089805111054105
8.084016371143653
8.082341492261058
8.081934510066354
8.081762841428278
8.081591143324168
8.06566615032253
8.065499301010556
8.065332423864058
8.06005737560308
8.049255304292968
8.049093216649622
8.048931102737997
8.04853307533567
8.048370870613581
8.048208639585312
8.048046382242209
8.047884098575807
8.047721788577658
8.04755945223908
8.047397089551502
8.047234700506458
8.047072285095462
8.04690984330977
8.041630632721418
8.031429740284596
8.031272163063557
8.030878111363307
8.03072044721556
8.030562758214133
8.030405044350934
8.030247305618293
8.030089542008332
8.029931753513244
8.029773940125041
8.029616101836005
8.029458238638252
8.029300350523872
8.029142437484996
8.028984499513795
8.017921926445828
8.013553803552197
8.013400718007688
8.013247609032081
8.01309447661833
8.012704129914615
8.01255091427519
8.012397675164884
8.01200705640924
8.011616285061635
8.011462902699181
8.011309496814778
8.011156067401194
8.011002614451257
8.010849137957681
8.010457913928382
8.010066536833833
7.998303861491039
7.998078167238724
7.994403522099112
7.994254732428221
7.993867775663805
7.993718906278997
7.9933317421474115
7.992944428112401
7.992556964057861
7.992407899456767
7.9922588126397
7.992109703599973
7.991960572330919
7.991811418825996
7.991662243078464
7.991513045081713
7.991363824829118
7.991214582314191
7.985259145830811
7.984994975498951
7.984730735386505
7.975902634687818
7.975758243566205
7.9756138315999445
7.975469398783098
7.975085803511931
7.974941294431112
7.974796764471461
7.974412911133542
7.974028910446284
7.97388424859563
7.973739565822136
7.973355306522197
7.9729708995612265
7.966563775000334
7.96642098599515
7.957907011233674
7.9577670965512475
7.95762716229682
7.9574872084648876
7.95734723505001
7.950974503983854
7.950954086701051
7.9428593599004635
7.942724326730644
7.942349138910163
7.941973810320967
7.941838657554079
7.941703486524979
7.9413279155664815
7.9411926755021325
7.941057417152015
7.940922140511052
7.940786845574318
7.934214582166251
7.926291830150167
7.926161463203454
7.925790325784105
7.925419050620506
7.925288569876244
7.925158072110621
7.925027557319401
7.924897025497891
7.924766476641842
7.924635910746709
7.917869874972597
7.917741682031234
7.917613472660426
7.91748524685576
7.917357004613209
7.917228745928385
7.909937574907295
7.909811901685798
7.90968621267436
7.909560507869031
7.909434787265807
7.909067592636448
7.908941810067168
7.908574434407876
7.908206923783805
7.907839278095588
7.907713340978024
7.90734551381497
7.90697755135504
7.906609453498863
7.906241220146645
7.906115081674947
7.9059889272961685
7.905862757006312
7.905736570801431
7.898781878471274
7.898658184941409
7.898534476115328
7.8916285389242935
7.891264852889964
7.890901034589528
7.890537083926781
7.89041573761418
7.890051610318339
7.889930205099495
7.889808785145177
7.889444436816924
7.889079955740259
7.888958432537327
7.888836894570138
7.888472192031297
7.888107356485894
7.887385069396811
7.887009886135713
7.882858092659423
7.874360918104933
7.874244308271805
7.874127684844464
7.8740110478196526
7.8736509085703155
7.873290639623383
7.872322878973076
7.872206454704696
7.859690737351221
7.859335291339327
7.858979718989482
7.858624020211851
7.858512203047198
7.858400373382842
7.856889192891117
7.845100049386531
7.844749151488651
7.844642332046635
7.844291273534704
7.843940091785794
7.836038609416073
7.830456732629501
7.830354859247923
7.830252975491142
7.830151081357147
7.830049176843897
7.829947261949079
7.829845336670724
7.829743401006742
7.829641454954883
7.829539498513177
7.816693405258219
7.80376785598396
7.803676045595735
7.791156603406642
7.778794681462732
7.7787130505875135
7.77863141305099
7.7785497688519865
7.778468117989475
7.778386460462396
7.778304796269558
7.778223125409941
7.778141447882465
7.778059763686039
7.757350059365806
7.757157187141582
7.753604444138511
7.753532940158577
7.7534614310676675
7.7533899168650375
7.741478828990639
7.741412413620116
7.741345993840097
7.7412795696501675
7.717946054266335
7.7064560335460355
7.706404928750411
7.706353821344074
7.706302711326879
7.687559933929654
7.683725883226828
7.683684989501694
7.683644094105089
7.675828461208579
7.675791152052533
7.6757538415050375
7.674040909978724
7.6723997784491615
7.672363986831914
7.6723281939342405
7.665622594350241
7.664105902871633
7.661293542001519
7.66126285827471
7.661232173606875
7.661201487997965
7.661170801447794
7.6611401139563595
7.661109425523616
7.652554218479415
7.6502360391017055
7.650210463222682
7.650184886689793
7.650159309503107
7.650133731662497
7.639407745837672
7.62880005489626
7.607940383344275
7.607935267383896
7.607930151397361
7.597663416637303
7.597663416637295
7.59766341663729
7.597663416637285
7.597663416637308
7.597663416637297
7.597663416637292
7.597663416637286
7.5976634166373085
7.597663416637298
7.597663416637292
7.597663416637287
7.5976634166373085
7.597663416637298
7.597663416637292
7.597663416637287
7.5976634166373085
7.597663416637298
7.597663416637292
7.597663416637287
7.5976634166373085
7.597663416637298
7.597663416637292
7.597663416637287
7.5976634166373085
7.597663416637298
7.597663416637292
7.597663416637287
7.5976634166373085
7.597663416637298
7.597663416637292
7.597663416637287
7.5976634166373085
7.597663416637298
7.597663416637292
7.597663416637287
7.5976634166373085
7.597663416637298
7.597663416637292
7.597663416637287
7.5976634166373085
7.597663416637298
7.597663416637292
7.597663416637287
7.5976634166373085
7.597663416637298
7.597663416637292
7.597663416637287
7.5976634166373085
7.597663416637298
7.597663416637292
7.597663416637287
7.5976634166373085
7.597663416637298
7.597663416637292
7.597663416637287
7.5976634166373085
7.597663416637298
7.597663416637292
7.597663416637287
7.5976634166373085
7.597663416637298
7.597663416637292
7.597663416637287
7.5976634166373085
7.597663416637298
7.597663416637292
7.597663416637287
7.5976634166373085
7.597663416637298
7.597663416637292
7.597663416637287
7.5976634166373085
7.597663416637298
7.597663416637292
7.597663416637287
7.5976634166373085
7.597663416637298
7.597663416637292
7.597663416637287
7.5976634166373085
7.597663416637298
7.597663416637292
7.597663416637287
7.5976634166373085
7.597663416637298
7.597663416637292
7.597663416637287
7.5976634166373085
7.597663416637298
7.597663416637292
7.597663416637287
7.5976634166373085
7.597663416637298
7.597663416637292
7.597663416637287
7.5976634166373085
7.597663416637298
7.597663416637292
7.597663416637287
7.5976634166373085
7.597663416637298
7.597663416637292
7.597663416637287
7.5976634166373085
7.597663416637298
7.597663416637292
7.597663416637287
7.5976634166373085
7.597663416637298
7.5976634166372925
7.597663416637287
7.5976634166373085
7.597663416637298
7.5976634166372925
7.597663416637287
7.5976634166373085
7.597663416637298
7.5976634166372925
7.597663416637287
7.5976634166373085
7.597663416637298
7.5976634166372925
7.597663416637287
7.5976634166373085
7.597663416637298
7.5976634166372925
7.597663416637287
7.5976634166373085
7.597663416637298
7.5976634166372925
7.597663416637287
7.5976634166373085
7.597663416637298
7.5976634166372925
7.597663416637287
7.5976634166373085
7.597663416637298
7.5976634166372925
7.597663416637287
7.5976634166373085
7.597663416637298
7.597663416637292
7.597663416637287
7.5976634166373085
7.597663416637298
7.597663416637292
7.597663416637287
7.5976634166373085
7.597663416637298
7.597663416637292
7.597663416637287
7.5976634166373085
7.597663416637298
7.597663416637292
7.597663416637287
7.5976634166373085
7.597663416637298
7.597663416637292
7.597663416637287
7.5976634166373085
7.597663416637298
7.597663416637292
7.597663416637287
7.5976634166373085
7.597663416637298
7.597663416637292
7.597663416637287
7.5976634166373085
7.597663416637298
7.597663416637292
7.597663416637287
7.5976634166373085
7.597663416637298
7.597663416637292
7.597663416637287
7.5976634166373085
7.597663416637298
7.597663416637292
7.597663416637287
7.5976634166373085
7.597663416637298
7.597663416637292
7.597663416637287
7.5976634166373085
7.597663416637298
7.597663416637292
7.597663416637286
7.5976634166373085
7.597663416637298
7.597663416637292
7.597663416637287
7.5976634166373085
7.597663416637298
7.597663416637292
7.597663416637287
7.5976634166373085
7.597663416637298
7.597663416637292
7.597663416637287
7.5976634166373085
7.597663416637298
7.597663416637292
7.597663416637287
7.5976634166373085
7.597663416637298
7.597663416637292
7.597663416637286
7.5976634166373085
7.597663416637298
7.597663416637292
7.597663416637287
7.5976634166373085
7.597663416637298
7.597663416637292
7.597663416637286
7.5976634166373085
7.597663416637298
7.597663416637292
7.597663416637287
7.5976634166373085
7.597663416637298
7.597663416637292
7.597663416637287
7.5976634166373085
7.597663416637298
7.597663416637292
7.597663416637287
7.5976634166373085
7.597663416637298
7.597663416637292
7.597663416637287
7.5976634166373085
7.597663416637298
7.597663416637292
7.597663416637287
7.5976634166373085
7.597663416637298
7.597663416637292
7.597663416637286
7.5976634166373085
7.597663416637298
7.597663416637292
7.597663416637286
7.5976634166373085
7.597663416637298
7.597663416637292
7.597663416637286
7.5976634166373085
7.597663416637298
7.597663416637292
7.597663416637286
7.5976634166373085
7.597663416637298
7.597663416637292
7.597663416637286
7.5976634166373085
7.597663416637298
7.597663416637292
7.597663416637286
7.5976634166373085
7.597663416637298
7.597663416637292
7.597663416637286
7.5976634166373085
7.597663416637298
7.597663416637292
7.597663416637286
7.5976634166373085
7.597663416637298
7.597663416637292
7.597663416637286
7.5976634166373085
7.597663416637298
7.597663416637292
7.597663416637286
7.5976634166373085
7.597663416637298
7.597663416637292
7.597663416637286
7.5976634166373085
7.597663416637298
7.597663416637292
7.597663416637286
7.5976634166373085
7.597663416637298
7.597663416637292
7.597663416637286
7.5976634166373085
7.597663416637298
7.597663416637292
7.597663416637286
7.5976634166373085
7.597663416637298
7.597663416637292
7.597663416637286
7.597663416637308
7.597663416637298
7.597663416637292
7.597663416637286
7.597663416637308
7.597663416637298
7.597663416637292
7.597663416637286
7.597663416637308
7.597663416637298
7.597663416637292
7.597663416637286
7.597663416637308
7.597663416637298
7.597663416637292
7.597663416637286
7.597663416637308
7.597663416637298
7.597663416637292
7.597663416637286
7.597663416637308
7.597663416637298
7.597663416637292
7.597663416637286
7.597663416637308
7.597663416637298
7.597663416637292
7.597663416637286
7.597663416637308
7.597663416637298
7.597663416637292
7.597663416637286
7.597663416637308
7.597663416637298
7.597663416637292
7.597663416637286
7.597663416637308
7.597663416637298
7.597663416637292
7.597663416637286
7.597663416637308
7.597663416637298
7.597663416637292
7.597663416637286
7.597663416637308
7.597663416637298
7.597663416637292
7.597663416637286
7.597663416637308
7.597663416637298
7.597663416637292
7.597663416637286
7.597663416637308
7.597663416637298
7.597663416637292
7.597663416637286
7.597663416637308
7.597663416637298
7.597663416637292
7.597663416637286
7.597663416637308
7.597663416637298
7.597663416637292
7.597663416637286
7.597663416637308
7.597663416637298
7.597663416637292
7.597663416637286
7.597663416637308
7.597663416637297
7.597663416637292
7.597663416637286
7.597663416637308
7.597663416637297
7.597663416637292
7.597663416637286
7.597663416637308
7.597663416637297
7.597663416637291
7.597663416637286
7.597663416637308
7.597663416637297
7.597663416637291
7.597663416637286
7.597663416637308
7.597663416637297
7.597663416637291
7.597663416637285
7.597663416637308
7.597663416637297
7.597663416637291
7.597663416637285
7.597663416637308
7.597663416637297
7.597663416637291
7.597663416637285
7.597663416637308
7.597663416637297
7.597663416637291
7.597663416637285
7.597663416637308
7.597663416637297
7.597663416637291
7.597663416637285
7.597663416637308
7.597663416637297
7.597663416637291
7.597663416637286
7.597663416637308
7.597663416637297
7.597663416637291
7.597663416637286
7.597663416637308
7.597663416637297
7.597663416637291
7.597663416637286
7.597663416637308
7.597663416637297
7.597663416637291
7.597663416637286
7.597663416637308
7.597663416637297
7.597663416637291
7.597663416637286
7.597663416637308
7.597663416637297
7.597663416637291
7.597663416637286
7.597663416637308
7.597663416637297
7.597663416637291
7.597663416637286
7.597663416637308
7.597663416637297
7.597663416637291
7.597663416637286
7.597663416637308
7.597663416637297
7.597663416637291
7.597663416637286
7.597663416637308
7.597663416637297
7.597663416637291
7.597663416637286
7.597663416637308
7.597663416637297
7.597663416637292
7.597663416637286
7.597663416637308
7.597663416637297
7.597663416637292
7.597663416637286
7.597663416637308
7.597663416637297
7.597663416637292
7.597663416637286
7.597663416637308
7.597663416637297
7.597663416637292
7.597663416637286
7.597663416637308
7.597663416637297
7.597663416637292
7.597663416637286
7.597663416637308
7.597663416637297
7.597663416637292
7.597663416637286
7.597663416637308
7.597663416637297
7.597663416637292
7.597663416637286
7.597663416637308
7.597663416637297
7.597663416637292
7.597663416637286
7.597663416637308
7.597663416637297
7.597663416637292
7.597663416637286
7.597663416637308
7.597663416637298
7.597663416637292
7.597663416637286
7.597663416637308
7.597663416637298
7.597663416637292
7.597663416637286
7.5976634166373085
7.597663416637298
7.597663416637292
7.597663416637286
7.5976634166373085
7.597663416637298
7.597663416637292
7.597663416637286
7.5976634166373085
7.597663416637298
7.597663416637292
7.597663416637286
7.5976634166373085
7.597663416637298
7.597663416637292
7.597663416637286
7.5976634166373085
7.597663416637298
7.597663416637292
7.597663416637286
7.5976634166373085
7.597663416637298
7.597663416637292
7.597663416637286
7.5976634166373085
7.597663416637298
7.597663416637292
7.597663416637286
7.597663416637308
7.597663416637297
7.597663416637292
7.597663416637286
7.597663416637308
7.597663416637297
7.597663416637292
7.597663416637286
7.597663416637308
7.597663416637297
7.597663416637292
7.597663416637286
7.597663416637308
7.597663416637297
7.597663416637292
7.597663416637286
7.597663416637308
7.597663416637297
7.597663416637292
7.597663416637286
7.597663416637308
7.597663416637297
7.597663416637292
7.597663416637286
7.597663416637308
7.597663416637297
7.597663416637292
7.597663416637286
7.597663416637308
7.597663416637297
7.597663416637292
7.597663416637286
7.597663416637308
7.597663416637297
7.597663416637292
7.597663416637286
7.597663416637308
7.597663416637297
7.597663416637292
7.597663416637286
7.597663416637308
7.597663416637297
7.597663416637292
7.597663416637286
7.597663416637308
7.597663416637297
7.597663416637292
7.597663416637286
7.597663416637308
7.597663416637297
7.597663416637292
7.597663416637286
7.597663416637308
7.597663416637297
7.597663416637292
7.597663416637286
7.597663416637308
7.597663416637298
7.597663416637292
7.597663416637286
7.597663416637308
7.597663416637298
7.597663416637292
7.597663416637286
7.5976634166373085
7.597663416637298
7.597663416637292
7.597663416637286
7.5976634166373085
7.597663416637298
7.597663416637292
7.597663416637286
7.5976634166373085
7.597663416637298
7.597663416637292
7.597663416637286
7.5976634166373085
7.597663416637298
7.597663416637292
7.597663416637286
7.5976634166373085
7.597663416637298
7.597663416637292
7.597663416637286
7.5976634166373085
7.597663416637298
7.597663416637292
7.597663416637287
7.5976634166373085
7.597663416637298
7.597663416637292
7.597663416637286
7.5976634166373085
7.597663416637298
7.597663416637292
7.597663416637287
7.5976634166373085
7.597663416637298
7.597663416637292
7.597663416637287
7.5976634166373085
7.597663416637298
7.597663416637292
7.597663416637287
7.5976634166373085
7.597663416637298
7.597663416637292
7.597663416637287
7.5976634166373085
7.597663416637298
7.597663416637292
7.597663416637287
7.5976634166373085
7.597663416637298
7.597663416637292
7.597663416637287
7.5976634166373085
7.597663416637298
7.597663416637292
7.597663416637287
7.5976634166373085
7.597663416637298
7.597663416637292
7.597663416637287
7.5976634166373085
7.597663416637298
7.597663416637292
7.597663416637287
7.5976634166373085
7.597663416637298
7.597663416637292
7.597663416637287
7.5976634166373085
7.597663416637298
7.597663416637292
7.597663416637287
7.5976634166373085
7.597663416637298
7.597663416637292
7.597663416637287
7.5976634166373085
7.597663416637298
7.597663416637292
7.597663416637287
7.5976634166373085
7.597663416637298
7.597663416637292
7.597663416637287
7.5976634166373085
7.597663416637298
7.597663416637292
7.597663416637287
7.5976634166373085
7.597663416637298
7.597663416637292
7.597663416637287
7.5976634166373085
7.597663416637298
7.597663416637292
7.597663416637287
7.5976634166373085
7.597663416637298
7.597663416637292
7.597663416637287
7.5976634166373085
7.597663416637298
7.597663416637292
7.597663416637287
7.5976634166373085
7.597663416637298
7.597663416637292
7.597663416637287
7.5976634166373085
7.597663416637298
7.597663416637292
7.597663416637287
7.5976634166373085
7.597663416637298
7.597663416637292
7.597663416637287
7.5976634166373085
7.597663416637298
7.597663416637292
7.597663416637287
7.5976634166373085
7.597663416637298
7.597663416637292
7.597663416637287
7.5976634166373085
7.597663416637298
7.597663416637292
7.597663416637287
7.5976634166373085
7.597663416637298
7.597663416637292
7.597663416637287
7.5976634166373085
7.597663416637298
7.597663416637292
7.597663416637287
7.5976634166373085
7.597663416637298
7.597663416637292
7.597663416637287
7.5976634166373085
7.597663416637298
7.597663416637292
7.597663416637287
7.5976634166373085
7.597663416637298
7.597663416637292
7.597663416637287
7.5976634166373085
7.597663416637298
7.597663416637292
7.597663416637287
7.5976634166373085
7.597663416637298
7.597663416637292
7.597663416637287
7.5976634166373085
7.597663416637298
7.597663416637292
7.597663416637287
7.5976634166373085
7.597663416637298
7.597663416637292
7.597663416637287
7.5976634166373085
7.597663416637298
7.597663416637292
7.597663416637287
7.5976634166373085
7.597663416637298
7.597663416637292
7.597663416637287
7.5976634166373085
7.597663416637298
7.597663416637292
7.597663416637287
7.5976634166373085
7.597663416637298
7.597663416637292
7.597663416637287
7.5976634166373085
7.597663416637298
7.597663416637292
7.597663416637287
7.5976634166373085
7.597663416637298
7.597663416637292
7.597663416637287
7.5976634166373085
7.597663416637298
7.597663416637292
7.597663416637287
7.5976634166373085
7.597663416637298
7.597663416637292
7.597663416637287
7.5976634166373085
7.597663416637298
7.597663416637292
7.597663416637287
7.5976634166373085
7.597663416637298
7.597663416637292
7.597663416637287
7.5976634166373085
7.597663416637298
7.597663416637292
7.597663416637287
7.5976634166373085
7.597663416637298
7.597663416637292
7.597663416637287
7.5976634166373085
7.597663416637298
7.597663416637292
7.597663416637287
7.5976634166373085
7.597663416637298
7.597663416637292
7.597663416637287
7.5976634166373085
7.597663416637298
7.597663416637292
7.597663416637287
7.5976634166373085
7.597663416637298
7.597663416637292
7.597663416637287
7.5976634166373085
7.597663416637298
7.597663416637292
7.597663416637287
7.5976634166373085
7.597663416637298
7.597663416637292
7.597663416637287
7.5976634166373085
7.597663416637298
7.597663416637292
7.597663416637287
7.5976634166373085
7.597663416637298
7.597663416637292
7.597663416637287
7.5976634166373085
7.597663416637298
7.597663416637292
7.597663416637287
7.5976634166373085
7.597663416637298
7.597663416637292
7.597663416637287
7.5976634166373085
7.597663416637298
7.597663416637292
7.597663416637287
7.5976634166373085
7.597663416637298
7.597663416637292
7.597663416637287
7.5976634166373085
7.597663416637298
7.597663416637292
7.597663416637287
7.5976634166373085
7.597663416637298
7.597663416637292
7.597663416637287
7.5976634166373085
7.597663416637298
7.597663416637292
7.597663416637287
7.5976634166373085
7.597663416637298
7.597663416637292
7.597663416637287
7.5976634166373085
7.597663416637298
7.597663416637292
7.597663416637287
7.5976634166373085
7.597663416637298
7.597663416637292
7.597663416637287
7.5976634166373085
7.597663416637298
7.597663416637292
7.597663416637287
7.5976634166373085
7.597663416637298
7.597663416637292
7.597663416637286
7.5976634166373085
7.597663416637298
7.597663416637292
7.597663416637287
7.5976634166373085
7.597663416637298
7.597663416637292
7.597663416637287
7.5976634166373085
7.597663416637298
7.597663416637292
7.597663416637287
7.5976634166373085
7.597663416637298
7.597663416637292
7.597663416637287
7.5976634166373085
7.597663416637298
7.597663416637292
7.597663416637287
7.5976634166373085
7.597663416637298
7.597663416637292
7.597663416637287
7.5976634166373085
7.597663416637298
7.597663416637292
7.597663416637287
7.5976634166373085
7.597663416637298
7.597663416637292
7.597663416637287
7.5976634166373085
7.597663416637298
7.597663416637292
7.597663416637287
7.5976634166373085
7.597663416637298
7.597663416637292
7.597663416637287
7.5976634166373085
7.597663416637298
7.597663416637292
7.597663416637287
7.5976634166373085
7.597663416637298
7.597663416637292
7.597663416637287
7.5976634166373085
7.597663416637298
7.597663416637292
7.597663416637287
7.5976634166373085
7.597663416637298
7.597663416637292
7.597663416637287
7.5976634166373085
7.597663416637298
7.597663416637292
7.597663416637287
7.5976634166373085
7.597663416637298
7.597663416637292
7.597663416637287
7.5976634166373085
7.597663416637298
7.597663416637292
7.597663416637287
7.5976634166373085
7.597663416637298
7.597663416637292
7.597663416637287
7.5976634166373085
7.597663416637298
7.597663416637292
7.597663416637287
7.5976634166373085
7.597663416637298
7.597663416637292
7.597663416637287
7.5976634166373085
7.597663416637298
7.597663416637292
7.597663416637287
7.5976634166373085
7.597663416637298
7.597663416637292
7.597663416637287
7.5976634166373085
7.597663416637298
7.597663416637292
7.597663416637287
7.5976634166373085
7.597663416637298
7.597663416637292
7.597663416637287
7.5976634166373085
7.597663416637298
7.597663416637292
7.597663416637287
7.5976634166373085
7.597663416637298
7.597663416637292
7.597663416637287
7.5976634166373085
7.597663416637298
7.597663416637292
7.597663416637287
7.5976634166373085
7.597663416637298
7.597663416637292
7.597663416637287
7.5976634166373085
7.597663416637298
7.597663416637292
7.597663416637287
7.5976634166373085
7.597663416637298
7.597663416637292
7.597663416637287
7.5976634166373085
7.597663416637298
7.597663416637292
7.597663416637287
7.5976634166373085
7.597663416637298
7.597663416637292
7.597663416637287
7.5976634166373085
7.597663416637298
7.597663416637292
7.597663416637287
7.5976634166373085
7.597663416637298
7.597663416637292
7.597663416637287
7.5976634166373085
7.597663416637298
7.597663416637292
7.597663416637287
7.5976634166373085
7.597663416637298
7.597663416637292
7.597663416637287
7.5976634166373085
7.597663416637298
7.597663416637292
7.597663416637287
7.5976634166373085
7.597663416637298
7.597663416637292
7.597663416637287
7.5976634166373085
7.597663416637298
7.597663416637292
7.597663416637287
7.5976634166373085
7.597663416637298
7.597663416637292
7.597663416637287
7.5976634166373085
7.597663416637298
7.597663416637292
7.597663416637287
7.5976634166373085
7.597663416637298
7.597663416637292
7.597663416637287
7.5976634166373085
7.597663416637298
7.597663416637292
7.597663416637287
7.5976634166373085
7.597663416637298
7.597663416637292
7.597663416637287
7.5976634166373085
7.597663416637298
7.597663416637292
7.597663416637287
7.5976634166373085
7.597663416637298
7.597663416637292
7.597663416637287
7.5976634166373085
7.597663416637298
7.597663416637292
7.597663416637287
7.5976634166373085
7.597663416637298
7.597663416637292
7.597663416637287
7.5976634166373085
7.597663416637298
7.597663416637292
7.597663416637287
7.5976634166373085
7.597663416637298
7.597663416637292
7.597663416637287
7.5976634166373085
7.597663416637298
7.597663416637292
7.597663416637287
7.5976634166373085
7.597663416637298
7.597663416637292
7.597663416637287
7.5976634166373085
7.597663416637298
7.597663416637292
7.597663416637287
7.5976634166373085
7.597663416637298
7.597663416637292
7.597663416637287
7.5976634166373085
7.597663416637298
7.597663416637292
7.597663416637287
7.5976634166373085
7.597663416637298
7.597663416637292
7.597663416637287
7.5976634166373085
7.597663416637298
7.597663416637292
7.597663416637287
7.5976634166373085
7.597663416637298
7.597663416637292
7.597663416637287
7.5976634166373085
7.597663416637298
7.597663416637292
7.597663416637287
7.5976634166373085
7.597663416637298
7.597663416637292
7.597663416637287
7.5976634166373085
7.597663416637298
7.597663416637292
7.597663416637287
7.5976634166373085
7.597663416637298
7.597663416637292
7.597663416637287
7.5976634166373085
7.597663416637298
7.597663416637292
7.597663416637287
7.5976634166373085
7.597663416637298
7.597663416637292
7.597663416637286
7.5976634166373085
7.597663416637298
7.597663416637292
7.597663416637286
7.5976634166373085
7.597663416637298
7.597663416637292
7.597663416637286
7.597663416637308
7.597663416637298
7.597663416637292
7.597663416637286
7.597663416637308
7.597663416637298
7.597663416637292
7.597663416637286
7.597663416637308
7.597663416637298
7.597663416637292
7.597663416637286
7.597663416637308
7.597663416637298
7.597663416637291
7.597663416637286
7.597663416637308
7.597663416637297
7.597663416637291
7.597663416637286
7.597663416637308
7.597663416637297
7.597663416637291
7.597663416637286
7.597663416637308
7.597663416637297
7.597663416637291
7.597663416637286
7.597663416637308
7.597663416637297
7.597663416637291
7.597663416637286
7.597663416637308
7.597663416637297
7.597663416637291
7.597663416637286
7.597663416637308
7.597663416637297
7.597663416637291
7.597663416637286
7.597663416637308
7.597663416637297
7.597663416637291
7.597663416637286
7.597663416637308
7.597663416637297
7.597663416637291
7.597663416637286
7.597663416637308
7.597663416637297
7.597663416637291
7.597663416637286
7.597663416637308
7.597663416637297
7.597663416637291
7.597663416637286
7.597663416637308
7.597663416637297
7.597663416637291
7.597663416637286
7.597663416637308
7.597663416637297
7.597663416637291
7.597663416637286
7.597663416637308
7.597663416637297
7.597663416637291
7.597663416637286
7.597663416637308
7.597663416637297
7.597663416637291
7.597663416637286
7.597663416637308
7.597663416637297
7.597663416637291
7.597663416637286
7.597663416637308
7.597663416637297
7.597663416637291
7.597663416637286
7.597663416637308
7.597663416637297
7.597663416637291
7.597663416637286
7.597663416637308
7.597663416637297
7.597663416637291
7.597663416637286
7.597663416637308
7.597663416637297
7.597663416637291
7.597663416637286
7.597663416637308
7.597663416637297
7.597663416637291
7.597663416637286
7.597663416637308
7.597663416637297
7.597663416637291
7.597663416637286
7.597663416637308
7.597663416637297
7.597663416637291
7.597663416637286
7.597663416637308
7.597663416637297
7.597663416637291
7.597663416637286
7.597663416637308
7.597663416637297
7.597663416637291
7.597663416637286
7.597663416637308
7.597663416637297
7.597663416637291
7.597663416637286
7.597663416637308
7.597663416637297
7.597663416637291
7.597663416637286
7.597663416637308
7.597663416637297
7.597663416637291
7.597663416637286
7.597663416637308
7.597663416637297
7.597663416637291
7.597663416637286
7.597663416637308
7.597663416637297
7.597663416637291
7.597663416637286
7.597663416637308
7.597663416637297
7.597663416637291
7.597663416637286
7.597663416637308
7.597663416637297
7.597663416637291
7.597663416637286
7.597663416637308
7.597663416637297
7.597663416637291
7.597663416637286
7.597663416637308
7.597663416637297
7.597663416637291
7.597663416637286
7.597663416637308
7.597663416637297
7.597663416637291
7.597663416637286
7.597663416637308
7.597663416637297
7.597663416637291
7.597663416637286
7.597663416637308
7.597663416637297
7.597663416637291
7.597663416637286
7.597663416637308
7.597663416637297
7.597663416637291
7.597663416637286
7.597663416637308
7.597663416637297
7.597663416637291
7.597663416637286
7.597663416637308
7.597663416637297
7.597663416637291
7.597663416637286
7.597663416637308
7.597663416637297
7.597663416637291
7.597663416637286
7.597663416637308
7.597663416637297
7.597663416637291
7.597663416637286
7.597663416637308
7.597663416637297
7.597663416637291
7.597663416637285
7.597663416637308
7.597663416637297
7.597663416637291
7.597663416637285
7.597663416637308
7.597663416637297
7.597663416637291
7.597663416637285
7.597663416637308
7.597663416637297
7.597663416637291
7.597663416637285
7.597663416637308
7.597663416637297
7.597663416637291
7.597663416637285
7.597663416637308
7.597663416637297
7.597663416637291
7.597663416637285
7.597663416637308
7.597663416637297
7.597663416637291
7.597663416637285
7.597663416637308
7.597663416637297
7.597663416637291
7.597663416637285
7.597663416637308
7.597663416637297
7.597663416637291
7.597663416637285
7.597663416637308
7.597663416637297
7.597663416637291
7.597663416637285
7.597663416637308
7.597663416637297
7.597663416637291
7.597663416637285
7.597663416637308
7.597663416637297
7.597663416637291
7.597663416637285
7.597663416637308
7.597663416637297
7.597663416637291
7.597663416637285
7.597663416637308
7.597663416637297
7.597663416637291
7.597663416637285
7.597663416637308
7.597663416637297
7.597663416637291
7.597663416637285
7.597663416637308
7.597663416637297
7.597663416637291
7.597663416637285
7.597663416637308
7.597663416637297
7.597663416637291
7.597663416637285
7.597663416637308
7.597663416637297
7.597663416637291
7.597663416637285
7.597663416637308
7.597663416637297
7.597663416637291
7.597663416637285
7.597663416637308
7.597663416637297
7.597663416637291
7.597663416637285
7.597663416637308
7.597663416637297
7.597663416637291
7.597663416637285
7.597663416637308
7.597663416637297
7.597663416637291
7.597663416637285
7.597663416637308
7.597663416637297
7.597663416637291
7.597663416637285
7.597663416637308
7.597663416637297
7.597663416637291
7.597663416637285
7.597663416637308
7.597663416637297
7.597663416637291
7.597663416637285
7.597663416637308
7.597663416637297
7.597663416637291
7.597663416637285
7.597663416637308
7.597663416637297
7.597663416637291
7.597663416637285
7.597663416637308
7.597663416637297
7.597663416637291
7.597663416637285
7.597663416637308
7.597663416637297
7.597663416637291
7.597663416637285
7.597663416637308
7.597663416637297
7.597663416637291
7.597663416637285
7.597663416637308
7.597663416637297
7.597663416637291
7.597663416637285
7.597663416637308
7.597663416637297
7.597663416637291
7.597663416637285
7.597663416637308
7.597663416637297
7.59766341663729
7.597663416637285
7.597663416637308
7.597663416637297
7.59766341663729
7.597663416637285
7.597663416637308
7.597663416637297
7.59766341663729
7.5976634166372845
7.597663416637308
7.597663416637296
7.59766341663729
7.5976634166372845
7.597663416637308
7.597663416637296
7.597663416637287
7.5976634166373085
7.597663416637298
7.597663416637291
7.597663416637285
7.597663416637308
7.597663416637297
7.59766341663729
7.597663416637285
7.597663416637308
7.597663416637297
7.59766341663729
7.5976634166372845
7.597663416637307
7.597663416637296
7.597663416637287
7.5976634166373085
7.597663416637298
7.597663416637291
7.597663416637285
7.597663416637308
7.597663416637297
7.59766341663729
7.5976634166372845
7.597663416637308
7.597663416637296
7.597663416637287
7.5976634166373085
7.597663416637298
7.597663416637291
7.597663416637285
7.597663416637308
7.597663416637297
7.59766341663729
7.5976634166372845
7.597663416637307
7.597663416637296
7.597663416637287
7.5976634166373085
7.597663416637297
7.597663416637291
7.597663416637285
7.597663416637308
7.597663416637297
7.597663416637287
7.5976634166373085
7.597663416637297
7.597663416637291
7.597663416637285
7.597663416637308
7.597663416637296
7.597663416637287
7.5976634166373085
7.597663416637298
7.597663416637291
7.597663416637285
7.597663416637308
7.597663416637296
7.597663416637287
7.5976634166373085
7.597663416637298
7.597663416637291
7.597663416637285
7.597663416637308
7.597663416637296
7.597663416637287
7.597663416637308
7.597663416637297
7.597663416637291
7.597663416637285
7.597663416637307
7.597663416637296
7.597663416637287
7.597663416637308
7.597663416637297
7.597663416637291
7.5976634166372845
7.597663416637307
7.597663416637296
7.597663416637287
7.597663416637308
7.597663416637297
7.597663416637291
7.5976634166372845
7.597663416637307
7.597663416637296
7.597663416637287
7.597663416637308
7.597663416637297
7.59766341663729
7.5976634166372845
7.597663416637307
7.597663416637296
7.597663416637287
7.597663416637308
7.597663416637297
7.59766341663729
7.5976634166372845
7.597663416637307
7.597663416637296
7.597663416637287
7.597663416637308
7.597663416637297
7.59766341663729
7.5976634166372845
7.597663416637307
7.597663416637295
7.597663416637286
7.597663416637308
7.597663416637297
7.59766341663729
7.5976634166372845
7.597663416637307
7.597663416637295
7.597663416637286
7.597663416637308
7.597663416637297
7.59766341663729
7.5976634166372845
7.597663416637307
7.597663416637295
7.597663416637286
7.597663416637308
7.597663416637297
7.59766341663729
7.5976634166372845
7.597663416637307
7.597663416637295
7.597663416637286
7.597663416637308
7.597663416637297
7.59766341663729
7.5976634166372845
7.597663416637304
7.597663416637295
7.597663416637286
7.597663416637308
7.597663416637297
7.597663416637287
7.597663416637308
7.597663416637297
7.597663416637291
7.5976634166372845
7.597663416637307
7.597663416637295
7.597663416637286
7.597663416637308
7.597663416637297
7.59766341663729
7.5976634166372845
7.597663416637304
7.597663416637295
7.597663416637286
7.597663416637308
7.597663416637297
7.59766341663729
7.5976634166372845
7.597663416637304
7.597663416637295
7.597663416637286
7.597663416637308
7.597663416637297
7.59766341663729
7.5976634166372845
7.597663416637304
7.597663416637295
7.597663416637286
7.597663416637308
7.597663416637297
7.59766341663729
7.597663416637282
7.597663416637304
7.597663416637295
7.597663416637286
7.597663416637308
7.597663416637297
7.597663416637287
7.597663416637308
7.597663416637297
7.597663416637291
7.5976634166372845
7.597663416637307
7.597663416637295
7.597663416637286
7.597663416637308
7.597663416637297
7.597663416637287
7.597663416637308
7.597663416637297
7.59766341663729
7.5976634166372845
7.597663416637307
7.597663416637295
7.597663416637286
7.597663416637308
7.597663416637297
7.597663416637287
7.597663416637308
7.597663416637297
7.597663416637291
7.5976634166372845
7.597663416637307
7.597663416637295
7.597663416637286
7.597663416637308
7.597663416637297
7.597663416637287
7.597663416637308
7.597663416637297
7.59766341663729
7.5976634166372845
7.597663416637307
7.597663416637295
7.597663416637286
7.597663416637308
7.597663416637297
7.597663416637287
7.597663416637308
7.597663416637297
7.59766341663729
7.5976634166372845
7.597663416637307
7.597663416637295
7.597663416637286
7.597663416637308
7.597663416637297
7.597663416637287
7.597663416637308
7.597663416637297
7.59766341663729
7.5976634166372845
7.597663416637307
7.597663416637295
7.597663416637286
