[0, 0.0005013706485150491]
[1, 0.0005013706485150491]
[2, 0.0005013706485150491]
[3, 0.0005013706485150491]
[4, 0.0005013706485150491]
[5, 0.0005013706485150491]
[6, 0.0005013706485150491]
[7, 0.0005013706485150491]
[8, 0.0005013706485150491]
[9, 0.0005013706485150491]
[10, 0.0005013706485150491]
[11, 0.0005013706485150491]
[12, 0.0005013706485150491]
[13, 0.0005013706485150491]
[14, 0.0005013706485150491]
[15, 0.0005013706485150491]
[16, 0.0005013706485150491]
[17, 0.0005013706485150491]
[18, 0.0005013706485150491]
[19, 0.0005013706485150491]
[20, 0.0005013706485150491]
[21, 0.0005013706485150491]
[22, 0.0005013706485150491]
[23, 0.0005013706485150491]
[24, 0.0005013706485150491]
[25, 0.0005013706485150491]
[26, 0.0005013706485150491]
[27, 0.0005013706485150491]
[28, 0.0005013706485150491]
[29, 0.0005013706485150491]
[30, 0.0005013706485150491]
[31, 0.0005013706485150491]
[32, 0.0005013706485150491]
[33, 0.0005013706485150491]
[34, 0.0005013706485150491]
[35, 0.0005013706485150491]
[36, 0.0005013706485150491]
[37, 0.0005013706485150491]
[38, 0.0005013706485150491]
[39, 0.0005013706485150491]
[40, 0.0005013706485150491]
[41, 0.0005013706485150491]
[42, 0.0005013706485150491]
[43, 0.0005013706485150491]
[44, 0.0005013706485150491]
[45, 0.0005013706485150491]
[46, 0.0005013706485150491]
[47, 0.0005013706485150491]
[48, 0.0005013706485150491]
[49, 0.0005013706485150491]
[50, 0.0005013706485150491]
[51, 0.0005013706485150491]
[52, 0.0005013706485150491]
[53, 0.0005013706485150491]
[54, 0.0005013706485150491]
[55, 0.0005013706485150491]
[56, 0.0005013706485150491]
[57, 0.0005013706485150491]
[58, 0.0005013706485150491]
[59, 0.0005013706485150491]
[60, 0.0005013706485150491]
[61, 0.0005013706485150491]
[62, 0.0005013706485150491]
[63, 0.0005013706485150491]
[64, 0.0005013706485150491]
[65, 0.0005013706485150491]
[66, 0.0005013706485150491]
[67, 0.0005013706485150491]
[68, 0.00018806911143838992]
[69, 5.228163297373086e-05]
[70, 5.3822735962966754e-08]
[71, 1.2022819136722485e-08]
[72, 0.0005013706485150491]
[73, 0.0005013706485150491]
[74, 0.0005013706485150491]
[75, 0.0005013706485150491]
[76, 0.0005013706485150491]
[77, 0.0005013706485150491]
[78, 0.0005013706485150491]
[79, 0.0005013706485150491]
[80, 8.360361737030836e-05]
[81, 3.7347001684618164e-05]
[82, 5.475486800034044e-08]
[83, 8.357277658632229e-05]
[84, 0.0005013706485150491]
[85, 0.0005013706485150491]
[86, 0.0005013706485150491]
[87, 0.0005013706485150491]
[88, 0.0005013706485150491]
[89, 0.0005013706485150491]
[90, 0.0005013706485150491]
[91, 0.0005013706485150491]
[92, 6.816704317849043e-05]
[93, 3.8159137471852016e-05]
[94, 5.5393247920027396e-08]
[95, 6.268977248707812e-05]
[96, 0.0005013706485150491]
[97, 0.0005013706485150491]
[98, 0.0005013706485150491]
[99, 0.0005013706485150491]
[100, 0.0005013706485150491]
[101, 0.0005013706485150491]
[102, 0.0005013706485150491]
[103, 0.0005013706485150491]
[104, 0.0005013706485150491]
[105, 0.0005013706485150491]
[106, 0.0005013706485150491]
[107, 0.0005013706485150491]
[108, 0.0005013706485150491]
[109, 0.0005013706485150491]
[110, 0.0005013706485150491]
[111, 0.0005013706485150491]
[112, 0.0005013706485150491]
[113, 0.0005013706485150491]
[114, 0.0005013706485150491]
[115, 0.0005013706485150491]
[116, 0.0005013706485150491]
[117, 0.0005013706485150491]
[118, 0.0005013706485150491]
[119, 0.0005013706485150491]
[120, 0.0005013706485150491]
[121, 0.0005013706485150491]
[122, 0.0005013706485150491]
[123, 0.0005013706485150491]
[124, 0.0005013706485150491]
[125, 0.0005013706485150491]
[126, 0.0005013706485150491]
[127, 0.0005013706485150491]
[128, 0.0005013706485150491]
[129, 0.0005013706485150491]
[130, 0.0005013706485150491]
[131, 0.0005013706485150491]
[132, 0.0005013706485150491]
[133, 0.0005013706485150491]
[134, 0.0005013706485150491]
[135, 0.0005013706485150491]
[136, 0.0005013706485150491]
[137, 0.0005013706485150491]
[138, 0.0005013706485150491]
[139, 0.0005013706485150491]
[140, 0.0005013706485150491]
[141, 0.0005013706485150491]
[142, 0.0005013706485150491]
[143, 0.0005013706485150491]
[144, 0.0005013706485150491]
[145, 0.0005013706485150491]
[146, 0.0005013706485150491]
[147, 0.0005013706485150491]
[148, 0.0005013706485150491]
[149, 0.0005013706485150491]
[150, 0.0005013706485150491]
[151, 0.0005013706485150491]
[152, 8.708536654207588e-05]
[153, 5.6285985534846474e-05]
[154, 4.8742199470943094e-08]
[155, 0.000184181851096557]
[156, 0.0005013706485150491]
[157, 0.0005013706485150491]
[158, 0.0005013706485150491]
[159, 0.0005013706485150491]
[160, 0.0005013706485150491]
[161, 0.0005013706485150491]
[162, 0.0005013706485150491]
[163, 0.0005013706485150491]
[164, 0.0001253743251662438]
[165, 4.701378566028372e-05]
[166, 5.3844224985722947e-08]
[167, 0.00012534314320807562]
[168, 0.0005013706485150491]
[169, 0.0005013706485150491]
[170, 0.0005013706485150491]
[171, 0.0005013706485150491]
[172, 0.0005013706485150491]
[173, 0.0005013706485150491]
[174, 0.0005013706485150491]
[175, 0.0005013706485150491]
[176, 8.360363231091559e-05]
[177, 0.00012091590006982278]
[178, 5.477682918255453e-08]
[179, 0.00016712420977086907]
[180, 0.0005013706485150491]
[181, 0.0005013706485150491]
[182, 0.0005013706485150491]
[183, 0.0005013706485150491]
[184, 0.00016883429584241738]
[185, 4.87600349493826e-08]
[186, 0]
[187, 0.00031720403079719137]
[188, 6.268978384544855e-05]
[189, 0.0001689664131096821]
[190, 2.570854150445702e-08]
[191, 6.268977816451504e-05]
[192, 0.0005013706485150491]
[193, 0.0005013706485150491]
[194, 0.0005013706485150491]
[195, 0.0005013706485150491]
[196, 0.0005013706485150491]
[197, 0.0005013706485150491]
[198, 0.0005013706485150491]
[199, 0.0005013706485150491]
[200, 0.0005013706485150491]
[201, 0.0005013706485150491]
[202, 0.0005013706485150491]
[203, 0.0005013706485150491]
[204, 0.0005013706485150491]
[205, 0.0005013706485150491]
[206, 0.0005013706485150491]
[207, 0.0005013706485150491]
[208, 0.0005013706485150491]
[209, 0.0005013706485150491]
[210, 0.0005013706485150491]
[211, 0.0005013706485150491]
[212, 0.0005013706485150491]
[213, 0.0005013706485150491]
[214, 0.0005013706485150491]
[215, 0.0005013706485150491]
[216, 0.0005013706485150491]
[217, 0.0005013706485150491]
[218, 0.0005013706485150491]
[219, 0.0005013706485150491]
[220, 0.0005013706485150491]
[221, 0.0005013706485150491]
[222, 0.0005013706485150491]
[223, 0.0005013706485150491]
[224, 0.0005013706485150491]
[225, 0.0005013706485150491]
[226, 0.0005013706485150491]
[227, 0.0005013706485150491]
[228, 0.0005013706485150491]
[229, 0.0005013706485150491]
[230, 0.0005013706485150491]
[231, 0.0005013706485150491]
[232, 0.0005013706485150491]
[233, 0.0005013706485150491]
[234, 0.0005013706485150491]
[235, 0.0005013706485150491]
[236, 0.000301857236451353]
[237, 5.628598627291087e-05]
[238, 4.877788348387223e-08]
[239, 0.0002046444939893111]
[240, 0.0005013706485150491]
[241, 0.0005013706485150491]
[242, 0.0005013706485150491]
[243, 0.0005013706485150491]
[244, 0.0005013706485150491]
[245, 0.0005013706485150491]
[246, 0.0005013706485150491]
[247, 0.0005013706485150491]
[248, 0.00022464038629789535]
[249, 5.745882024892564e-05]
[250, 5.3865731172753036e-08]
[251, 0.0001253431433339501]
[252, 0.0005013706485150491]
[253, 0.0005013706485150491]
[254, 0.0005013706485150491]
[255, 0.0005013706485150491]
[256, 0.0005013706485150491]
[257, 0.0005013706485150491]
[258, 0.0005013706485150491]
[259, 0.0005013706485150491]
[260, 8.360364726219494e-05]
[261, 0.00014224982643980643]
[262, 5.4798807986417626e-08]
[263, 8.890585166346321e-05]
[264, 0.0005013706485150491]
[265, 0.0005013706485150491]
[266, 0.0005013706485150491]
[267, 0.0005013706485150491]
[268, 0.00013813802937991912]
[269, 4.879574508875724e-08]
[270, 0]
[271, 0.0003018611356470973]
[272, 6.268978952988186e-05]
[273, 0.0001689664159156359]
[274, 2.5717611966873793e-08]
[275, 6.268979521781823e-05]
[276, 0.0005013706485150491]
[277, 0.0005013706485150491]
[278, 0.0005013706485150491]
[279, 0.0005013706485150491]
[280, 0.0002455702520800234]
[281, 4.881361977840084e-08]
[282, 0]
[283, 5.189038805111449e-06]
[284, 6.268980090926086e-05]
[285, 0.00016896641872218867]
[286, 2.5726688831573904e-08]
[287, 6.268980660421305e-05]
[288, 0.0005013706485150491]
[289, 0.0005013706485150491]
[290, 0.0005013706485150491]
[291, 0.0005013706485150491]
[292, 0.0005013706485150491]
[293, 0.0005013706485150491]
[294, 0.0005013706485150491]
[295, 0.0005013706485150491]
[296, 0.0005013706485150491]
[297, 0.0005013706485150491]
[298, 0.0005013706485150491]
[299, 0.0005013706485150491]
[300, 0.0005013706485150491]
[301, 0.0005013706485150491]
[302, 0.0005013706485150491]
[303, 0.0005013706485150491]
[304, 0.0005013706485150491]
[305, 0.0005013706485150491]
[306, 0.0005013706485150491]
[307, 0.0005013706485150491]
[308, 0.0005013706485150491]
[309, 0.0005013706485150491]
[310, 0.0005013706485150491]
[311, 0.0005013706485150491]
[312, 0.0005013706485150491]
[313, 0.0005013706485150491]
[314, 0.0005013706485150491]
[315, 0.0005013706485150491]
[316, 0.0005013706485150491]
[317, 0.0005013706485150491]
[318, 0.0005013706485150491]
[319, 0.0005013706485150491]
[320, 0.0005013706485150491]
[321, 0.0005013706485150491]
[322, 0.0005013706485150491]
[323, 0.0005013706485150491]
[324, 0.0005013706485150491]
[325, 0.0005013706485150491]
[326, 0.0005013706485150491]
[327, 0.0005013706485150491]
[328, 0.0005013706485150491]
[329, 0.0005013706485150491]
[330, 0.0005013706485150491]
[331, 0.0005013706485150491]
[332, 0.000434876586737515]
[333, 6.651782971454876e-05]
[334, 4.883150756718386e-08]
[335, 0.00025580811458971196]
[336, 0.0005013706485150491]
[337, 0.0005013706485150491]
[338, 0.0005013706485150491]
[339, 0.0005013706485150491]
[340, 0.0005013706485150491]
[341, 0.0005013706485150491]
[342, 0.0005013706485150491]
[343, 0.0005013706485150491]
[344, 0.00025076125056243615]
[345, 0.0001932601751031671]
[346, 5.3887254544613405e-08]
[347, 0.00013061008180218032]
[348, 0.0005013706485150491]
[349, 0.0005013706485150491]
[350, 0.0005013706485150491]
[351, 0.0005013706485150491]
[352, 0.00023533911336586665]
[353, 4.884940846950454e-08]
[354, 1.818973624191002e-11]
[355, 0.0004604522778645021]
[356, 8.357278499995754e-05]
[357, 0.0002311562795263535]
[358, 2.1366126791954036e-08]
[359, 8.89497596684777e-05]
[360, 0.0005013706485150491]
[361, 0.0005013706485150491]
[362, 0.0005013706485150491]
[363, 0.0005013706485150491]
[364, 0.00020464545297132903]
[365, 4.886732249979177e-08]
[366, 1.81960116210182e-11]
[367, 0.00044510639175500085]
[368, 8.357279206103492e-05]
[369, 0.00022048992832582665]
[370, 2.1379833297603762e-08]
[371, 8.360366222415788e-05]
[372, 0.0005013706485150491]
[373, 0.0005013706485150491]
[374, 0.0005013706485150491]
[375, 0.0005013706485150491]
[376, 0.00020464545305434048]
[377, 4.8885249672493994e-08]
[378, 1.8202291331566276e-11]
[379, 0.0004451063921244544]
[380, 8.357279913117435e-05]
[381, 0.00022048993129341376]
[382, 2.139355739907464e-08]
[383, 8.360367719681583e-05]
[384, 0.0005013706485150491]
[385, 0.0005013706485150491]
[386, 0.0005013706485150491]
[387, 0.0005013706485150491]
[388, 0.0005013706485150491]
[389, 0.0005013706485150491]
[390, 0.0005013706485150491]
[391, 0.0005013706485150491]
[392, 0.0005013706485150491]
[393, 0.0005013706485150491]
[394, 0.0005013706485150491]
[395, 0.0005013706485150491]
[396, 0.0005013706485150491]
[397, 0.0005013706485150491]
[398, 0.0005013706485150491]
[399, 0.0005013706485150491]
[400, 0.0005013706485150491]
[401, 0.0005013706485150491]
[402, 0.0005013706485150491]
[403, 0.0005013706485150491]
[404, 0.0005013706485150491]
[405, 0.0005013706485150491]
[406, 0.0005013706485150491]
[407, 0.0005013706485150491]
[408, 0.0005013706485150491]
[409, 0.0005013706485150491]
[410, 0.0005013706485150491]
[411, 0.0005013706485150491]
[412, 0.0005013706485150491]
[413, 0.0005013706485150491]
[414, 0.0005013706485150491]
[415, 0.0005013706485150491]
[416, 0.0005013706485150491]
[417, 0.0005013706485150491]
[418, 0.0005013706485150491]
[419, 0.0005013706485150491]
[420, 0.0005013706485150491]
[421, 0.0005013706485150491]
[422, 0.0005013706485150491]
[423, 0.0005013706485150491]
[424, 0.0005013706485150491]
[425, 0.0005013706485150491]
[426, 0.0005013706485150491]
[427, 0.0005013706485150491]
[428, 0.0005013706485150491]
[429, 0.0005013706485150491]
[430, 0.0005013706485150491]
[431, 0.0005013706485150491]
[432, 0.0005013706485150491]
[433, 0.0005013706485150491]
[434, 0.0005013706485150491]
[435, 0.0005013706485150491]
[436, 0.00019441319284816948]
[437, 4.890319000207006e-08]
[438, 1.8208575378043886e-11]
[439, 0.0001892980000384635]
[440, 0.00019952932030134745]
[441, 0.0003121122152401078]
[442, 0]
[443, 0.0004348765862260781]
[444, 0.0005013706485150491]
[445, 0.0005013706485150491]
[446, 0.0005013706485150491]
[447, 0.0005013706485150491]
[448, 4.8921143503014064e-08]
[449, 4.893911018984173e-08]
[450, 5.164004973939282e-06]
[451, 0.000491141134537331]
[452, 4.897508317926176e-08]
[453, 0.00031211221876171124]
[454, 1.821486376494182e-11]
[455, 0.0004502225526575824]
[456, 0.0005013706485150491]
[457, 0.0005013706485150491]
[458, 0.0005013706485150491]
[459, 0.0005013706485150491]
[460, 4.899308951098506e-08]
[461, 4.901110908683889e-08]
[462, 5.164075584746764e-06]
[463, 0.0004911411345503259]
[464, 4.904718802941716e-08]
[465, 0.00031211222228403257]
[466, 1.8221156496761e-11]
[467, 0.0004502225529689574]
[468, 0.0005013706485150491]
[469, 0.0005013706485150491]
[470, 0.0005013706485150491]
[471, 0.0005013706485150491]
[472, 4.906524742544527e-08]
[473, 4.908332012419145e-08]
[474, 5.16414640368132e-06]
[475, 0.000491141134563321]
[476, 4.911950548869642e-08]
[477, 0.00031211222580707087]
[478, 1.8227453578004736e-11]
[479, 0.00045022255328034815]
[480, 0.0005013706485150491]
[481, 0.0005013706485150491]
[482, 0.0005013706485150491]
[483, 0.0005013706485150491]
[484, 0.0005013706485150491]
[485, 0.0005013706485150491]
[486, 0.0005013706485150491]
[487, 0.0005013706485150491]
[488, 0.0005013706485150491]
[489, 0.0005013706485150491]
[490, 0.0005013706485150491]
[491, 0.0005013706485150491]
[492, 0.0005013706485150491]
[493, 0.0005013706485150491]
[494, 0.0005013706485150491]
[495, 0.0005013706485150491]
[496, 0.0005013706485150491]
[497, 0.0005013706485150491]
[498, 0.0005013706485150491]
[499, 0.0005013706485150491]
[500, 0.0005013706485150491]
[501, 0.0005013706485150491]
[502, 0.0005013706485150491]
[503, 0.0005013706485150491]
[504, 0.0005013706485150491]
[505, 0.0005013706485150491]
[506, 0.0005013706485150491]
[507, 0.0005013706485150491]
[508, 0.0005013706485150491]
[509, 0.0005013706485150491]
[510, 0.0005013706485150491]
[511, 0.0005013706485150491]
[512, 0.0005013706485150491]
[513, 0.0005013706485150491]
[514, 0.0005013706485150491]
[515, 0.0005013706485150491]
[516, 0.0005013706485150491]
[517, 0.0005013706485150491]
[518, 0.0005013706485150491]
[519, 0.0005013706485150491]
[520, 4.913761818392692e-08]
[521, 4.915574424081885e-08]
[522, 4.917388367416346e-08]
[523, 0.0002455702520836597]
[524, 6.025524312587538e-08]
[525, 0.0003121122293308271]
[526, 1.8233755013183634e-11]
[527, 0.00045533614555074933]
[528, 0.0005013706485150491]
[529, 0.0005013706485150491]
[530, 0.0005013706485150491]
[531, 0.0005013706485150491]
[532, 4.9192036498781326e-08]
[533, 4.9210202729491985e-08]
[534, 4.922838238116656e-08]
[535, 0.00023533911338010697]
[536, 0.00024557025208729605]
[537, 0.0003121122328553021]
[538, 1.8240060806816094e-11]
[539, 0.000445106392493931]
[540, 0.0005013706485150491]
[541, 0.0005013706485150491]
[542, 0.0005013706485150491]
[543, 0.0005013706485150491]
[544, 4.924657546866977e-08]
[545, 4.926478200690772e-08]
[546, 4.9283002010798e-08]
[547, 0.00023533911339434748]
[548, 0.0002455702520909324]
[549, 0.00031211223638049506]
[550, 1.8246370963424164e-11]
[551, 0.00044510639286343006]
[552, 0.0005013706485150491]
[553, 0.0005013706485150491]
[554, 0.0005013706485150491]
[555, 0.0005013706485150491]
[556, 4.930123549529304e-08]
[557, 4.931948247533912e-08]
[558, 4.933774296594594e-08]
[559, 0.0002353391134085882]
[560, 0.00024557025209456877]
[561, 0.00031211223990640683]
[562, 1.825268548753813e-11]
[563, 0.0004451063932329519]
[564, 0.0005013706485150491]
[565, 0.0005013706485150491]
[566, 0.0005013706485150491]
[567, 0.0005013706485150491]
[568, 4.935601698210779e-08]
[569, 4.9374304538870774e-08]
[570, 4.9392605651272894e-08]
[571, 0.00023533911342282914]
[572, 0.0002455702520982052]
[573, 0.0003121122434330365]
[574, 1.8259004383692632e-11]
[575, 0.00044510639360249626]
[576, 0.0005013706485150491]
[577, 0.0005013706485150491]
[578, 0.0005013706485150491]
[579, 0.0005013706485150491]
[580, 0.0005013706485150491]
[581, 0.0005013706485150491]
[582, 0.0005013706485150491]
[583, 0.0005013706485150491]
[584, 0.0005013706485150491]
[585, 0.0005013706485150491]
[586, 0.0005013706485150491]
[587, 0.0005013706485150491]
[588, 0.0005013706485150491]
[589, 0.0005013706485150491]
[590, 0.0005013706485150491]
[591, 0.0005013706485150491]
[592, 0.0005013706485150491]
[593, 0.0005013706485150491]
[594, 0.0005013706485150491]
[595, 0.0005013706485150491]
[596, 0.0005013706485150491]
[597, 0.0005013706485150491]
[598, 0.0005013706485150491]
[599, 0.0005013706485150491]
[600, 0.0005013706485150491]
[601, 0.0005013706485150491]
[602, 0.0005013706485150491]
[603, 0.0005013706485150491]
[604, 0.0005013706485150491]
[605, 0.0005013706485150491]
[606, 0.0005013706485150491]
[607, 0.0005013706485150491]
[608, 0.0005013706485150491]
[609, 0.0005013706485150491]
[610, 0.0005013706485150491]
[611, 0.0005013706485150491]
[612, 0.0005013706485150491]
[613, 0.0005013706485150491]
[614, 0.0005013706485150491]
[615, 0.0005013706485150491]
[616, 0.0005013706485150491]
[617, 0.0005013706485150491]
[618, 0.0005013706485150491]
[619, 0.0005013706485150491]
[620, 0.0005013706485150491]
[621, 0.0005013706485150491]
[622, 0.0005013706485150491]
[623, 0.0005013706485150491]
[624, 0.0005013706485150491]
[625, 0.0005013706485150491]
[626, 0.0005013706485150491]
[627, 0.0005013706485150491]
[628, 0.0005013706485150491]
[629, 0.0005013706485150491]
[630, 0.0005013706485150491]
[631, 0.0005013706485150491]
[632, 7.683188998260336e-05]
[633, 4.941092033440492e-08]
[634, 4.942924860335723e-08]
[635, 5.186093049855202e-06]
[636, 0.0005013706485150491]
[637, 0.0005013706485150491]
[638, 0.0005013706485150491]
[639, 0.0005013706485150491]
[640, 0.00019328995844527966]
[641, 0]
[642, 5.3908795121917e-08]
[643, 1.2033278243130855e-08]
[644, 6.303586896862183e-08]
[645, 2.1551844029898576e-08]
[646, 1.1061771227293221e-08]
[647, 5.719696507062485e-06]
[648, 0.0005013706485150491]
[649, 0.0005013706485150491]
[650, 0.0005013706485150491]
[651, 0.0005013706485150491]
[652, 8.893616496070181e-05]
[653, 4.886080536877079e-09]
[654, 2.1401028302991292e-08]
[655, 8.357281006406508e-05]
[656, 6.271968615985e-05]
[657, 1.2195521344427937e-08]
[658, 3.2957085958754475e-09]
[659, 1.2199589591912819e-08]
[660, 0.0005013706485150491]
[661, 0.0005013706485150491]
[662, 0.0005013706485150491]
[663, 0.0005013706485150491]
[664, 6.271867658323317e-05]
[665, 0]
[666, 2.7336831648557303e-08]
[667, 6.268983174063113e-05]
[668, 8.360525385054266e-05]
[669, 8.729220692713155e-09]
[670, 5.645974106406656e-09]
[671, 8.060593029563347e-10]
[672, 0.0005013706485150491]
[673, 0.0005013706485150491]
[674, 0.0005013706485150491]
[675, 0.0005013706485150491]
[676, 0.0005013706485150491]
[677, 0.0005013706485150491]
[678, 0.0005013706485150491]
[679, 0.0005013706485150491]
[680, 0.0005013706485150491]
[681, 0.0005013706485150491]
[682, 0.0005013706485150491]
[683, 0.0005013706485150491]
[684, 0.0005013706485150491]
[685, 0.0005013706485150491]
[686, 0.0005013706485150491]
[687, 0.0005013706485150491]
[688, 0.0005013706485150491]
[689, 0.0005013706485150491]
[690, 0.0005013706485150491]
[691, 0.0005013706485150491]
[692, 0.0005013706485150491]
[693, 0.0005013706485150491]
[694, 0.0005013706485150491]
[695, 0.0005013706485150491]
[696, 0.0005013706485150491]
[697, 0.0005013706485150491]
[698, 0.0005013706485150491]
[699, 0.0005013706485150491]
[700, 0.0005013706485150491]
[701, 0.0005013706485150491]
[702, 0.0005013706485150491]
[703, 0.0005013706485150491]
[704, 0.0005013706485150491]
[705, 0.0005013706485150491]
[706, 0.0005013706485150491]
[707, 0.0005013706485150491]
[708, 0.0005013706485150491]
[709, 0.0005013706485150491]
[710, 0.0005013706485150491]
[711, 0.0005013706485150491]
[712, 0.0005013706485150491]
[713, 0.0005013706485150491]
[714, 0.0005013706485150491]
[715, 0.0005013706485150491]
[716, 0.0003069754540000834]
[717, 6.028116859496807e-08]
[718, 4.9447590473256825e-08]
[719, 0.00045022255390317757]
[720, 0.0005013706485150491]
[721, 0.0005013706485150491]
[722, 0.0005013706485150491]
[723, 0.0005013706485150491]
[724, 7.68532534492546e-05]
[725, 0]
[726, 1.8265327656433553e-11]
[727, 0.0001637190421675271]
[728, 5.01877270042314e-05]
[729, 5.597521341247371e-08]
[730, 7.870419836047858e-09]
[731, 5.588765087225392e-06]
[732, 0.0005013706485150491]
[733, 0.0005013706485150491]
[734, 0.0005013706485150491]
[735, 0.0005013706485150491]
[736, 0.00012537433535595032]
[737, 1.1069319273967244e-08]
[738, 5.39303529253091e-08]
[739, 0.0003446978409239532]
[740, 0.00010747393350833375]
[741, 3.4148242138100086e-08]
[742, 5.662218834810085e-08]
[743, 1.5758835837598063e-09]
[744, 0.0005013706485150491]
[745, 0.0005013706485150491]
[746, 0.0005013706485150491]
[747, 0.0005013706485150491]
[748, 8.360370717426277e-05]
[749, 1.9996475950099356e-08]
[750, 2.1414779635922323e-08]
[751, 8.357281715733558e-05]
[752, 9.404778833629865e-05]
[753, 1.749451964682655e-08]
[754, 3.7622288170798996e-08]
[755, 9.724874631908642e-10]
[756, 0.0005013706485150491]
[757, 0.0005013706485150491]
[758, 0.0005013706485150491]
[759, 0.0005013706485150491]
[760, 0.00010495419383106635]
[761, 2.000350264543704e-08]
[762, 2.1428548651085217e-08]
[763, 8.357282425973016e-05]
[764, 0.0001865611088189268]
[765, 2.573577210533583e-08]
[766, 3.763493739651415e-08]
[767, 9.728029333643526e-10]
[768, 0.0005013706485150491]
[769, 0.0005013706485150491]
[770, 0.0005013706485150491]
[771, 0.0005013706485150491]
[772, 0.0005013706485150491]
[773, 0.0005013706485150491]
[774, 0.0005013706485150491]
[775, 0.0005013706485150491]
[776, 0.0005013706485150491]
[777, 0.0005013706485150491]
[778, 0.0005013706485150491]
[779, 0.0005013706485150491]
[780, 0.0005013706485150491]
[781, 0.0005013706485150491]
[782, 0.0005013706485150491]
[783, 0.0005013706485150491]
[784, 0.0005013706485150491]
[785, 0.0005013706485150491]
[786, 0.0005013706485150491]
[787, 0.0005013706485150491]
[788, 0.0005013706485150491]
[789, 0.0005013706485150491]
[790, 0.0005013706485150491]
[791, 0.0005013706485150491]
[792, 0.0005013706485150491]
[793, 0.0005013706485150491]
[794, 0.0005013706485150491]
[795, 0.0005013706485150491]
[796, 0.0005013706485150491]
[797, 0.0005013706485150491]
[798, 0.0005013706485150491]
[799, 0.0005013706485150491]
[800, 0.0005013706485150491]
[801, 0.0005013706485150491]
[802, 0.0005013706485150491]
[803, 0.0005013706485150491]
[804, 0.0005013706485150491]
[805, 0.0005013706485150491]
[806, 0.0005013706485150491]
[807, 0.0005013706485150491]
[808, 0.0002967410037402681]
[809, 0]
[810, 4.946594595924794e-08]
[811, 0.00020976060574085792]
[812, 6.166271705730659e-08]
[813, 6.168914697061233e-08]
[814, 1.986665958865546e-11]
[815, 0.00028091937404179187]
[816, 0.0005013706485150491]
[817, 0.0005013706485150491]
[818, 0.0005013706485150491]
[819, 0.0005013706485150491]
[820, 0.00025068776144394114]
[821, 1.1073189788936607e-08]
[822, 1.2037449227509054e-08]
[823, 0.00032381077190434817]
[824, 0.00015043786902990518]
[825, 2.960994600627112e-08]
[826, 7.87310028192759e-09]
[827, 0.0001894144431204317]
[828, 0.0005013706485150491]
[829, 0.0005013706485150491]
[830, 0.0005013706485150491]
[831, 0.0005013706485150491]
[832, 9.962202348870216e-05]
[833, 2.001053428052835e-08]
[834, 5.482080443313121e-08]
[835, 8.357282750270237e-05]
[836, 0.00012537556416776792]
[837, 1.1065543963514967e-08]
[838, 5.6408681635071806e-08]
[839, 0.00017093144718368928]
[840, 0.0005013706485150491]
[841, 0.0005013706485150491]
[842, 0.0005013706485150491]
[843, 0.0005013706485150491]
[844, 8.360375815355806e-05]
[845, 2.001757086058604e-08]
[846, 5.484281854396053e-08]
[847, 8.35728307475786e-05]
[848, 4.183391313256941e-05]
[849, 2.0024612390828967e-08]
[850, 5.643102518036999e-08]
[851, 0.00017093144759100314]
[852, 0.0005013706485150491]
[853, 0.0005013706485150491]
[854, 0.0005013706485150491]
[855, 0.0005013706485150491]
[856, 8.360711546078948e-05]
[857, 2.0031484743473453e-08]
[858, 5.486485034018247e-08]
[859, 8.357283399436054e-05]
[860, 8.360771620790424e-05]
[861, 4.887777003422984e-09]
[862, 5.645338643134267e-08]
[863, 0.0001766278781310189]
[864, 0.0005013706485150491]
[865, 0.0005013706485150491]
[866, 0.0005013706485150491]
[867, 0.0005013706485150491]
[868, 0.0005013706485150491]
[869, 0.0005013706485150491]
[870, 0.0005013706485150491]
[871, 0.0005013706485150491]
[872, 0.0005013706485150491]
[873, 0.0005013706485150491]
[874, 0.0005013706485150491]
[875, 0.0005013706485150491]
[876, 0.0005013706485150491]
[877, 0.0005013706485150491]
[878, 0.0005013706485150491]
[879, 0.0005013706485150491]
[880, 0.0005013706485150491]
[881, 0.0005013706485150491]
[882, 0.0005013706485150491]
[883, 0.0005013706485150491]
[884, 0.0005013706485150491]
[885, 0.0005013706485150491]
[886, 0.0005013706485150491]
[887, 0.0005013706485150491]
[888, 0.0005013706485150491]
[889, 0.0005013706485150491]
[890, 0.0005013706485150491]
[891, 0.0005013706485150491]
[892, 0.0005013706485150491]
[893, 0.0005013706485150491]
[894, 0.0005013706485150491]
[895, 0.0005013706485150491]
[896, 0.0005013706485150491]
[897, 0.0005013706485150491]
[898, 0.0005013706485150491]
[899, 0.0005013706485150491]
[900, 0.0005013706485150491]
[901, 0.0005013706485150491]
[902, 0.0005013706485150491]
[903, 0.0005013706485150491]
[904, 0.0002609274492725485]
[905, 4.948431507648691e-08]
[906, 4.950269784017749e-08]
[907, 0.00047579548866135633]
[908, 0.0001253743523533749]
[909, 0.0001253431437936849]
[910, 5.395192797544123e-08]
[911, 0.000287258725676546]
[912, 0.0005013706485150491]
[913, 0.0005013706485150491]
[914, 0.0005013706485150491]
[915, 0.0005013706485150491]
[916, 0.0003812706993245945]
[917, 5.397352029303552e-08]
[918, 5.3995129898823274e-08]
[919, 0.00012537436256058822]
[920, 0.0001671458086794682]
[921, 8.88955050558569e-05]
[922, 5.48868998431239e-08]
[923, 0.0004267157447171739]
[924, 0.0005013706485150491]
[925, 0.0005013706485150491]
[926, 0.0005013706485150491]
[927, 0.0005013706485150491]
[928, 0.00012537748971510698]
[929, 1.2044777632494766e-08]
[930, 5.4016756813568715e-08]
[931, 0.00012537437277437832]
[932, 8.89395411482434e-05]
[933, 4.889453897804143e-09]
[934, 5.490896707413385e-08]
[935, 0.000437380906032338]
[936, 0.0005013706485150491]
[937, 0.0005013706485150491]
[938, 0.0005013706485150491]
[939, 0.0005013706485150491]
[940, 0.00012538424470507232]
[941, 1.2048956593553203e-08]
[942, 5.4038401058079775e-08]
[943, 0.0001253743829947515]
[944, 9.427940742240045e-05]
[945, 0]
[946, 8.359877691951414e-05]
[947, 0.0004320470012245672]
[948, 0.0005013706485150491]
[949, 0.0005013706485150491]
[950, 0.0005013706485150491]
[951, 0.0005013706485150491]
[952, 0.0001253842618747993]
[953, 1.2053138455281384e-08]
[954, 5.4060062653186614e-08]
[955, 0.00012537439322171404]
[956, 9.427942514924237e-05]
[957, 0]
[958, 8.359878938105592e-05]
[959, 0.00043204700177851404]
[960, 0.0005013706485150491]
[961, 0.0005013706485150491]
[962, 0.0005013706485150491]
[963, 0.0005013706485150491]
[964, 0.0005013706485150491]
[965, 0.0005013706485150491]
[966, 0.0005013706485150491]
[967, 0.0005013706485150491]
[968, 0.0005013706485150491]
[969, 0.0005013706485150491]
[970, 0.0005013706485150491]
[971, 0.0005013706485150491]
[972, 0.0005013706485150491]
[973, 0.0005013706485150491]
[974, 0.0005013706485150491]
[975, 0.0005013706485150491]
[976, 0.0005013706485150491]
[977, 0.0005013706485150491]
[978, 0.0005013706485150491]
[979, 0.0005013706485150491]
[980, 0.0005013706485150491]
[981, 0.0005013706485150491]
[982, 0.0005013706485150491]
[983, 0.0005013706485150491]
[984, 0.0005013706485150491]
[985, 0.0005013706485150491]
[986, 0.0005013706485150491]
[987, 0.0005013706485150491]
[988, 0.0005013706485150491]
[989, 0.0005013706485150491]
[990, 0.0005013706485150491]
[991, 0.0005013706485150491]
[992, 0.0005013706485150491]
[993, 0.0005013706485150491]
[994, 0.0005013706485150491]
[995, 0.0005013706485150491]
[996, 0.0005013706485150491]
[997, 0.0005013706485150491]
[998, 0.0005013706485150491]
[999, 0.0005013706485150491]
[1000, 0.0005013706485150491]
[1001, 0.0005013706485150491]
[1002, 0.0005013706485150491]
[1003, 0.0005013706485150491]
[1004, 0.0005013706485150491]
[1005, 0.0005013706485150491]
[1006, 0.0005013706485150491]
[1007, 0.0005013706485150491]
[1008, 0.0005013706485150491]
[1009, 0.0005013706485150491]
[1010, 0.0005013706485150491]
[1011, 0.0005013706485150491]
[1012, 0.0005013706485150491]
[1013, 0.0005013706485150491]
[1014, 0.0005013706485150491]
[1015, 0.0005013706485150491]
[1016, 0.0005013706485150491]
[1017, 0.0005013706485150491]
[1018, 0.0005013706485150491]
[1019, 0.0005013706485150491]
[1020, 0.0005013706485150491]
[1021, 0.0005013706485150491]
[1022, 0.0005013706485150491]
[1023, 0.0005013706485150491]
[1024, 0.0005013706485150491]
[1025, 0.0005013706485150491]
[1026, 0.0005013706485150491]
[1027, 0.0005013706485150491]
[1028, 0.0005013706485150491]
[1029, 0.0005013706485150491]
[1030, 0.0005013706485150491]
[1031, 0.0005013706485150491]
[1032, 0.0005013706485150491]
[1033, 0.0005013706485150491]
[1034, 0.0005013706485150491]
[1035, 0.0005013706485150491]
[1036, 0.0005013706485150491]
[1037, 0.0005013706485150491]
[1038, 0.0005013706485150491]
[1039, 0.0005013706485150491]
[1040, 0.0005013706485150491]
[1041, 0.0005013706485150491]
[1042, 0.0005013706485150491]
[1043, 0.0005013706485150491]
[1044, 0.0005013706485150491]
[1045, 0.0005013706485150491]
[1046, 0.0005013706485150491]
[1047, 0.0005013706485150491]
[1048, 0.0005013706485150491]
[1049, 0.0005013706485150491]
[1050, 0.0005013706485150491]
[1051, 0.0005013706485150491]
[1052, 0.0005013706485150491]
[1053, 0.0005013706485150491]
[1054, 0.0005013706485150491]
[1055, 0.0005013706485150491]
[1056, 0.0005013706485150491]
[1057, 0.0005013706485150491]
[1058, 0.0005013706485150491]
[1059, 0.0005013706485150491]
[1060, 0.0005013706485150491]
[1061, 0.0005013706485150491]
[1062, 0.0005013706485150491]
[1063, 0.0005013706485150491]
[1064, 0.0005013706485150491]
[1065, 0.0005013706485150491]
[1066, 0.0005013706485150491]
[1067, 0.0005013706485150491]
[1068, 0.0005013706485150491]
[1069, 0.0005013706485150491]
[1070, 0.0005013706485150491]
[1071, 0.0005013706485150491]
[1072, 0.0005013706485150491]
[1073, 0.0005013706485150491]
[1074, 0.0005013706485150491]
[1075, 0.0005013706485150491]
[1076, 0.0005013706485150491]
[1077, 0.0005013706485150491]
[1078, 0.0005013706485150491]
[1079, 0.0005013706485150491]
[1080, 0.0005013706485150491]
[1081, 0.0005013706485150491]
[1082, 0.0005013706485150491]
[1083, 0.0005013706485150491]
[1084, 0.0005013706485150491]
[1085, 0.0005013706485150491]
[1086, 0.0005013706485150491]
[1087, 0.0005013706485150491]
[1088, 0.0005013706485150491]
[1089, 0.0005013706485150491]
[1090, 0.0005013706485150491]
[1091, 0.0005013706485150491]
[1092, 0.0005013706485150491]
[1093, 0.0005013706485150491]
[1094, 0.0005013706485150491]
[1095, 0.0005013706485150491]
[1096, 0.0005013706485150491]
[1097, 0.0005013706485150491]
[1098, 0.0005013706485150491]
[1099, 0.0005013706485150491]
[1100, 0.0005013706485150491]
[1101, 0.0005013706485150491]
[1102, 0.0005013706485150491]
[1103, 0.0005013706485150491]
[1104, 0.0005013706485150491]
[1105, 0.0005013706485150491]
[1106, 0.0005013706485150491]
[1107, 0.0005013706485150491]
[1108, 0.0005013706485150491]
[1109, 0.0005013706485150491]
[1110, 0.0005013706485150491]
[1111, 0.0005013706485150491]
[1112, 0.0005013706485150491]
[1113, 0.0005013706485150491]
[1114, 0.0005013706485150491]
[1115, 0.0005013706485150491]
[1116, 0.0005013706485150491]
[1117, 0.0005013706485150491]
[1118, 0.0005013706485150491]
[1119, 0.0005013706485150491]
[1120, 0.0005013706485150491]
[1121, 0.0005013706485150491]
[1122, 0.0005013706485150491]
[1123, 0.0005013706485150491]
[1124, 0.0005013706485150491]
[1125, 0.0005013706485150491]
[1126, 0.0005013706485150491]
[1127, 0.0005013706485150491]
[1128, 0.0005013706485150491]
[1129, 0.0005013706485150491]
[1130, 0.0005013706485150491]
[1131, 0.0005013706485150491]
[1132, 0.0005013706485150491]
[1133, 0.0005013706485150491]
[1134, 0.0005013706485150491]
[1135, 0.0005013706485150491]
[1136, 0.0005013706485150491]
[1137, 0.0005013706485150491]
[1138, 0.0005013706485150491]
[1139, 0.0005013706485150491]
[1140, 0.0005013706485150491]
[1141, 0.0005013706485150491]
[1142, 0.0005013706485150491]
[1143, 0.0005013706485150491]
[1144, 0.0005013706485150491]
[1145, 0.0005013706485150491]
[1146, 0.0005013706485150491]
[1147, 0.0005013706485150491]
[1148, 0.0005013706485150491]
[1149, 0.0005013706485150491]
[1150, 0.0005013706485150491]
[1151, 0.0005013706485150491]
[1152, 0.0005013706485150491]
[1153, 0.0005013706485150491]
[1154, 0.0005013706485150491]
[1155, 0.0005013706485150491]
[1156, 0.0005013706485150491]
[1157, 0.0005013706485150491]
[1158, 0.0005013706485150491]
[1159, 0.0005013706485150491]
[1160, 0.0005013706485150491]
[1161, 0.0005013706485150491]
[1162, 0.0005013706485150491]
[1163, 0.0005013706485150491]
[1164, 0.0005013706485150491]
[1165, 0.0005013706485150491]
[1166, 0.0005013706485150491]
[1167, 0.0005013706485150491]
[1168, 0.0005013706485150491]
[1169, 0.0005013706485150491]
[1170, 0.0005013706485150491]
[1171, 0.0005013706485150491]
[1172, 0.0005013706485150491]
[1173, 0.0005013706485150491]
[1174, 0.0005013706485150491]
[1175, 0.0005013706485150491]
[1176, 0.0005013706485150491]
[1177, 0.0005013706485150491]
[1178, 0.0005013706485150491]
[1179, 0.0005013706485150491]
[1180, 0.0005013706485150491]
[1181, 0.0005013706485150491]
[1182, 0.0005013706485150491]
[1183, 0.0005013706485150491]
[1184, 0.0005013706485150491]
[1185, 0.0005013706485150491]
[1186, 0.0005013706485150491]
[1187, 0.0005013706485150491]
[1188, 0.0005013706485150491]
[1189, 0.0005013706485150491]
[1190, 0.0005013706485150491]
[1191, 0.0005013706485150491]
[1192, 0.0005013706485150491]
[1193, 0.0005013706485150491]
[1194, 0.0005013706485150491]
[1195, 0.0005013706485150491]
[1196, 0.00010243475574474363]
[1197, 4.9521094265526096e-08]
[1198, 4.953950436775842e-08]
[1199, 1.0318726258556561e-05]
[1200, 0.0005013706485150491]
[1201, 0.0005013706485150491]
[1202, 0.0005013706485150491]
[1203, 0.0005013706485150491]
[1204, 8.707059925319728e-05]
[1205, 4.955792816214035e-08]
[1206, 4.957636566395433e-08]
[1207, 0.000419533053595756]
[1208, 9.410429493077618e-05]
[1209, 5.408174161976988e-08]
[1210, 5.410343797872753e-08]
[1211, 5.2824311143036414e-06]
[1212, 0.0005013706485150491]
[1213, 0.0005013706485150491]
[1214, 0.0005013706485150491]
[1215, 0.0005013706485150491]
[1216, 6.228591361531928e-08]
[1217, 2.5744496916497634e-08]
[1218, 5.541542712836357e-08]
[1219, 1.095907806110774e-05]
[1220, 6.270385773618042e-08]
[1221, 5.018210635498785e-05]
[1222, 5.6017764882099036e-08]
[1223, 5.590108437236737e-06]
[1224, 0.0005013706485150491]
[1225, 0.0005013706485150491]
[1226, 0.0005013706485150491]
[1227, 0.0005013706485150491]
[1228, 5.018778303224211e-05]
[1229, 1.728678495537718e-08]
[1230, 5.6040130308986514e-08]
[1231, 1.1172928649012942e-05]
[1232, 6.187089191154653e-05]
[1233, 5.5753012208912144e-05]
[1234, 2.7905360733652423e-05]
[1235, 3.398706150728536e-05]
[1236, 0.0005013706485150491]
[1237, 0.0005013706485150491]
[1238, 0.0005013706485150491]
[1239, 0.0005013706485150491]
[1240, 6.275436794390992e-08]
[1241, 1.7292670601647508e-08]
[1242, 5.6062513600105887e-08]
[1243, 1.1201679372276827e-05]
[1244, 5.374167795388175e-05]
[1245, 0.00011443264981524219]
[1246, 5.492454112595648e-09]
[1247, 2.487352424647995e-05]
[1248, 0.0005013706485150491]
[1249, 0.0005013706485150491]
[1250, 0.0005013706485150491]
[1251, 0.0005013706485150491]
[1252, 0.0005013706485150491]
[1253, 0.0005013706485150491]
[1254, 0.0005013706485150491]
[1255, 0.0005013706485150491]
[1256, 0.0005013706485150491]
[1257, 0.0005013706485150491]
[1258, 0.0005013706485150491]
[1259, 0.0005013706485150491]
[1260, 0.0005013706485150491]
[1261, 0.0005013706485150491]
[1262, 0.0005013706485150491]
[1263, 0.0005013706485150491]
[1264, 0.0005013706485150491]
[1265, 0.0005013706485150491]
[1266, 0.0005013706485150491]
[1267, 0.0005013706485150491]
[1268, 0.0005013706485150491]
[1269, 0.0005013706485150491]
[1270, 0.0005013706485150491]
[1271, 0.0005013706485150491]
[1272, 0.0005013706485150491]
[1273, 0.0005013706485150491]
[1274, 0.0005013706485150491]
[1275, 0.0005013706485150491]
[1276, 0.0005013706485150491]
[1277, 0.0005013706485150491]
[1278, 0.0005013706485150491]
[1279, 0.0005013706485150491]
[1280, 7.683538365157972e-05]
[1281, 4.959481688849533e-08]
[1282, 4.961328185108634e-08]
[1283, 1.0318762549731342e-05]
[1284, 0.0005013706485150491]
[1285, 0.0005013706485150491]
[1286, 0.0005013706485150491]
[1287, 0.0005013706485150491]
[1288, 0.00031208975377253813]
[1289, 4.963176056708451e-08]
[1290, 4.9650253051854466e-08]
[1291, 0.00043999277549426337]
[1292, 0.00032381274653253906]
[1293, 5.412515175099555e-08]
[1294, 5.414688295755093e-08]
[1295, 5.235166134147965e-06]
[1296, 0.0005013706485150491]
[1297, 0.0005013706485150491]
[1298, 0.0005013706485150491]
[1299, 0.0005013706485150491]
[1300, 6.233909036023907e-08]
[1301, 2.575359277090869e-08]
[1302, 5.5437624102805576e-08]
[1303, 0.0004359898014139354]
[1304, 6.280752335466838e-08]
[1305, 5.0182176630781434e-05]
[1306, 5.610519793772024e-08]
[1307, 1.115891378329643e-05]
[1308, 0.0005013706485150491]
[1309, 0.0005013706485150491]
[1310, 0.0005013706485150491]
[1311, 0.0005013706485150491]
[1312, 6.28341348388339e-08]
[1313, 1.7298560256839676e-08]
[1314, 5.612763324174895e-08]
[1315, 5.603025882286433e-06]
[1316, 6.378106225605001e-08]
[1317, 5.575304442411206e-05]
[1318, 2.790539743655926e-05]
[1319, 3.398706738419805e-05]
[1320, 0.0005013706485150491]
[1321, 0.0005013706485150491]
[1322, 0.0005013706485150491]
[1323, 0.0005013706485150491]
[1324, 6.286076888037104e-08]
[1325, 1.7304453925053793e-08]
[1326, 5.615008649381718e-08]
[1327, 0.0003454012182866471]
[1328, 6.465473718941453e-05]
[1329, 9.645403334494861e-05]
[1330, 5.7895839431778496e-05]
[1331, 3.2841085493562783e-05]
[1332, 0.0005013706485150491]
[1333, 0.0005013706485150491]
[1334, 0.0005013706485150491]
[1335, 0.0005013706485150491]
[1336, 0.00016715939163047396]
[1337, 1.731035161039362e-08]
[1338, 5.617255771546214e-08]
[1339, 5.6323343786784965e-06]
[1340, 6.071246006708885e-05]
[1341, 9.653064108869897e-05]
[1342, 1.088365241839874e-08]
[1343, 3.1838639895039966e-05]
[1344, 0.0005013706485150491]
[1345, 0.0005013706485150491]
[1346, 0.0005013706485150491]
[1347, 0.0005013706485150491]
[1348, 0.0005013706485150491]
[1349, 0.0005013706485150491]
[1350, 0.0005013706485150491]
[1351, 0.0005013706485150491]
[1352, 0.0005013706485150491]
[1353, 0.0005013706485150491]
[1354, 0.0005013706485150491]
[1355, 0.0005013706485150491]
[1356, 0.0005013706485150491]
[1357, 0.0005013706485150491]
[1358, 0.0005013706485150491]
[1359, 0.0005013706485150491]
[1360, 0.0005013706485150491]
[1361, 0.0005013706485150491]
[1362, 0.0005013706485150491]
[1363, 0.0005013706485150491]
[1364, 0.00030697545812486597]
[1365, 4.9668759320791036e-08]
[1366, 4.9687279389307466e-08]
[1367, 1.031883522331847e-05]
[1368, 0.0005013706485150491]
[1369, 0.0005013706485150491]
[1370, 0.0005013706485150491]
[1371, 0.0005013706485150491]
[1372, 0.0005013706485150491]
[1373, 0.0005013706485150491]
[1374, 0.0005013706485150491]
[1375, 0.0005013706485150491]
[1376, 9.73059753212558e-05]
[1377, 4.970581327285176e-08]
[1378, 4.9724360986884835e-08]
[1379, 1.0325304489170365e-05]
[1380, 0.0005013706485150491]
[1381, 0.0005013706485150491]
[1382, 0.0005013706485150491]
[1383, 0.0005013706485150491]
[1384, 6.106727216836701e-08]
[1385, 1.904090610426173e-11]
[1386, 5.4168631619383616e-08]
[1387, 0.00042827108555623476]
[1388, 6.175546983702318e-08]
[1389, 8.359880185099322e-05]
[1390, 5.498658828272636e-08]
[1391, 5.394251425960058e-06]
[1392, 0.0005013706485150491]
[1393, 0.0005013706485150491]
[1394, 0.0005013706485150491]
[1395, 0.0005013706485150491]
[1396, 6.180851158790894e-08]
[1397, 5.540478419802355e-09]
[1398, 5.50087357533708e-08]
[1399, 0.0003378190122958834]
[1400, 6.330196438803394e-08]
[1401, 7.166520642879329e-05]
[1402, 5.666360082925154e-08]
[1403, 4.169535646620864e-05]
[1404, 0.0005013706485150491]
[1405, 0.0005013706485150491]
[1406, 0.0005013706485150491]
[1407, 0.0005013706485150491]
[1408, 0.00018315535892919158]
[1409, 5.542385092610653e-09]
[1410, 5.5030901070382856e-08]
[1411, 0.0004480460085509257]
[1412, 2.9249841305005503e-05]
[1413, 7.483783880822282e-05]
[1414, 7.483785245058923e-05]
[1415, 5.846137705669397e-05]
[1416, 0.0005013706485150491]
[1417, 0.0005013706485150491]
[1418, 0.0005013706485150491]
[1419, 0.0005013706485150491]
[1420, 6.183506664213961e-08]
[1421, 5.544293078135966e-09]
[1422, 5.505308425534038e-08]
[1423, 0.00041605052759503396]
[1424, 4.8398475305512986e-05]
[1425, 6.271545843467596e-05]
[1426, 8.360117822722683e-05]
[1427, 4.8396437333028084e-05]
[1428, 0.0005013706485150491]
[1429, 0.0005013706485150491]
[1430, 0.0005013706485150491]
[1431, 0.0005013706485150491]
[1432, 6.607813688683596e-08]
[1433, 5.546202377733411e-09]
[1434, 5.507528532984826e-08]
[1435, 5.394329465331903e-06]
[1436, 6.928788311375097e-05]
[1437, 6.271548688164047e-05]
[1438, 8.360120363725333e-05]
[1439, 2.749677955781708e-05]
[1440, 0.0005013706485150491]
[1441, 0.0005013706485150491]
[1442, 0.0005013706485150491]
[1443, 0.0005013706485150491]
[1444, 0.0005013706485150491]
[1445, 0.0005013706485150491]
[1446, 0.0005013706485150491]
[1447, 0.0005013706485150491]
[1448, 8.707063608096956e-05]
[1449, 4.9742922546889316e-08]
[1450, 4.976149796837142e-08]
[1451, 1.0322029413862724e-05]
[1452, 0.0005013706485150491]
[1453, 0.0005013706485150491]
[1454, 0.0005013706485150491]
[1455, 0.0005013706485150491]
[1456, 0.0005013706485150491]
[1457, 0.0005013706485150491]
[1458, 0.0005013706485150491]
[1459, 0.0005013706485150491]
[1460, 0.00029162661258351523]
[1461, 4.978008726686615e-08]
[1462, 4.9798690457931345e-08]
[1463, 1.0328469439495316e-05]
[1464, 0.0005013706485150491]
[1465, 0.0005013706485150491]
[1466, 0.0005013706485150491]
[1467, 0.0005013706485150491]
[1468, 0.0005013706485150491]
[1469, 0.0005013706485150491]
[1470, 0.0005013706485150491]
[1471, 0.0005013706485150491]
[1472, 0.0003325526596198837]
[1473, 4.981730755713707e-08]
[1474, 4.983593858009602e-08]
[1475, 1.5452875023572548e-05]
[1476, 0.0005013706485150491]
[1477, 0.0005013706485150491]
[1478, 0.0005013706485150491]
[1479, 0.0005013706485150491]
[1480, 0.0002558096436514252]
[1481, 4.985458354243408e-08]
[1482, 4.987324245978812e-08]
[1483, 0.00014325702028606383]
[1484, 8.360387559961748e-05]
[1485, 5.5097504315561756e-08]
[1486, 5.511974123415614e-08]
[1487, 6.19104798838875e-08]
[1488, 0.0005013706485150491]
[1489, 0.0005013706485150491]
[1490, 0.0005013706485150491]
[1491, 0.0005013706485150491]
[1492, 4.6135762911169376e-05]
[1493, 4.9891915347837855e-08]
[1494, 4.9910602222277375e-08]
[1495, 0.00038884308413962923]
[1496, 4.1664474846491445e-05]
[1497, 5.6685793585879043e-08]
[1498, 5.670800373133066e-08]
[1499, 3.5866893576972025e-05]
[1500, 0.0005013706485150491]
[1501, 0.0005013706485150491]
[1502, 0.0005013706485150491]
[1503, 0.0005013706485150491]
[1504, 6.84976319879332e-08]
[1505, 4.9929303098824086e-08]
[1506, 4.994801799322423e-08]
[1507, 0.0004297629419012539]
[1508, 3.732167520641393e-05]
[1509, 5.7109714829032625e-08]
[1510, 9.404320226682976e-05]
[1511, 6.007388262904857e-06]
[1512, 0.0005013706485150491]
[1513, 0.0005013706485150491]
[1514, 0.0005013706485150491]
[1515, 0.0005013706485150491]
[1516, 7.429888994077478e-08]
[1517, 4.996674692123894e-08]
[1518, 4.998548989866685e-08]
[1519, 0.0004195330543661068]
[1520, 1.4536798183447403e-08]
[1521, 5.7150296285966437e-08]
[1522, 6.271454283485543e-05]
[1523, 1.1975074077029119e-05]
[1524, 0.0005013706485150491]
[1525, 0.0005013706485150491]
[1526, 0.0005013706485150491]
[1527, 0.0005013706485150491]
[1528, 7.433135549867983e-08]
[1529, 5.0004246941316815e-08]
[1530, 5.0023018065019814e-08]
[1531, 0.00041953305513652093]
[1532, 1.4541270761646588e-08]
[1533, 5.719219478100678e-08]
[1534, 6.271457452693611e-05]
[1535, 1.1975086605289382e-05]
[1536, 0.0005013706485150491]
[1537, 0.0005013706485150491]
[1538, 0.0005013706485150491]
[1539, 0.0005013706485150491]
[1540, 0.0005013706485150491]
[1541, 0.0005013706485150491]
[1542, 0.0005013706485150491]
[1543, 0.0005013706485150491]
[1544, 0.0005013706485150491]
[1545, 0.0005013706485150491]
[1546, 0.0005013706485150491]
[1547, 0.0005013706485150491]
[1548, 0.0005013706485150491]
[1549, 0.0005013706485150491]
[1550, 0.0005013706485150491]
[1551, 0.0005013706485150491]
[1552, 0.0005013706485150491]
[1553, 0.0005013706485150491]
[1554, 0.0005013706485150491]
[1555, 0.0005013706485150491]
[1556, 0.0005013706485150491]
[1557, 0.0005013706485150491]
[1558, 0.0005013706485150491]
[1559, 0.0005013706485150491]
[1560, 0.0005013706485150491]
[1561, 0.0005013706485150491]
[1562, 0.0005013706485150491]
[1563, 0.0005013706485150491]
[1564, 0.0005013706485150491]
[1565, 0.0005013706485150491]
[1566, 0.0005013706485150491]
[1567, 0.0005013706485150491]
[1568, 0.0005013706485150491]
[1569, 0.0005013706485150491]
[1570, 0.0005013706485150491]
[1571, 0.0005013706485150491]
[1572, 0.0005013706485150491]
[1573, 0.0005013706485150491]
[1574, 0.0005013706485150491]
[1575, 0.0005013706485150491]
[1576, 0.0005013706485150491]
[1577, 0.0005013706485150491]
[1578, 0.0005013706485150491]
[1579, 0.0005013706485150491]
[1580, 0.0005013706485150491]
[1581, 0.0005013706485150491]
[1582, 0.0005013706485150491]
[1583, 0.0005013706485150491]
[1584, 0.0005013706485150491]
[1585, 0.0005013706485150491]
[1586, 0.0005013706485150491]
[1587, 0.0005013706485150491]
[1588, 0.0005013706485150491]
[1589, 0.0005013706485150491]
[1590, 0.0005013706485150491]
[1591, 0.0005013706485150491]
[1592, 4.101209229758245e-05]
[1593, 5.004180328564533e-08]
[1594, 5.006060261906939e-08]
[1595, 0.00032745914295207454]
[1596, 0.0005013706485150491]
[1597, 0.0005013706485150491]
[1598, 0.0005013706485150491]
[1599, 0.0005013706485150491]
[1600, 0.0005013706485150491]
[1601, 0.0005013706485150491]
[1602, 0.0005013706485150491]
[1603, 0.0005013706485150491]
[1604, 6.030711638050628e-08]
[1605, 5.0079416081216776e-08]
[1606, 5.009824368800405e-08]
[1607, 0.00036326646372419137]
[1608, 0.0005013706485150491]
[1609, 0.0005013706485150491]
[1610, 0.0005013706485150491]
[1611, 0.0005013706485150491]
[1612, 0.0005013706485150491]
[1613, 0.0005013706485150491]
[1614, 0.0005013706485150491]
[1615, 0.0005013706485150491]
[1616, 6.033308651132581e-08]
[1617, 5.011708545538992e-08]
[1618, 5.013594139936843e-08]
[1619, 0.00036326646780677726]
[1620, 0.0005013706485150491]
[1621, 0.0005013706485150491]
[1622, 0.0005013706485150491]
[1623, 0.0005013706485150491]
[1624, 0.0005013706485150491]
[1625, 0.0005013706485150491]
[1626, 0.0005013706485150491]
[1627, 0.0005013706485150491]
[1628, 6.035907901628903e-08]
[1629, 5.0154811535926266e-08]
[1630, 5.0173695881107027e-08]
[1631, 0.0003632664698485082]
[1632, 0.0005013706485150491]
[1633, 0.0005013706485150491]
[1634, 0.0005013706485150491]
[1635, 0.0005013706485150491]
[1636, 0.0005013706485150491]
[1637, 0.0005013706485150491]
[1638, 0.0005013706485150491]
[1639, 0.0005013706485150491]
[1640, 0.0005013706485150491]
[1641, 0.0005013706485150491]
[1642, 0.0005013706485150491]
[1643, 0.0005013706485150491]
[1644, 0.0005013706485150491]
[1645, 0.0005013706485150491]
[1646, 0.0005013706485150491]
[1647, 0.0005013706485150491]
[1648, 0.0005013706485150491]
[1649, 0.0005013706485150491]
[1650, 0.0005013706485150491]
[1651, 0.0005013706485150491]
[1652, 0.0005013706485150491]
[1653, 0.0005013706485150491]
[1654, 0.0005013706485150491]
[1655, 0.0005013706485150491]
[1656, 0.0005013706485150491]
[1657, 0.0005013706485150491]
[1658, 0.0005013706485150491]
[1659, 0.0005013706485150491]
[1660, 0.0005013706485150491]
[1661, 0.0005013706485150491]
[1662, 0.0005013706485150491]
[1663, 0.0005013706485150491]
[1664, 0.0005013706485150491]
[1665, 0.0005013706485150491]
[1666, 0.0005013706485150491]
[1667, 0.0005013706485150491]
[1668, 0.0005013706485150491]
[1669, 0.0005013706485150491]
[1670, 0.0005013706485150491]
[1671, 0.0005013706485150491]
[1672, 0.0005013706485150491]
[1673, 0.0005013706485150491]
[1674, 0.0005013706485150491]
[1675, 0.0005013706485150491]
[1676, 6.038509392432583e-08]
[1677, 5.0192594450955756e-08]
[1678, 5.0211507261546944e-08]
[1679, 0.00034280592783123476]
[1680, 0.0005013706485150491]
[1681, 0.0005013706485150491]
[1682, 0.0005013706485150491]
[1683, 0.0005013706485150491]
[1684, 0.0005013706485150491]
[1685, 0.0005013706485150491]
[1686, 0.0005013706485150491]
[1687, 0.0005013706485150491]
[1688, 5.186123901567125e-06]
[1689, 5.0230434328989846e-08]
[1690, 5.024937566940207e-08]
[1691, 0.0003428059304530893]
[1692, 0.0005013706485150491]
[1693, 0.0005013706485150491]
[1694, 0.0005013706485150491]
[1695, 0.0005013706485150491]
[1696, 0.0005013706485150491]
[1697, 0.0005013706485150491]
[1698, 0.0005013706485150491]
[1699, 0.0005013706485150491]
[1700, 5.186154780456957e-06]
[1701, 5.026833129894588e-08]
[1702, 5.0287301233779756e-08]
[1703, 0.0003428059330753724]
[1704, 0.0005013706485150491]
[1705, 0.0005013706485150491]
[1706, 0.0005013706485150491]
[1707, 0.0005013706485150491]
[1708, 0.0005013706485150491]
[1709, 0.0005013706485150491]
[1710, 0.0005013706485150491]
[1711, 0.0005013706485150491]
[1712, 5.18618568656064e-06]
[1713, 5.0306285490118015e-08]
[1714, 5.032528408417268e-08]
[1715, 0.0003428059356980832]
[1716, 0.0005013706485150491]
[1717, 0.0005013706485150491]
[1718, 0.0005013706485150491]
[1719, 0.0005013706485150491]
[1720, 0.0005013706485150491]
[1721, 0.0005013706485150491]
[1722, 0.0005013706485150491]
[1723, 0.0005013706485150491]
[1724, 5.1862166199141415e-06]
[1725, 5.034429703219457e-08]
[1726, 5.036332435045376e-08]
[1727, 0.00034280593832122254]
[1728, 0.0005013706485150491]
[1729, 0.0005013706485150491]
[1730, 0.0005013706485150491]
[1731, 0.0005013706485150491]
[1732, 0.0005013706485150491]
[1733, 0.0005013706485150491]
[1734, 0.0005013706485150491]
[1735, 0.0005013706485150491]
[1736, 0.0005013706485150491]
[1737, 0.0005013706485150491]
[1738, 0.0005013706485150491]
[1739, 0.0005013706485150491]
[1740, 0.0005013706485150491]
[1741, 0.0005013706485150491]
[1742, 0.0005013706485150491]
[1743, 0.0005013706485150491]
[1744, 0.0005013706485150491]
[1745, 0.0005013706485150491]
[1746, 0.0005013706485150491]
[1747, 0.0005013706485150491]
[1748, 0.0005013706485150491]
[1749, 0.0005013706485150491]
[1750, 0.0005013706485150491]
[1751, 0.0005013706485150491]
[1752, 0.0005013706485150491]
[1753, 0.0005013706485150491]
[1754, 0.0005013706485150491]
[1755, 0.0005013706485150491]
[1756, 0.0005013706485150491]
[1757, 0.0005013706485150491]
[1758, 0.0005013706485150491]
[1759, 0.0005013706485150491]
[1760, 0.0005013706485150491]
[1761, 0.0005013706485150491]
[1762, 0.0005013706485150491]
[1763, 0.0005013706485150491]
[1764, 0.0005013706485150491]
[1765, 0.0005013706485150491]
[1766, 0.0005013706485150491]
[1767, 0.0005013706485150491]
[1768, 0.00010243480803500173]
[1769, 5.038236605525428e-08]
[1770, 5.040142216291635e-08]
[1771, 1.0342158146552298e-05]
[1772, 0.00010754886978504189]
[1773, 5.0420492689779496e-08]
[1774, 5.043957765221856e-08]
[1775, 0.00032746168183915233]
[1776, 0.0005013706485150491]
[1777, 0.0005013706485150491]
[1778, 0.0005013706485150491]
[1779, 0.0005013706485150491]
[1780, 9.219187817563329e-05]
[1781, 5.045867706662555e-08]
[1782, 5.0477790949434926e-08]
[1783, 1.5464243733803004e-05]
[1784, 9.219191616621024e-05]
[1785, 5.0496919317075206e-08]
[1786, 5.0516062186024265e-08]
[1787, 0.0002865319792575442]
[1788, 0.0005013706485150491]
[1789, 0.0005013706485150491]
[1790, 0.0005013706485150491]
[1791, 0.0005013706485150491]
[1792, 0.00031720598225583156]
[1793, 5.05352195727759e-08]
[1794, 5.055439149385119e-08]
[1795, 1.0346039327196538e-05]
[1796, 0.0002016650797654061]
[1797, 5.503960804413393e-06]
[1798, 5.5482071435447534e-08]
[1799, 2.7346408924456063e-08]
[1800, 0.0005013706485150491]
[1801, 0.0005013706485150491]
[1802, 0.0005013706485150491]
[1803, 0.0005013706485150491]
[1804, 6.2365712793004e-08]
[1805, 6.271325454151216e-05]
[1806, 5.5523901593382234e-08]
[1807, 7.361553749591287e-05]
[1808, 3.1350914683198815e-05]
[1809, 5.7234154748202596e-08]
[1810, 3.138593134275924e-05]
[1811, 1.8899689497505993e-08]
[1812, 0.0005013706485150491]
[1813, 0.0005013706485150491]
[1814, 0.0005013706485150491]
[1815, 0.0005013706485150491]
[1816, 3.1275231516626985e-08]
[1817, 6.271462215230614e-05]
[1818, 3.138596715282148e-05]
[1819, 3.1358820438281264e-05]
[1820, 7.146235904008033e-05]
[1821, 3.715060448089139e-05]
[1822, 0.00017078705103564236]
[1823, 6.21859678364394e-05]
[1824, 0.0005013706485150491]
[1825, 0.0005013706485150491]
[1826, 0.0005013706485150491]
[1827, 0.0005013706485150491]
[1828, 0.0005013706485150491]
[1829, 0.0005013706485150491]
[1830, 0.0005013706485150491]
[1831, 0.0005013706485150491]
[1832, 0.0005013706485150491]
[1833, 0.0005013706485150491]
[1834, 0.0005013706485150491]
[1835, 0.0005013706485150491]
[1836, 0.0005013706485150491]
[1837, 0.0005013706485150491]
[1838, 0.0005013706485150491]
[1839, 0.0005013706485150491]
[1840, 0.0005013706485150491]
[1841, 0.0005013706485150491]
[1842, 0.0005013706485150491]
[1843, 0.0005013706485150491]
[1844, 0.0005013706485150491]
[1845, 0.0005013706485150491]
[1846, 0.0005013706485150491]
[1847, 0.0005013706485150491]
[1848, 0.0005013706485150491]
[1849, 0.0005013706485150491]
[1850, 0.0005013706485150491]
[1851, 0.0005013706485150491]
[1852, 9.218490725484254e-05]
[1853, 5.0573577965802955e-08]
[1854, 5.059277900518499e-08]
[1855, 1.5464288331785557e-05]
[1856, 9.218826529115485e-05]
[1857, 5.0611994628609284e-08]
[1858, 5.0631224852694877e-08]
[1859, 0.000306995697686815]
[1860, 0.0005013706485150491]
[1861, 0.0005013706485150491]
[1862, 0.0005013706485150491]
[1863, 0.0005013706485150491]
[1864, 0.000317205984032933]
[1865, 5.06504696940805e-08]
[1866, 5.066972916943634e-08]
[1867, 1.5456566829758402e-05]
[1868, 0.00031720598581054743]
[1869, 5.0689003295474615e-08]
[1870, 5.070829208890223e-08]
[1871, 0.00030187673040653476]
[1872, 0.0005013706485150491]
[1873, 0.0005013706485150491]
[1874, 0.0005013706485150491]
[1875, 0.0005013706485150491]
[1876, 0.00010243112661278575]
[1877, 0.0002506863388094328]
[1878, 5.0737252816864685e-08]
[1879, 1.5464366605745462e-05]
[1880, 2.7374035553533657e-08]
[1881, 5.504045313946001e-06]
[1882, 5.556848742089958e-08]
[1883, 2.7355992912901208e-08]
[1884, 0.0005013706485150491]
[1885, 0.0005013706485150491]
[1886, 0.0005013706485150491]
[1887, 0.0005013706485150491]
[1888, 6.24157687319614e-08]
[1889, 5.5590807194424455e-08]
[1890, 5.5613144903239105e-08]
[1891, 6.816719342677091e-05]
[1892, 6.268294486319063e-05]
[1893, 3.1385985632223786e-05]
[1894, 3.138600412520721e-05]
[1895, 1.8905977103199983e-08]
[1896, 0.0005013706485150491]
[1897, 0.0005013706485150491]
[1898, 0.0005013706485150491]
[1899, 0.0005013706485150491]
[1900, 0.00012537588428806858]
[1901, 6.868204909243956e-05]
[1902, 3.138604003907241e-05]
[1903, 3.135882781844722e-05]
[1904, 5.015295696589917e-05]
[1905, 0.0001211899433044872]
[1906, 7.524773511085959e-05]
[1907, 5.850807877336952e-05]
[1908, 0.0005013706485150491]
[1909, 0.0005013706485150491]
[1910, 0.0005013706485150491]
[1911, 0.0005013706485150491]
[1912, 6.138445497166642e-06]
[1913, 6.186597774598366e-05]
[1914, 2.7905434191877562e-05]
[1915, 2.167017459051227e-08]
[1916, 5.573416954124725e-05]
[1917, 1.3933722930748648e-05]
[1918, 6.966859501343202e-05]
[1919, 4.964035686524521e-05]
[1920, 0.0005013706485150491]
[1921, 0.0005013706485150491]
[1922, 0.0005013706485150491]
[1923, 0.0005013706485150491]
[1924, 0.0005013706485150491]
[1925, 0.0005013706485150491]
[1926, 0.0005013706485150491]
[1927, 0.0005013706485150491]
[1928, 0.0005013706485150491]
[1929, 0.0005013706485150491]
[1930, 0.0005013706485150491]
[1931, 0.0005013706485150491]
[1932, 0.0005013706485150491]
[1933, 0.0005013706485150491]
[1934, 0.0005013706485150491]
[1935, 0.0005013706485150491]
[1936, 0.0003069754601881799]
[1937, 5.0756578352105806e-08]
[1938, 5.077591861347465e-08]
[1939, 1.5456609214605774e-05]
[1940, 0.0003172059923124055]
[1941, 5.079527361779773e-08]
[1942, 5.081464338195251e-08]
[1943, 0.00031722623878634973]
[1944, 0.0005013706485150491]
[1945, 0.0005013706485150491]
[1946, 0.0005013706485150491]
[1947, 0.0005013706485150491]
[1948, 9.730974910145028e-05]
[1949, 5.083402792281407e-08]
[1950, 5.085342725730494e-08]
[1951, 1.5464411298127514e-05]
[1952, 9.730978739505797e-05]
[1953, 5.087284140235927e-08]
[1954, 5.089227037495526e-08]
[1955, 0.000291646107321923]
[1956, 0.0005013706485150491]
[1957, 0.0005013706485150491]
[1958, 0.0005013706485150491]
[1959, 0.0005013706485150491]
[1960, 0.00029674101200284354]
[1961, 5.0911714192074224e-08]
[1962, 5.093117287073238e-08]
[1963, 1.5460382773999215e-05]
[1964, 0.00011175571330156306]
[1965, 5.563550056895907e-08]
[1966, 5.5657874213250994e-08]
[1967, 2.7383638918178387e-08]
[1968, 0.0005013706485150491]
[1969, 0.0005013706485150491]
[1970, 0.0005013706485150491]
[1971, 0.0005013706485150491]
[1972, 6.271883117969978e-05]
[1973, 6.271338743540064e-05]
[1974, 6.271340231828052e-05]
[1975, 6.271884902362914e-05]
[1976, 3.1350933876087575e-05]
[1977, 3.1386058572070114e-05]
[1978, 6.2714731768005e-05]
[1979, 1.8917878569071428e-08]
[1980, 0.0005013706485150491]
[1981, 0.0005013706485150491]
[1982, 0.0005013706485150491]
[1983, 0.0005013706485150491]
[1984, 0.00012537589470408043]
[1985, 3.1386094563686174e-05]
[1986, 9.404341241713704e-05]
[1987, 3.136047887324572e-05]
[1988, 6.686856438671402e-05]
[1989, 5.018440103392297e-05]
[1990, 8.360150619116613e-05]
[1991, 4.059977980550107e-05]
[1992, 0.0005013706485150491]
[1993, 0.0005013706485150491]
[1994, 0.0005013706485150491]
[1995, 0.0005013706485150491]
[1996, 6.138453336995191e-06]
[1997, 2.790545308000197e-05]
[1998, 8.360077920782679e-05]
[1999, 3.399469979811012e-05]
[2000, 6.385163531530462e-05]
[2001, 0.00013494925600687213]
[2002, 8.728966314908869e-05]
[2003, 6.087567101299128e-05]
[2004, 0.0005013706485150491]
[2005, 0.0005013706485150491]
[2006, 0.0005013706485150491]
[2007, 0.0005013706485150491]
[2008, 8.358069346438639e-05]
[2009, 5.5753140482669686e-05]
[2010, 5.5753156244155e-05]
[2011, 1.2250246551794732e-05]
[2012, 6.598178223088738e-05]
[2013, 0.00012175845522100207]
[2014, 0.00011367156214459107]
[2015, 6.896367365608301e-05]
[2016, 0.0005013706485150491]
[2017, 0.0005013706485150491]
[2018, 0.0005013706485150491]
[2019, 0.0005013706485150491]
[2020, 9.730609997905185e-05]
[2021, 5.0950646427984503e-08]
[2022, 5.097013488089381e-08]
[2023, 1.546445602487037e-05]
[2024, 9.730615013277383e-05]
[2025, 5.0989638246562615e-08]
[2026, 5.100915654209958e-08]
[2027, 0.00029676265323204235]
[2028, 0.0005013706485150491]
[2029, 0.0005013706485150491]
[2030, 0.0005013706485150491]
[2031, 0.0005013706485150491]
[2032, 0.00029674101385934845]
[2033, 5.102868978467e-08]
[2034, 5.1048237991437335e-08]
[2035, 1.5460426278447014e-05]
[2036, 0.0002916247905676298]
[2037, 5.106780117960664e-08]
[2038, 5.108737936640926e-08]
[2039, 0.00030187673766930674]
[2040, 0.0005013706485150491]
[2041, 0.0005013706485150491]
[2042, 0.0005013706485150491]
[2043, 0.0005013706485150491]
[2044, 0.0003274384610221211]
[2045, 5.110697256909642e-08]
[2046, 5.112658080494305e-08]
[2047, 3.5932337909329974e-05]
[2048, 0.00034278507858977045]
[2049, 5.1146204091263584e-08]
[2050, 5.1165842445392084e-08]
[2051, 0.0002609490544549506]
[2052, 0.0005013706485150491]
[2053, 0.0005013706485150491]
[2054, 0.0005013706485150491]
[2055, 0.0005013706485150491]
[2056, 0.0002768058900628714]
[2057, 0.0001253703102908819]
[2058, 5.420679241249678e-08]
[2059, 6.10935544149251e-08]
[2060, 6.111985929137773e-08]
[2061, 5.422858923205862e-08]
[2062, 5.42504035860213e-08]
[2063, 0.00027683261407660984]
[2064, 0.0005013706485150491]
[2065, 0.0005013706485150491]
[2066, 0.0005013706485150491]
[2067, 0.0005013706485150491]
[2068, 8.360476046544658e-05]
[2069, 4.182815968359495e-05]
[2070, 5.649641031010543e-08]
[2071, 4.752997363919074e-05]
[2072, 3.5846130294691596e-05]
[2073, 3.5860999281240504e-05]
[2074, 5.675100903109029e-08]
[2075, 0.000291527407906754]
[2076, 0.0005013706485150491]
[2077, 0.0005013706485150491]
[2078, 0.0005013706485150491]
[2079, 0.0005013706485150491]
[2080, 7.165040925284955e-05]
[2081, 3.586103631157353e-05]
[2082, 3.586105421566684e-05]
[2083, 5.853866761071921e-06]
[2084, 5.5718145228997194e-05]
[2085, 5.575317201661312e-05]
[2086, 8.360083279672378e-05]
[2087, 0.00023440683103638488]
[2088, 0.0005013706485150491]
[2089, 0.0005013706485150491]
[2090, 0.0005013706485150491]
[2091, 0.0005013706485150491]
[2092, 3.582650869583093e-05]
[2093, 3.58610721328884e-05]
[2094, 7.166534438254097e-05]
[2095, 5.85388244434067e-06]
[2096, 2.7867217921739413e-05]
[2097, 5.575320272876004e-05]
[2098, 5.5753218533601994e-05]
[2099, 0.00023440683395686775]
[2100, 0.0005013706485150491]
[2101, 0.0005013706485150491]
[2102, 0.0005013706485150491]
[2103, 0.0005013706485150491]
[2104, 3.582651278716617e-05]
[2105, 3.586110673974059e-05]
[2106, 7.166537339521895e-05]
[2107, 5.853890554438304e-06]
[2108, 2.7867221838165577e-05]
[2109, 5.5753234349462104e-05]
[2110, 5.5753250176351836e-05]
[2111, 0.00023440683687800103]
[2112, 0.0005013706485150491]
[2113, 0.0005013706485150491]
[2114, 0.0005013706485150491]
[2115, 0.0005013706485150491]
[2116, 0.0005013706485150491]
[2117, 0.0005013706485150491]
[2118, 0.0005013706485150491]
[2119, 0.0005013706485150491]
[2120, 0.0005013706485150491]
[2121, 0.0005013706485150491]
[2122, 0.0005013706485150491]
[2123, 0.0005013706485150491]
[2124, 0.0005013706485150491]
[2125, 0.0005013706485150491]
[2126, 0.0005013706485150491]
[2127, 0.0005013706485150491]
[2128, 0.0005013706485150491]
[2129, 0.0005013706485150491]
[2130, 0.0005013706485150491]
[2131, 0.0005013706485150491]
[2132, 0.0005013706485150491]
[2133, 0.0005013706485150491]
[2134, 0.0005013706485150491]
[2135, 0.0005013706485150491]
[2136, 0.0005013706485150491]
[2137, 0.0005013706485150491]
[2138, 0.0005013706485150491]
[2139, 0.0005013706485150491]
[2140, 0.0005013706485150491]
[2141, 0.0005013706485150491]
[2142, 0.0005013706485150491]
[2143, 0.0005013706485150491]
[2144, 0.0005013706485150491]
[2145, 0.0005013706485150491]
[2146, 0.0005013706485150491]
[2147, 0.0005013706485150491]
[2148, 0.0005013706485150491]
[2149, 0.0005013706485150491]
[2150, 0.0005013706485150491]
[2151, 0.0005013706485150491]
[2152, 0.0005013706485150491]
[2153, 0.0005013706485150491]
[2154, 0.0005013706485150491]
[2155, 0.0005013706485150491]
[2156, 0.0005013706485150491]
[2157, 0.0005013706485150491]
[2158, 0.0005013706485150491]
[2159, 0.0005013706485150491]
[2160, 0.0005013706485150491]
[2161, 0.0005013706485150491]
[2162, 0.0005013706485150491]
[2163, 0.0005013706485150491]
[2164, 0.0002916213099625944]
[2165, 5.118549588468594e-08]
[2166, 5.1205164426532725e-08]
[2167, 0.0003274591460199044]
[2168, 0.00012537445814591073]
[2169, 0.0001253703520448299]
[2170, 5.428867970821521e-08]
[2171, 0.0002663862781190499]
[2172, 0.0005013706485150491]
[2173, 0.0005013706485150491]
[2174, 0.0005013706485150491]
[2175, 0.0005013706485150491]
[2176, 6.041113126441753e-08]
[2177, 5.122484808834544e-08]
[2178, 5.124454688756424e-08]
[2179, 0.0003734966434582745]
[2180, 5.2825535504503245e-06]
[2181, 0.00012537037158918846]
[2182, 5.432700987387987e-08]
[2183, 0.00028205588475688947]
[2184, 0.0005013706485150491]
[2185, 0.0005013706485150491]
[2186, 0.0005013706485150491]
[2187, 0.0005013706485150491]
[2188, 6.043719106557412e-08]
[2189, 5.126426084165414e-08]
[2190, 5.1283989968119044e-08]
[2191, 0.00037349664522967006]
[2192, 5.282579390364701e-06]
[2193, 0.00012537039116115354]
[2194, 5.436539419755918e-08]
[2195, 0.00028205588907343854]
[2196, 0.0005013706485150491]
[2197, 0.0005013706485150491]
[2198, 0.0005013706485150491]
[2199, 0.0005013706485150491]
[2200, 6.046327335687785e-08]
[2201, 5.1303734284466065e-08]
[2202, 5.132349380826041e-08]
[2203, 0.0003734966470013011]
[2204, 5.282605252564091e-06]
[2205, 0.0001253704107607837]
[2206, 5.440383279409817e-08]
[2207, 0.00028205589339105414]
[2208, 0.0005013706485150491]
[2209, 0.0005013706485150491]
[2210, 0.0005013706485150491]
[2211, 0.0005013706485150491]
[2212, 0.0005013706485150491]
[2213, 0.0005013706485150491]
[2214, 0.0005013706485150491]
[2215, 0.0005013706485150491]
[2216, 0.0005013706485150491]
[2217, 0.0005013706485150491]
[2218, 0.0005013706485150491]
[2219, 0.0005013706485150491]
[2220, 0.0005013706485150491]
[2221, 0.0005013706485150491]
[2222, 0.0005013706485150491]
[2223, 0.0005013706485150491]
[2224, 0.0005013706485150491]
[2225, 0.0005013706485150491]
[2226, 0.0005013706485150491]
[2227, 0.0005013706485150491]
[2228, 0.0005013706485150491]
[2229, 0.0005013706485150491]
[2230, 0.0005013706485150491]
[2231, 0.0005013706485150491]
[2232, 0.0005013706485150491]
[2233, 0.0005013706485150491]
[2234, 0.0005013706485150491]
[2235, 0.0005013706485150491]
[2236, 0.0005013706485150491]
[2237, 0.0005013706485150491]
[2238, 0.0005013706485150491]
[2239, 0.0005013706485150491]
[2240, 0.0005013706485150491]
[2241, 0.0005013706485150491]
[2242, 0.0005013706485150491]
[2243, 0.0005013706485150491]
[2244, 0.0005013706485150491]
[2245, 0.0005013706485150491]
[2246, 0.0005013706485150491]
[2247, 0.0005013706485150491]
[2248, 0.00025068769638999865]
[2249, 5.134326855706289e-08]
[2250, 0.00025068635151869243]
[2251, 0.0003428059409447904]
[2252, 6.580710674947994e-08]
[2253, 5.442578837866435e-08]
[2254, 0.0001253704415990105]
[2255, 0.00028205332718774987]
[2256, 0.0005013706485150491]
[2257, 0.0005013706485150491]
[2258, 0.0005013706485150491]
[2259, 0.0005013706485150491]
[2260, 1.5421345169631776e-05]
[2261, 5.1372959265480305e-08]
[2262, 5.139277215388731e-08]
[2263, 0.0003428059435687868]
[2264, 6.124511739361402e-08]
[2265, 5.446431244619444e-08]
[2266, 5.448631687772602e-08]
[2267, 0.00027683262285572204]
[2268, 0.0005013706485150491]
[2269, 0.0005013706485150491]
[2270, 0.0005013706485150491]
[2271, 0.0005013706485150491]
[2272, 1.5421376989571545e-05]
[2273, 5.141260032902837e-08]
[2274, 5.143244380860878e-08]
[2275, 0.0003428059461932109]
[2276, 6.127155296091819e-08]
[2277, 5.450833909481749e-08]
[2278, 5.4530379119042405e-08]
[2279, 0.00027683262724696625]
[2280, 0.0005013706485150491]
[2281, 0.0005013706485150491]
[2282, 0.0005013706485150491]
[2283, 0.0005013706485150491]
[2284, 1.542140883715954e-05]
[2285, 5.1452302610348774e-08]
[2286, 5.147217675200501e-08]
[2287, 0.0003428059488180644]
[2288, 6.129801135644926e-08]
[2289, 5.455243697199506e-08]
[2290, 5.4574512675325076e-08]
[2291, 0.0002768326316393375]
[2292, 0.0005013706485150491]
[2293, 0.0005013706485150491]
[2294, 0.0005013706485150491]
[2295, 0.0005013706485150491]
[2296, 1.5421440712431826e-05]
[2297, 5.149206625135948e-08]
[2298, 5.1511971126207015e-08]
[2299, 0.00034280595144334637]
[2300, 6.132449260980052e-08]
[2301, 5.459660625070699e-08]
[2302, 5.461871771984996e-08]
[2303, 0.00027683263603283477]
[2304, 0.0005013706485150491]
[2305, 0.0005013706485150491]
[2306, 0.0005013706485150491]
[2307, 0.0005013706485150491]
[2308, 0.0005013706485150491]
[2309, 0.0005013706485150491]
[2310, 0.0005013706485150491]
[2311, 0.0005013706485150491]
[2312, 0.0005013706485150491]
[2313, 0.0005013706485150491]
[2314, 0.0005013706485150491]
[2315, 0.0005013706485150491]
[2316, 0.0005013706485150491]
[2317, 0.0005013706485150491]
[2318, 0.0005013706485150491]
[2319, 0.0005013706485150491]
[2320, 0.0005013706485150491]
[2321, 0.0005013706485150491]
[2322, 0.0005013706485150491]
[2323, 0.0005013706485150491]
[2324, 0.0005013706485150491]
[2325, 0.0005013706485150491]
[2326, 0.0005013706485150491]
[2327, 0.0005013706485150491]
[2328, 0.0005013706485150491]
[2329, 0.0005013706485150491]
[2330, 0.0005013706485150491]
[2331, 0.0005013706485150491]
[2332, 0.0005013706485150491]
[2333, 0.0005013706485150491]
[2334, 0.0005013706485150491]
[2335, 0.0005013706485150491]
[2336, 0.0005013706485150491]
[2337, 0.0005013706485150491]
[2338, 0.0005013706485150491]
[2339, 0.0005013706485150491]
[2340, 0.00012289803181514386]
[2341, 5.153189139439397e-08]
[2342, 5.155182707377868e-08]
[2343, 0.00029164611127594913]
[2344, 0.0001126629301544963]
[2345, 5.15717781822556e-08]
[2346, 5.159174473773221e-08]
[2347, 0.00027630114545962943]
[2348, 9.731356651213094e-05]
[2349, 5.18016377317695e-06]
[2350, 5.1611726758160673e-08]
[2351, 0.00027118217461845226]
[2352, 9.730983849656552e-05]
[2353, 5.1631724261510266e-08]
[2354, 5.1651737265786925e-08]
[2355, 0.0002711798626892533]
[2356, 9.730990244324409e-05]
[2357, 5.167176578902113e-08]
[2358, 5.169180984925881e-08]
[2359, 0.00026606798426353817]
[2360, 9.219204335123788e-05]
[2361, 5.180192278211784e-06]
[2362, 5.1711869464597527e-08]
[2363, 0.00025582588320024286]
[2364, 0.00030697347345876795]
[2365, 5.17319446531416e-08]
[2366, 5.1752035433040254e-08]
[2367, 0.00026606108675908456]
[2368, 0.00012810767816393093]
[2369, 5.5719687996013736e-08]
[2370, 5.57421294092381e-08]
[2371, 2.73932490228212e-08]
[2372, 0.0002071152609535672]
[2373, 1.0962936181414643e-05]
[2374, 5.5764588904584393e-08]
[2375, 2.7412489480494833e-08]
[2376, 0.00032232223450558893]
[2377, 5.1772141822447204e-08]
[2378, 5.1792263839582544e-08]
[2379, 0.0002609402784801889]
[2380, 0.0001894261069356292]
[2381, 5.619504692826538e-08]
[2382, 5.621755415384228e-08]
[2383, 1.731625331696653e-08]
[2384, 0.00017475267281242383]
[2385, 9.500211396412696e-05]
[2386, 5.6518823414444735e-08]
[2387, 3.405017110398155e-08]
[2388, 0.0003069734752732643]
[2389, 5.1668031791363545e-06]
[2390, 5.18325548299203e-08]
[2391, 0.00026605670205650167]
[2392, 2.4789044764121993e-08]
[2393, 5.885493590137114e-06]
[2394, 5.691778045732447e-08]
[2395, 4.166126732046251e-05]
[2396, 2.9789659768461176e-08]
[2397, 9.583642313570064e-05]
[2398, 2.7905631851341937e-05]
[2399, 8.969971516811956e-05]
[2400, 0.0005013706485150491]
[2401, 0.0005013706485150491]
[2402, 0.0005013706485150491]
[2403, 0.0005013706485150491]
[2404, 0.0005013706485150491]
[2405, 0.0005013706485150491]
[2406, 0.0005013706485150491]
[2407, 0.0005013706485150491]
[2408, 0.0005013706485150491]
[2409, 0.0005013706485150491]
[2410, 0.0005013706485150491]
[2411, 0.0005013706485150491]
[2412, 0.0005013706485150491]
[2413, 0.0005013706485150491]
[2414, 0.0005013706485150491]
[2415, 0.0005013706485150491]
[2416, 0.0005013706485150491]
[2417, 0.0005013706485150491]
[2418, 0.0005013706485150491]
[2419, 0.0005013706485150491]
[2420, 0.0005013706485150491]
[2421, 0.0005013706485150491]
[2422, 0.0005013706485150491]
[2423, 0.0005013706485150491]
[2424, 0.00010242405101308608]
[2425, 5.185272383967322e-08]
[2426, 5.1872908550207146e-08]
[2427, 0.00029164613898103914]
[2428, 9.730622494348174e-05]
[2429, 5.1893108979880796e-08]
[2430, 5.1913325147044063e-08]
[2431, 0.00027629871465990506]
[2432, 9.730626239014224e-05]
[2433, 5.180220808592401e-06]
[2434, 5.193355707010543e-08]
[2435, 0.0002711821957761958]
[2436, 0.0003069734770883162]
[2437, 5.195380476749039e-08]
[2438, 5.197406825764212e-08]
[2439, 0.00027629640679769415]
[2440, 0.0003172040576737734]
[2441, 5.1994347559056486e-08]
[2442, 5.201464269024088e-08]
[2443, 0.00027630114994525826]
[2444, 0.00033255470056696364]
[2445, 1.0295017128473465e-05]
[2446, 5.2034953669731876e-08]
[2447, 0.00026605882389198643]
[2448, 0.00033255470225600355]
[2449, 5.2055280516107003e-08]
[2450, 5.207562324795047e-08]
[2451, 0.00027117106844156037]
[2452, 0.0002234638707920001]
[2453, 5.5787066503910564e-08]
[2454, 5.580956222911954e-08]
[2455, 2.742211984775018e-08]
[2456, 5.476311916280053e-06]
[2457, 1.0962963559033602e-05]
[2458, 5.5832076102142384e-08]
[2459, 2.743175698345341e-08]
[2460, 0.0003069734853508928]
[2461, 5.2095981883911553e-08]
[2462, 5.211635644263145e-08]
[2463, 0.0002660567094043549]
[2464, 0.00011700985414709431]
[2465, 5.624007941383975e-08]
[2466, 5.6262622729939295e-08]
[2467, 1.7322159048885612e-08]
[2468, 0.00010449110427099552]
[2469, 5.323190715965765e-05]
[2470, 5.654125430721007e-08]
[2471, 2.1559199738099708e-08]
[2472, 0.00030697349644434027]
[2473, 5.167121037667698e-06]
[2474, 5.215715340313423e-08]
[2475, 0.0002660546732304806]
[2476, 2.4813138321019094e-08]
[2477, 5.88553733974781e-06]
[2478, 5.696258272792647e-08]
[2479, 5.853906791093061e-06]
[2480, 2.9799590923629108e-08]
[2481, 0.00010194914271842047]
[2482, 2.790565088471576e-05]
[2483, 8.35791806363323e-05]
[2484, 0.00027627441466758105]
[2485, 5.2177575842377184e-08]
[2486, 5.219801427930947e-08]
[2487, 0.0002660546766827533]
[2488, 2.7642365985136515e-08]
[2489, 3.138612948988458e-05]
[2490, 3.1386148088764146e-05]
[2491, 2.7633552722316402e-08]
[2492, 3.4360097970972826e-08]
[2493, 0.00011768760931157751]
[2494, 4.1829814624731877e-05]
[2495, 4.179425859128845e-05]
[2496, 0.0005013706485150491]
[2497, 0.0005013706485150491]
[2498, 0.0005013706485150491]
[2499, 0.0005013706485150491]
[2500, 0.0005013706485150491]
[2501, 0.0005013706485150491]
[2502, 0.0005013706485150491]
[2503, 0.0005013706485150491]
[2504, 0.0005013706485150491]
[2505, 0.0005013706485150491]
[2506, 0.0005013706485150491]
[2507, 0.0005013706485150491]
[2508, 0.0003069734982658811]
[2509, 5.2218468732719904e-08]
[2510, 5.223893922145416e-08]
[2511, 0.0002916461429427558]
[2512, 0.00030697350008798056]
[2513, 5.225942576437283e-08]
[2514, 5.227992838036436e-08]
[2515, 0.0002967626847999284]
[2516, 0.0003223222362593525]
[2517, 5.180277945526341e-06]
[2518, 5.230044708835229e-08]
[2519, 0.0002762987523847205]
[2520, 0.00033255470563540545]
[2521, 5.232098190729254e-08]
[2522, 5.234153285615521e-08]
[2523, 0.0002711776146358199]
[2524, 0.00011265926907084916]
[2525, 5.236209995396278e-08]
[2526, 5.238268321974398e-08]
[2527, 0.0002660679982976528]
[2528, 0.00010242411391919482]
[2529, 6.553990935594805e-08]
[2530, 5.240328267258481e-08]
[2531, 0.0002609402896336846]
[2532, 0.0003069716105736115]
[2533, 5.2423898331573e-08]
[2534, 5.244453021585239e-08]
[2535, 0.00026605671675684374]
[2536, 0.00012810535434131938]
[2537, 5.585460814494484e-08]
[2538, 5.587715837953407e-08]
[2539, 2.7441400894739073e-08]
[2540, 0.00013900654746569526]
[2541, 1.6411318113083282e-05]
[2542, 5.589972682793839e-08]
[2543, 2.745105158876012e-08]
[2544, 0.00033254880325635136]
[2545, 5.167442900441434e-06]
[2546, 5.248584273692538e-08]
[2547, 0.00026605468359066026]
[2548, 0.00020613606180182401]
[2549, 5.6285184123862465e-08]
[2550, 5.630776361734992e-08]
[2551, 1.732806881026936e-08]
[2552, 0.0002005666996290257]
[2553, 5.635944586413076e-06]
[2554, 5.633036123221142e-08]
[2555, 5.014882719684365e-05]
[2556, 0.0002813906402494046]
[2557, 5.250652341214183e-08]
[2558, 5.167503701645431e-06]
[2559, 0.0002609402970753855]
[2560, 2.482154011052676e-08]
[2561, 5.6985010319950913e-08]
[2562, 4.168983343995335e-05]
[2563, 3.583218983478854e-05]
[2564, 2.4829947591314416e-08]
[2565, 1.1726902614981448e-05]
[2566, 7.749407843257177e-05]
[2567, 9.024674823836689e-09]
[2568, 0.00031208597538702796]
[2569, 5.254793368817677e-08]
[2570, 5.2568663327595625e-08]
[2571, 0.00026605469050305566]
[2572, 2.765170023765375e-08]
[2573, 3.1386166701356767e-05]
[2574, 6.024905651189819e-06]
[2575, 2.7661040795817002e-08]
[2576, 2.509626436927693e-05]
[2577, 8.77883408206615e-05]
[2578, 6.323825327154749e-06]
[2579, 2.5078456359748777e-05]
[2580, 5.186247580553528e-06]
[2581, 5.258940932706072e-08]
[2582, 5.261017170595048e-08]
[2583, 0.00026095140295728493]
[2584, 4.3313323811282574e-05]
[2585, 3.138620508790097e-05]
[2586, 9.404349225835404e-05]
[2587, 3.7647595130136415e-08]
[2588, 2.5106277998293476e-05]
[2589, 8.151688986182726e-05]
[2590, 0.00010030957582842187]
[2591, 2.5078459221479192e-05]
[2592, 0.0003325547073257682]
[2593, 5.263095048366305e-08]
[2594, 5.265174567963272e-08]
[2595, 0.0002814153027710389]
[2596, 0.0001075452561387956]
[2597, 5.2672557313333434e-08]
[2598, 5.269338540424697e-08]
[2599, 0.00027629876542466074]
[2600, 0.00010242415169956779]
[2601, 5.175343007540379e-06]
[2602, 5.271422997191329e-08]
[2603, 0.0002660610950184951]
[2604, 0.0003069716153024486]
[2605, 5.2735091035889396e-08]
[2606, 5.2755968615760715e-08]
[2607, 0.0002660588632719758]
[2608, 0.0003172040607719764]
[2609, 5.277686273115183e-08]
[2610, 5.2797773401703646e-08]
[2611, 0.0002916461707017568]
[2612, 0.0003172040623217715]
[2613, 6.556910287228483e-08]
[2614, 5.2818700647111766e-08]
[2615, 0.00027628752631761737]
[2616, 0.0003376649477803983]
[2617, 5.283964448708059e-08]
[2618, 5.286060494135713e-08]
[2619, 0.0002711710889299595]
[2620, 0.0003376709409841218]
[2621, 5.288158202971718e-08]
[2622, 5.290257577196714e-08]
[2623, 0.00026094681177133783]
[2624, 0.00034278510225792936]
[2625, 5.175368633545644e-06]
[2626, 5.292358618794946e-08]
[2627, 0.0002660507987933736]
[2628, 0.00027627441632205644]
[2629, 5.29446132975386e-08]
[2630, 5.2965657120626266e-08]
[2631, 0.0002609403045219216]
[2632, 0.00029673747496350813]
[2633, 5.29867176771483e-08]
[2634, 5.300779498707649e-08]
[2635, 0.00027629876977357747]
[2636, 0.0003069716184574945]
[2637, 6.055460115703936e-08]
[2638, 5.302888907040647e-08]
[2639, 0.0002711671140462186]
[2640, 0.00030697162003576455]
[2641, 5.168016025611973e-06]
[2642, 5.307112763740877e-08]
[2643, 0.0002609363595076362]
[2644, 6.135099675059273e-08]
[2645, 5.464084710449761e-08]
[2646, 5.466299442643008e-08]
[2647, 0.00026638395795996713]
[2648, 6.13775238085188e-08]
[2649, 5.287156140777452e-06]
[2650, 5.468515970746956e-08]
[2651, 0.0002663729554410445]
[2652, 2.0541813460155483e-05]
[2653, 5.309227216124259e-08]
[2654, 5.3113433538781256e-08]
[2655, 0.00026094237849562407]
[2656, 0.00011028130629688508]
[2657, 5.5141996107358425e-08]
[2658, 5.3877453167053995e-06]
[2659, 0.0003040556602450908]
[2660, 8.360390884953714e-05]
[2661, 6.195939240222194e-08]
[2662, 5.51865598046211e-08]
[2663, 0.00019917279761078713]
[2664, 0.00028139064190495824]
[2665, 5.313461179018075e-08]
[2666, 0.00025068638737366013]
[2667, 0.00026094238244379154]
[2668, 8.360394215201155e-05]
[2669, 5.520886867229079e-08]
[2670, 5.387810849025578e-06]
[2671, 0.0002987214240355367]
[2672, 8.360395732547072e-05]
[2673, 6.203070330062493e-08]
[2674, 5.525354055499413e-08]
[2675, 0.00019917551841917229]
[2676, 0.00028139064356111067]
[2677, 5.316641084974026e-08]
[2678, 0.00025068638801014893]
[2679, 0.0002609423863932056]
[2680, 8.360399070464047e-05]
[2681, 5.527590361385302e-08]
[2682, 5.387876540532492e-06]
[2683, 0.0002987214278226948]
[2684, 8.360400591306411e-05]
[2685, 6.21021785162684e-08]
[2686, 5.532068407641676e-08]
[2687, 0.0001991755296119577]
[2688, 0.0005013706485150491]
[2689, 0.0005013706485150491]
[2690, 0.0005013706485150491]
[2691, 0.0005013706485150491]
[2692, 0.0005013706485150491]
[2693, 0.0005013706485150491]
[2694, 0.0005013706485150491]
[2695, 0.0005013706485150491]
[2696, 0.0005013706485150491]
[2697, 0.0005013706485150491]
[2698, 0.0005013706485150491]
[2699, 0.0005013706485150491]
[2700, 0.0005013706485150491]
[2701, 0.0005013706485150491]
[2702, 0.0005013706485150491]
[2703, 0.0005013706485150491]
[2704, 0.0005013706485150491]
[2705, 0.0005013706485150491]
[2706, 0.0005013706485150491]
[2707, 0.0005013706485150491]
[2708, 0.0005013706485150491]
[2709, 0.0005013706485150491]
[2710, 0.0005013706485150491]
[2711, 0.0005013706485150491]
[2712, 0.0005013706485150491]
[2713, 0.0005013706485150491]
[2714, 0.0005013706485150491]
[2715, 0.0005013706485150491]
[2716, 0.0005013706485150491]
[2717, 0.0005013706485150491]
[2718, 0.0005013706485150491]
[2719, 0.0005013706485150491]
[2720, 0.0005013706485150491]
[2721, 0.0005013706485150491]
[2722, 0.0005013706485150491]
[2723, 0.0005013706485150491]
[2724, 0.0005013706485150491]
[2725, 0.0005013706485150491]
[2726, 0.0005013706485150491]
[2727, 0.0005013706485150491]
[2728, 0.0005013706485150491]
[2729, 0.0005013706485150491]
[2730, 0.0005013706485150491]
[2731, 0.0005013706485150491]
[2732, 0.0005013706485150491]
[2733, 0.0005013706485150491]
[2734, 0.0005013706485150491]
[2735, 0.0005013706485150491]
[2736, 0.0005013706485150491]
[2737, 0.0005013706485150491]
[2738, 0.0005013706485150491]
[2739, 0.0005013706485150491]
[2740, 0.0004092932770113125]
[2741, 5.319824798919881e-08]
[2742, 5.3219493938278324e-08]
[2743, 0.00027118220907526954]
[2744, 0.0003990632835140231]
[2745, 6.058078489600114e-08]
[2746, 5.324075686248596e-08]
[2747, 1.5446150427394083e-05]
[2748, 0.0005013706485150491]
[2749, 0.0005013706485150491]
[2750, 0.0005013706485150491]
[2751, 0.0005013706485150491]
[2752, 1.0303759918929672e-05]
[2753, 5.326203678218646e-08]
[2754, 5.168244692707154e-06]
[2755, 0.00030699325129026234]
[2756, 1.0306830335768932e-05]
[2757, 6.060699128577047e-08]
[2758, 5.33046476896007e-08]
[2759, 1.0342405645289259e-05]
[2760, 0.0005013706485150491]
[2761, 0.0005013706485150491]
[2762, 0.0005013706485150491]
[2763, 0.0005013706485150491]
[2764, 1.0303791299045597e-05]
[2765, 5.332597871818232e-08]
[2766, 5.1683074059512584e-06]
[2767, 0.0003069932548272091]
[2768, 1.0306862868985145e-05]
[2769, 6.063322035573388e-08]
[2770, 5.3368692027508514e-08]
[2771, 1.0342448825930594e-05]
[2772, 0.0005013706485150491]
[2773, 0.0005013706485150491]
[2774, 0.0005013706485150491]
[2775, 0.0005013706485150491]
[2776, 1.030382270663521e-05]
[2777, 5.339007434931635e-08]
[2778, 5.168370269997529e-06]
[2779, 0.00030699325836494693]
[2780, 1.0306895430518564e-05]
[2781, 6.06594721353514e-08]
[2782, 5.343289043010664e-08]
[2783, 1.034249204037275e-05]
[2784, 0.0005013706485150491]
[2785, 0.0005013706485150491]
[2786, 0.0005013706485150491]
[2787, 0.0005013706485150491]
[2788, 0.0005013706485150491]
[2789, 0.0005013706485150491]
[2790, 0.0005013706485150491]
[2791, 0.0005013706485150491]
[2792, 0.0005013706485150491]
[2793, 0.0005013706485150491]
[2794, 0.0005013706485150491]
[2795, 0.0005013706485150491]
[2796, 0.0005013706485150491]
[2797, 0.0005013706485150491]
[2798, 0.0005013706485150491]
[2799, 0.0005013706485150491]
[2800, 0.0005013706485150491]
[2801, 0.0005013706485150491]
[2802, 0.0005013706485150491]
[2803, 0.0005013706485150491]
[2804, 0.0005013706485150491]
[2805, 0.0005013706485150491]
[2806, 0.0005013706485150491]
[2807, 0.0005013706485150491]
[2808, 0.0005013706485150491]
[2809, 0.0005013706485150491]
[2810, 0.0005013706485150491]
[2811, 0.0005013706485150491]
[2812, 0.0005013706485150491]
[2813, 0.0005013706485150491]
[2814, 0.0005013706485150491]
[2815, 0.0005013706485150491]
[2816, 0.0005013706485150491]
[2817, 0.0005013706485150491]
[2818, 0.0005013706485150491]
[2819, 0.0005013706485150491]
[2820, 0.0005013706485150491]
[2821, 0.0005013706485150491]
[2822, 0.0005013706485150491]
[2823, 0.0005013706485150491]
[2824, 2.5656434049537563e-05]
[2825, 5.3454324230351544e-08]
[2826, 5.347577523139586e-08]
[2827, 0.00028141541520376024]
[2828, 2.5656466629153062e-05]
[2829, 6.559832240439565e-08]
[2830, 5.349724345394341e-08]
[2831, 5.207615089247743e-06]
[2832, 0.0005013706485150491]
[2833, 0.0005013706485150491]
[2834, 0.0005013706485150491]
[2835, 0.0005013706485150491]
[2836, 3.0776789475707056e-05]
[2837, 5.351872891874442e-08]
[2838, 5.354023164658166e-08]
[2839, 0.0002814154194837565]
[2840, 0.0004246417519688051]
[2841, 6.068574665413472e-08]
[2842, 5.3561751658259555e-08]
[2843, 5.204156695293736e-06]
[2844, 0.0005013706485150491]
[2845, 0.0005013706485150491]
[2846, 0.0005013706485150491]
[2847, 0.0005013706485150491]
[2848, 3.0776924572583104e-05]
[2849, 5.35832889746313e-08]
[2850, 5.360484361657329e-08]
[2851, 0.000281415423764832]
[2852, 0.00042464175255697693]
[2853, 6.071204394163696e-08]
[2854, 5.362641560499913e-08]
[2855, 5.204341434531134e-06]
[2856, 0.0005013706485150491]
[2857, 0.0005013706485150491]
[2858, 0.0005013706485150491]
[2859, 0.0005013706485150491]
[2860, 3.077702619267383e-05]
[2861, 5.364800496085601e-08]
[2862, 5.3669611705124953e-08]
[2863, 0.0002814154280469877]
[2864, 0.0004246417531452089]
[2865, 6.073836402745035e-08]
[2866, 5.369123585881392e-08]
[2867, 5.204415547238629e-06]
[2868, 0.0005013706485150491]
[2869, 0.0005013706485150491]
[2870, 0.0005013706485150491]
[2871, 0.0005013706485150491]
[2872, 3.077709408157103e-05]
[2873, 5.3712877442983696e-08]
[2874, 5.373453647870789e-08]
[2875, 0.00028141543233022455]
[2876, 0.0004246417537335011]
[2877, 6.076470694125346e-08]
[2878, 5.375621298710028e-08]
[2879, 5.204489784421861e-06]
