0
0
0
0
0
0
0
0
0
0
3.5554291402970313e-06
3.5566557433710943e-06
3.5578831930775613e-06
3.559111490293861e-06
3.5603406358977903e-06
3.561570630769087e-06
3.5628014757879913e-06
3.5640331718360607e-06
3.565265719796626e-06
3.5664991205534846e-06
3.567733374992125e-06
3.568968483998946e-06
3.57020444846245e-06
3.6458462957140985e-06
3.6471094871667228e-06
3.7259985234868748e-06
3.7272900912708257e-06
3.7285825547726704e-06
3.729875914925283e-06
3.7311701726614757e-06
3.732465328916246e-06
3.733761384626131e-06
4.281652244248259e-06
7.167699806554341e-06
7.170166681784638e-06
7.172635255620211e-06
7.324586895019829e-06
7.327109274827752e-06
7.329015628552386e-06
7.331541060056433e-06
7.3340682325796574e-06
7.336597147924286e-06
7.495279463378922e-06
7.497452339780992e-06
7.500038954878922e-06
7.502627355347587e-06
7.505217543034932e-06
7.507809519791718e-06
7.84419898913967e-06
7.84690728679165e-06
7.849617455222494e-06
7.852329496371845e-06
8.416117941621742e-06
8.419022992281002e-06
1.0828195777463384e-05
1.083190992188555e-05
1.1061368836268874e-05
1.1065163065645601e-05
1.1304469683948817e-05
1.1554180934720567e-05
1.1558142720155376e-05
1.156210722339948e-05
1.1823098323857877e-05
1.2095952392310917e-05
1.210009927184849e-05
1.2385743158402662e-05
1.2684988544471188e-05
1.4502096593193031e-05
1.4507040510306896e-05
1.4511987799414727e-05
1.451693846396442e-05
1.4521892507412709e-05
1.4526849933219687e-05
1.4531810744850348e-05
1.4536774945774751e-05
1.4541742539468108e-05
1.4546713529408922e-05
1.4551687919080116e-05
1.4556665711972427e-05
1.4865014555569096e-05
1.4870098497299013e-05
1.487518591768098e-05
1.4880276820286398e-05
1.4885371208693469e-05
1.5207287577685495e-05
1.5212492665421028e-05
1.5217701317499473e-05
1.55538464405746e-05
1.555917046662343e-05
1.591037587509819e-05
1.627754334762015e-05
1.6283109286381234e-05
1.828321115931112e-05
1.8289430690728745e-05
1.8676813922843358e-05
1.9080678687735928e-05
1.9087161252678703e-05
1.9093648223912002e-05
1.9515360032149837e-05
1.9955810907406627e-05
