0	-2.3755102040816425
1	-6.5
2	-14.231075697211178
3	-4.7444444444444684
4	-2.0285714285714107
5	-6.5
6	-17.55378486055777
7	-4.7444444444444684
8	-2.8244897959183533
9	-10.933333333333309
10	-21.19521912350598
11	-4.90999999999989
12	-5.073469387755097
13	-6.7722222222222115
14	-14.231075697211178
15	-5.178571428571466
16	-5.79591836734695
17	-6.7722222222222115
18	-17.55378486055777
19	-5.178571428571466
20	-8.020408163265301
21	-11.988888888888852
22	-21.19521912350598
23	-2.814977973568311
24	-5.073469387755097
25	-7.217948717948715
26	-12.649402390438258
27	-5.178571428571466
28	-5.79591836734695
29	-7.217948717948715
30	-16.880478087649422
31	-5.178571428571466
32	-8.020408163265301
33	-12.811111111111103
34	-21.693227091633474
35	-2.814977973568311
36	-7.636734693877571
37	-7.854700854700852
38	-12.649402390438258
39	-5.386904761904766
40	-9.767346938775518
41	-7.854700854700852
42	-16.880478087649422
43	-5.386904761904766
44	-13.41632653061226
45	-13.766666666666652
46	-21.693227091633474
47	-0.958579881656803
48	-7.636734693877571
49	-8.170940170940185
50	-12.649402390438258
51	-5.386904761904766
52	-9.767346938775518
53	-8.170940170940185
54	-16.880478087649422
55	-5.386904761904766
56	-13.41632653061226
57	-14.794444444444437
58	-21.693227091633474
59	-0.958579881656803
60	-9.428571428571416
61	-8.448717948717956
62	-12.209876543209909
63	-4.511904761904795
64	-12.473469387755088
65	-8.448717948717956
66	-17.21940928270036
67	-4.511904761904795
69	-15.716666666666683
70	-23.649789029535867
71	-0.972222222222257
72	-9.428571428571416
73	-8.559829059829042
74	-12.209876543209909
75	-4.511904761904795
76	-12.473469387755088
77	-8.559829059829042
78	-17.21940928270036
79	-4.511904761904795
81	-16.38333333333334
82	-23.649789029535867
83	-0.972222222222257
84	-10.587755102040802
85	-8.67094017094017
86	-12.209876543209909
87	-4.178571428571431
88	-13.89387755102043
89	-8.67094017094017
90	-17.21940928270036
91	-4.178571428571431
93	-16.661111111111154
94	-23.649789029535867
95	-2.2166666666667396
96	-0.27346938775508534
97	-7.567685589519655
98	-15.039840637450222
99	-4.129533678756474
100	-1.0693877551020137
101	-7.567685589519655
102	-18.681274900398407
103	-4.129533678756474
104	-2.8489795918367093
105	-12.364102564102552
106	-23.227091633466117
107	-0.3290598290598368
108	-3.493877551020418
109	-8.139737991266358
110	-15.039840637450222
111	-3.532544378698212
112	-5.71836734693877
113	-8.139737991266358
114	-18.681274900398407
115	-3.532544378698212
116	-9.151020408163241
117	-12.912820512820502
118	-23.227091633466117
119	-0.8128078817733808
120	-3.493877551020418
121	-8.528384279475972
122	-13.776892430278902
123	-3.532544378698212
124	-5.71836734693877
125	-8.528384279475972
126	-18.58964143426296
127	-3.532544378698212
128	-9.151020408163241
129	-13.715789473684168
130	-23.856573705179272
131	-0.8128078817733808
132	-6.918367346938801
133	-8.663755458515254
134	-13.776892430278902
135	-2.8595505617976755
136	-10.567346938775543
137	-8.663755458515254
138	-18.58964143426296
139	-2.8595505617976755
140	-15.265306122448962
141	-14.647368421052619
142	-23.856573705179272
143	-2.1970443349753026
144	-6.918367346938801
145	-8.850000000000037
146	-13.776892430278902
147	-2.8595505617976755
148	-10.567346938775543
149	-8.850000000000037
150	-18.58964143426296
151	-2.8595505617976755
152	-15.265306122448962
153	-15.436842105263153
154	-23.856573705179272
155	-2.1970443349753026
156	-9.130612244897968
157	-9.388888888888943
158	-12.662551440329239
159	-2.244444444444433
161	-9.388888888888943
162	-19.07594936708864
163	-2.244444444444433
164	-19.146938775510193
165	-0.48290598290593323
166	-25.641350210970444
167	-3.6444444444444883
168	-9.130612244897968
169	-9.755555555555588
170	-12.662551440329239
171	-2.244444444444433
173	-9.755555555555588
174	-19.07594936708864
175	-2.244444444444433
176	-19.146938775510193
177	-0.7735042735042441
178	-25.641350210970444
179	-3.6444444444444883
180	-10.220408163265304
181	-9.911111111111154
182	-12.662551440329239
183	-2.91111111111114
185	-9.911111111111154
186	-19.07594936708864
187	-2.91111111111114
189	-0.9999999999999574
190	-25.641350210970444
191	-1.3842105263157976
192	-1.873362445414827
193	-9.151898734177195
194	-15.25896414342634
195	-0.3632478632478495
196	-2.886462882096083
197	-9.151898734177195
198	-19.804780876494043
199	-0.3632478632478495
200	-3.7346938775510097
201	-17.826732673267344
202	-24.450199203187275
203	-1.3349753694581068
204	-3.8471615720524
205	-9.890295358649794
206	-15.25896414342634
207	-1.9113300492610747
208	-7.1714285714285495
209	-9.890295358649794
210	-19.804780876494043
211	-1.9113300492610747
212	-10.885714285714315
213	-18.351485148514854
214	-24.450199203187275
215	-3.5418719211822776
216	-3.8471615720524
217	-10.329113924050674
218	-16.738888888888916
219	-1.9113300492610747
220	-7.1714285714285495
221	-10.329113924050674
222	-22.13333333333337
223	-1.9113300492610747
224	-10.885714285714315
225	-18.995049504950487
226	-27.77777777777777
227	-3.5418719211822776
228	-8.142857142857167
229	-10.531645569620252
230	-16.738888888888916
231	-3.1970443349753523
232	-12.840816326530614
233	-10.531645569620252
234	-22.13333333333337
235	-3.1970443349753523
236	-17.75918367346941
237	-20.01980198019797
238	-27.77777777777777
239	-4.995073891625637
240	-8.142857142857167
241	-10.713080168776372
242	-16.738888888888916
243	-3.1970443349753523
244	-12.840816326530614
245	-10.713080168776372
246	-22.13333333333337
247	-3.1970443349753523
248	-17.75918367346941
249	-20.698019801980166
250	-27.77777777777777
251	-4.995073891625637
252	-10.959183673469411
253	-11.111553784860533
254	-18.627777777777823
255	-3.6798029556650107
256	-16.379591836734676
257	-11.111553784860533
258	-25.238888888888937
259	-3.6798029556650107
260	-22.01632653061222
261	-21.31683168316829
262	-32.15555555555558
263	-4.542105263157964
264	-10.959183673469411
265	-11.286852589641398
266	-18.627777777777823
267	-3.6798029556650107
268	-16.379591836734676
269	-11.286852589641398
270	-25.238888888888937
271	-3.6798029556650107
272	-22.01632653061222
273	-10.35955056179779
274	-32.15555555555558
275	-4.542105263157964
276	-11.97551020408163
277	-11.454183266932233
278	-18.627777777777823
279	-3.758620689655146
280	-17.60408163265309
281	-11.454183266932233
282	-25.238888888888937
283	-3.758620689655146
284	-23.510204081632637
285	-11.039408866995018
286	-32.15555555555558
287	-4.557894736842201
288	-3.3711790393013246
289	-10.60396039603961
290	-15.530864197530839
291	-1.276923076923012
292	-4.192139737991255
293	-10.60396039603961
294	-20.629629629629605
295	-1.276923076923012
296	-6.06122448979599
297	-20.504950495049385
298	-25.22222222222222
299	-3.0640394088669467
300	-6.073469387755125
301	-10.688118811881196
302	-15.530864197530839
303	-2.6051282051281177
304	-9.787755102040819
305	-10.688118811881196
306	-20.629629629629605
307	-2.6051282051281177
308	-13.779591836734724
309	-21.89108910891079
310	-25.22222222222222
311	-3.9359605911329894
312	-6.073469387755125
313	-10.96039603960395
314	-19.627777777777823
315	-2.6051282051281177
316	-9.787755102040819
317	-10.96039603960395
318	-25.27222222222221
319	-2.6051282051281177
320	-13.779591836734724
321	-23.282178217821667
322	-30.1388888888889
323	-3.9359605911329894
324	-11.126530612244892
325	-11.673267326732628
326	-19.627777777777823
327	-3.4974358974358566
328	-16.0448979591837
329	-11.673267326732628
330	-25.27222222222221
331	-3.4974358974358566
332	-21.195918367346934
333	-24.72277227722759
334	-30.1388888888889
335	-5.017142857142915
336	-11.126530612244892
337	-12.05940594059399
338	-19.627777777777823
339	-3.4974358974358566
340	-16.0448979591837
341	-12.05940594059399
342	-25.27222222222221
343	-3.4974358974358566
344	-21.195918367346934
345	-26.262376237623585
346	-30.1388888888889
347	-5.017142857142915
348	-14.29387755102043
349	-12.480198019801918
350	-22.977777777777845
351	-4.188571428571436
352	-19.930612244897958
353	-12.480198019801918
354	-29.894444444444545
355	-4.188571428571436
356	-25.77551020408164
357	-27.47524752475229
358	-35.844444444444434
359	-6.000000000000071
360	-14.29387755102043
361	-12.668316831683086
362	-22.977777777777845
363	-4.188571428571436
364	-19.930612244897958
365	-12.668316831683086
366	-29.894444444444545
367	-4.188571428571436
368	-25.77551020408164
369	-28.035897435897454
370	-35.844444444444434
371	-6.000000000000071
372	-15.253061224489826
373	-12.925742574257328
374	-22.977777777777845
375	-4.131428571428643
376	-21.159183673469386
377	-12.925742574257328
378	-29.894444444444545
379	-4.131428571428643
380	-7.86592178770951
381	-17.12875536480678
382	-35.844444444444434
384	-4.5591836734693345
385	-11.069306930692946
386	-18.604938271604908
387	-1.4187192118227046
388	-7.236734693877551
389	-11.069306930692946
390	-23.197530864197596
391	-1.4187192118227046
392	-9.991836734693834
393	-15.460396039603978
394	-26.96296296296292
395	-3.1947368421052147
396	-10.093877551020412
397	-11.891089108910762
398	-18.604938271604908
399	-2.029761904761912
400	-14.085714285714289
401	-11.891089108910762
402	-23.197530864197596
403	-2.029761904761912
404	-18.11836734693874
405	-17.361386138613852
406	-26.96296296296292
407	-3.4679802955665338
408	-10.093877551020412
409	-12.762376237623613
410	-22.126582278481024
411	-2.029761904761912
412	-14.085714285714289
413	-12.762376237623613
414	-27.425641025640978
415	-2.029761904761912
416	-18.11836734693874
417	-18.98514851485149
418	-32.48205128205127
419	-3.4679802955665338
420	-15.395918367346937
421	-13.673267326732486
422	-22.126582278481024
423	-2.857142857142904
424	-20.5469387755102
425	-13.673267326732486
426	-27.425641025640978
427	-2.857142857142904
428	-25.665306122448953
429	-20.123762376237636
430	-32.48205128205127
431	-5.166666666666671
432	-15.395918367346937
433	-14.683168316831484
434	-22.126582278481024
435	-2.857142857142904
436	-20.5469387755102
437	-14.683168316831484
438	-27.425641025640978
439	-2.857142857142904
440	-25.665306122448953
441	-21.53960396039608
442	-32.48205128205127
443	-5.166666666666671
444	-18.697959183673476
445	-15.654639175257756
446	-25.19444444444447
447	-3.629999999999967
448	-24.54285714285716
449	-15.654639175257756
450	-31.144444444444403
451	-3.629999999999967
452	-30.326530612244824
453	-22.567010309278317
454	-36.944444444444485
455	-6.619999999999948
456	-18.697959183673476
457	-16.10309278350516
458	-25.19444444444447
459	-3.629999999999967
460	-24.54285714285716
461	-16.10309278350516
462	-31.144444444444403
463	-3.629999999999967
464	-30.326530612244824
466	-36.944444444444485
467	-6.619999999999948
468	-19.673469387755077
469	-16.185567010309285
470	-25.19444444444447
471	-3.839285714285765
472	-25.779591836734653
473	-16.185567010309285
474	-31.144444444444403
475	-3.839285714285765
476	-31.808163265306092
478	-36.944444444444485
479	-6.33999999999989
480	-3.412244897959191
481	-6.544444444444437
482	-14.864541832669318
483	-4.619047619047592
484	-3.5346938775509926
485	-6.544444444444437
486	-18.89243027888449
487	-4.619047619047592
488	-5.1306122448979465
489	-11.605555555555526
490	-23.294820717131486
491	-3.4249999999999687
492	-6.1755102040816325
493	-7.064102564102555
494	-14.864541832669318
495	-5.267857142857139
496	-7.7265306122449005
497	-7.064102564102555
498	-18.89243027888449
499	-5.267857142857139
500	-10.787755102040826
501	-12.427777777777763
502	-23.294820717131486
503	-1.5384615384615117
504	-6.1755102040816325
505	-7.700854700854691
506	-11.617529880478116
507	-5.267857142857139
508	-7.7265306122449005
509	-7.700854700854691
510	-16.362549800796856
511	-5.267857142857139
512	-10.787755102040826
513	-13.38333333333334
514	-21.653386454183277
515	-1.5384615384615117
516	-8.073469387755082
517	-8.017094017094024
518	-11.617529880478116
519	-4.6011904761904745
520	-10.612244897959158
521	-8.017094017094024
522	-16.362549800796856
523	-4.6011904761904745
524	-14.66530612244896
525	-14.411111111111097
526	-21.653386454183277
527	-0.4333333333333371
528	-8.073469387755082
529	-8.294871794871781
530	-11.617529880478116
531	-4.6011904761904745
532	-10.612244897959158
533	-8.294871794871781
534	-16.362549800796856
535	-4.6011904761904745
536	-14.66530612244896
537	-15.333333333333343
538	-21.653386454183277
539	-0.4333333333333371
540	-9.13061224489794
541	-8.405982905982896
542	-11.864197530864224
543	-4.315476190476211
544	-11.999999999999957
545	-8.405982905982896
546	-17.438247011952235
547	-4.315476190476211
549	-16.0
550	-23.061135371179013
551	-2.3222222222223223
552	-9.13061224489794
553	-8.517094017094024
554	-11.864197530864224
555	-4.315476190476211
556	-11.999999999999957
557	-8.517094017094024
558	-17.438247011952235
559	-4.315476190476211
561	-16.277777777777786
562	-23.061135371179013
563	-2.3222222222223223
564	-9.991836734693862
565	-8.598290598290603
566	-11.864197530864224
567	-4.232142857142918
568	-13.032653061224451
569	-8.598290598290603
570	-17.438247011952235
571	-4.232142857142918
573	-16.28888888888892
574	-23.061135371179013
575	-2.3555555555556396
576	-1.6724890829694345
577	-7.81659388646284
578	-15.689243027888445
579	-4.071005917159766
580	-3.2612244897959286
581	-7.81659388646284
582	-20.091633466135463
583	-4.071005917159766
584	-6.0285714285713965
585	-12.399999999999963
586	-25.111553784860547
588	-5.236734693877551
589	-8.205240174672468
590	-15.689243027888445
591	-2.982248520710101
592	-8.297959183673498
593	-8.205240174672468
594	-20.091633466135463
595	-2.982248520710101
596	-12.49387755102039
597	-13.38421052631577
598	-25.111553784860547
599	-1.482758620689637
600	-5.236734693877551
601	-8.340611353711765
602	-12.776892430278927
603	-2.982248520710101
604	-8.297959183673498
605	-8.340611353711765
606	-18.067729083665327
607	-2.982248520710101
608	-12.49387755102039
609	-14.315789473684191
610	-23.32669322709161
611	-1.482758620689637
612	-7.657142857142873
613	-8.677777777777806
614	-12.776892430278927
615	-2.236263736263709
616	-11.71020408163264
617	-8.677777777777806
618	-18.067729083665327
619	-2.236263736263709
620	-16.669387755102008
621	-15.105263157894711
622	-23.32669322709161
623	-3.0833333333333286
624	-7.657142857142873
625	-9.216666666666711
626	-12.776892430278927
627	-2.236263736263709
628	-11.71020408163264
629	-9.216666666666711
630	-18.067729083665327
631	-2.236263736263709
632	-16.669387755102008
633	-0.19658119658117812
634	-23.32669322709161
635	-3.0833333333333286
636	-8.689795918367352
637	-9.583333333333357
638	-13.454148471615682
639	-2.927777777777763
641	-9.583333333333357
642	-19.318777292576414
643	-2.927777777777763
645	-0.4871794871794606
646	-25.192139737991297
647	-2.609053497942341
648	-8.689795918367352
649	-9.738888888888923
650	-13.454148471615682
651	-2.927777777777763
653	-9.738888888888923
654	-19.318777292576414
655	-2.927777777777763
657	-0.7136752136751738
658	-25.192139737991297
659	-2.609053497942341
660	-9.412244897959155
661	-9.750000000000057
662	-13.454148471615682
663	-2.9722222222222427
665	-9.750000000000057
666	-19.318777292576414
667	-2.9722222222222427
669	-0.9572649572649112
670	-25.192139737991297
671	-2.04188481675385
672	-3.572052401746731
673	-9.649789029535881
674	-16.203187250996017
675	-1.0197044334975445
676	-4.6593886462882494
677	-9.649789029535881
678	-21.223107569721094
679	-1.0197044334975445
680	-7.665306122448982
681	-18.04455445544555
682	-26.191235059760935
683	-2.561576354679829
684	-6.269387755102088
685	-10.088607594936747
686	-16.203187250996017
687	-2.6305418719211673
688	-10.465306122449007
689	-10.088607594936747
690	-21.223107569721094
691	-2.6305418719211673
692	-14.885714285714315
693	-18.688118811881168
694	-26.191235059760935
695	-3.86699507389163
696	-6.269387755102088
697	-10.29113924050634
698	-16.822222222222237
699	-2.6305418719211673
700	-10.465306122449007
701	-10.29113924050634
702	-22.605555555555597
703	-2.6305418719211673
704	-14.885714285714315
705	-19.712871287128664
706	-28.7666666666667
707	-3.86699507389163
708	-9.35102040816328
709	-10.47257383966246
710	-16.822222222222237
711	-3.3793103448275588
712	-14.310204081632676
713	-10.47257383966246
714	-22.605555555555597
715	-3.3793103448275588
716	-19.469387755102076
717	-20.391089108910847
718	-28.7666666666667
719	-5.364532019704384
720	-9.35102040816328
721	-10.71314741035853
722	-16.822222222222237
723	-3.3793103448275588
724	-14.310204081632676
725	-10.71314741035853
726	-22.605555555555597
727	-3.3793103448275588
728	-19.469387755102076
729	-8.1111111111111
730	-28.7666666666667
731	-5.364532019704384
732	-10.400000000000006
733	-10.888446215139396
734	-18.22222222222223
735	-3.8768472906403844
736	-15.534693877551021
737	-10.888446215139396
738	-23.737991266375587
739	-3.8768472906403844
740	-20.893877551020395
741	-10.011235955056208
742	-29.75545851528372
743	-5.379487179487171
744	-10.400000000000006
745	-11.172995780590725
746	-18.22222222222223
747	-3.8768472906403844
748	-15.534693877551021
749	-11.172995780590725
750	-23.737991266375587
751	-3.8768472906403844
752	-20.893877551020395
753	-11.19230769230765
754	-29.75545851528372
755	-5.379487179487171
756	-11.057142857142892
757	-11.607594936708864
758	-18.22222222222223
759	-3.9211822660098505
760	-16.363265306122514
761	-11.607594936708864
762	-23.737991266375587
763	-3.9211822660098505
764	-21.934693877551
765	-10.471910112359552
766	-29.75545851528372
767	-5.300000000000111
768	-4.248908296943242
769	-10.53960396039605
770	-17.286852589641413
771	-2.2205128205127735
772	-6.9795918367346985
773	-10.53960396039605
774	-22.25498007968126
775	-2.2205128205127735
776	-10.469387755102048
777	-21.69801980198011
778	-26.74501992031874
779	-3.5221674876846834
780	-9.110204081632645
781	-10.811881188118804
782	-17.286852589641413
783	-3.415384615384525
784	-13.530612244897995
785	-10.811881188118804
786	-22.25498007968126
787	-3.415384615384525
788	-18.183673469387784
789	-23.089108910891014
790	-26.74501992031874
791	-4.554285714285726
792	-9.110204081632645
793	-11.524752475247482
794	-20.466666666666725
795	-3.415384615384525
796	-13.530612244897995
797	-11.524752475247482
798	-26.627777777777794
799	-3.415384615384525
800	-18.183673469387784
801	-24.52970297029694
802	-31.944444444444457
803	-4.554285714285726
804	-12.526530612244883
805	-11.910891089108844
806	-20.466666666666725
807	-4.382857142857091
808	-17.685714285714283
809	-11.910891089108844
810	-26.627777777777794
811	-4.382857142857091
812	-23.057142857142864
813	-26.06930693069296
814	-31.944444444444457
815	-6.251428571428562
816	-12.526530612244883
817	-12.331683168316772
818	-20.466666666666725
819	-4.382857142857091
820	-17.685714285714283
821	-12.331683168316772
822	-26.627777777777794
823	-4.382857142857091
824	-23.057142857142864
825	-27.282178217821638
826	-31.944444444444457
827	-6.251428571428562
828	-13.546938775510199
829	-12.51980198019794
830	-22.21666666666671
831	-4.6114285714286325
832	-18.906122448979588
833	-12.51980198019794
834	-28.78888888888899
835	-4.6114285714286325
836	-24.473469387755074
837	-3.366812227074149
838	-32.16733067729082
839	-6.549222797927541
840	-13.546938775510199
841	-12.777227722772182
842	-22.21666666666671
843	-4.6114285714286325
844	-18.906122448979588
845	-12.777227722772182
846	-28.78888888888899
847	-4.6114285714286325
848	-24.473469387755074
849	-26.7552083333334
850	-32.16733067729082
851	-6.549222797927541
852	-14.21632653061232
853	-13.376288659793943
854	-22.21666666666671
855	-4.891428571428662
856	-19.78775510204079
857	-13.376288659793943
858	-28.78888888888899
859	-4.891428571428662
861	-10.925925925925952
862	-32.16733067729082
863	-7.27428571428581
864	-7.665306122448953
865	-11.801980198019749
866	-18.41832669322706
867	-1.6785714285714448
868	-11.155102040816303
869	-11.801980198019749
870	-22.90836653386456
871	-1.6785714285714448
872	-14.702040816326488
873	-17.272277227722782
874	-27.641434262948223
875	-3.261083743842349
876	-13.2285714285714
877	-12.6732673267326
878	-18.41832669322706
879	-2.892857142857224
880	-17.881632653061217
881	-12.6732673267326
882	-22.90836653386456
883	-2.892857142857224
884	-22.518367346938703
885	-18.896039603960418
886	-27.641434262948223
887	-4.684523809523753
888	-13.2285714285714
889	-13.584158415841472
890	-22.22777777777773
891	-2.892857142857224
892	-17.881632653061217
893	-13.584158415841472
894	-27.544444444444423
895	-2.892857142857224
896	-22.518367346938703
897	-20.034653465346565
898	-32.577777777777726
899	-4.684523809523753
900	-16.71020408163264
901	-14.603092783505133
902	-22.22777777777773
903	-3.7857142857144197
904	-22.081632653061206
905	-14.603092783505133
906	-27.544444444444423
907	-3.7857142857144197
908	-27.39999999999995
909	-21.45049504950495
910	-32.577777777777726
911	-6.392857142857139
912	-16.71020408163264
913	-15.577319587628864
914	-22.22777777777773
915	-3.7857142857144197
916	-22.081632653061206
917	-15.577319587628864
918	-27.544444444444423
919	-3.7857142857144197
920	-27.39999999999995
921	-22.49484536082474
922	-32.577777777777726
923	-6.392857142857139
924	-17.706122448979585
925	-16.02577319587627
926	-24.183333333333366
927	-4.036269430051803
928	-23.273469387755057
929	-16.02577319587627
930	-29.74444444444434
931	-4.036269430051803
932	-28.771428571428572
934	-35.2777777777778
935	-6.499999999999957
936	-17.706122448979585
937	-16.108247422680392
938	-24.183333333333366
939	-4.036269430051803
940	-23.273469387755057
941	-16.108247422680392
942	-29.74444444444434
943	-4.036269430051803
944	-28.771428571428572
946	-35.2777777777778
947	-6.499999999999957
948	-18.453061224489772
949	-16.443298969072117
950	-24.183333333333366
951	-4.345238095238216
952	-24.240816326530535
953	-16.443298969072117
954	-29.74444444444434
955	-4.345238095238216
956	-29.959183673469383
958	-35.2777777777778
959	-5.884999999999891
960	-4.922448979591849
961	-6.944444444444457
962	-13.27091633466135
963	-4.761904761904766
964	-6.02448979591837
965	-6.944444444444457
966	-17.749003984063783
967	-4.761904761904766
968	-8.440816326530637
969	-11.727777777777774
970	-22.557768924302827
971	-2.3786982248520587
972	-6.9795918367346985
973	-7.581196581196593
974	-13.27091633466135
975	-4.482142857142847
976	-9.097959183673481
977	-7.581196581196593
978	-17.749003984063783
979	-4.482142857142847
980	-12.473469387755102
981	-12.683333333333337
982	-22.557768924302827
983	-0.9526627218934891
984	-6.9795918367346985
985	-7.897435897435926
986	-10.98804780876494
987	-4.482142857142847
988	-9.097959183673481
989	-7.897435897435926
990	-16.179282868525917
991	-4.482142857142847
992	-12.473469387755102
993	-13.711111111111123
994	-21.729083665338678
995	-0.9526627218934891
996	-8.14285714285711
997	-8.175213675213683
998	-10.98804780876494
999	-4.178571428571388
1000	-10.742857142857119
1001	-8.175213675213683
1002	-16.179282868525917
1003	-4.178571428571388
1004	-14.542857142857116
1005	-14.633333333333368
1006	-21.729083665338678
1007	-2.3555555555556253
1008	-8.14285714285711
1009	-8.28632478632477
1010	-10.98804780876494
1011	-4.178571428571388
1012	-10.742857142857119
1013	-8.28632478632477
1014	-16.179282868525917
1015	-4.178571428571388
1016	-14.542857142857116
1017	-15.30000000000004
1018	-21.729083665338678
1019	-2.3555555555556253
1020	-8.714285714285708
1021	-8.397435897435898
1022	-13.615720524017448
1023	-4.023809523809561
1024	-11.428571428571402
1025	-8.397435897435898
1026	-19.152838427947543
1027	-4.023809523809561
1029	-15.577777777777811
1030	-24.71179039301306
1031	-3.0444444444445224
1032	-8.714285714285708
1033	-8.478632478632477
1034	-13.615720524017448
1035	-4.023809523809561
1036	-11.428571428571402
1037	-8.478632478632477
1038	-19.152838427947543
1039	-4.023809523809561
1041	-15.58888888888896
1042	-24.71179039301306
1043	-3.0444444444445224
1044	-10.345991561181435
1045	-8.504273504273527
1046	-13.615720524017448
1047	-3.8392857142857792
1048	-12.442786069651703
1049	-8.504273504273527
1050	-19.152838427947543
1051	-3.8392857142857792
1053	-15.644444444444474
1054	-24.71179039301306
1055	-2.9555555555556197
1056	-4.040816326530617
1057	-7.5895196506550064
1058	-14.18326693227094
1059	-3.7337278106509117
1060	-6.45714285714287
1061	-7.5895196506550064
1062	-18.992031872509962
1063	-3.7337278106509117
1064	-10.097959183673453
1065	-12.689473684210498
1066	-23.864541832669325
1067	-0.7325102880659102
1068	-6.624489795918379
1069	-7.755555555555603
1070	-14.18326693227094
1071	-2.2781065088757657
1072	-10.000000000000014
1073	-7.755555555555603
1074	-18.992031872509962
1075	-2.2781065088757657
1076	-14.440816326530594
1077	-13.621052631578934
1078	-23.864541832669325
1079	-2.5777777777778397
1080	-6.624489795918379
1081	-8.31111111111116
1082	-12.079681274900416
1083	-2.2781065088757657
1084	-10.000000000000014
1085	-8.31111111111116
1086	-17.62948207171315
1087	-2.2781065088757657
1088	-14.440816326530594
1089	-14.410526315789426
1090	-23.187250996015877
1091	-2.5777777777778397
1092	-7.865306122448985
1093	-8.850000000000051
1094	-12.079681274900416
1095	-2.9277777777777914
1096	-11.665306122448996
1097	-8.850000000000051
1098	-17.62948207171315
1099	-2.9277777777777914
1100	-16.297959183673484
1101	-14.999999999999986
1102	-23.187250996015877
1103	-4.516666666666694
1104	-7.865306122448985
1105	-9.216666666666697
1106	-12.079681274900416
1107	-2.9277777777777914
1108	-11.665306122448996
1109	-9.216666666666697
1110	-17.62948207171315
1111	-2.9277777777777914
1112	-16.297959183673484
1113	-15.2210526315789
1114	-23.187250996015877
1115	-4.516666666666694
1116	-8.318367346938757
1117	-9.372222222222263
1118	-15.593886462882068
1119	-3.327777777777783
1121	-9.372222222222263
1122	-21.152838427947614
1123	-3.327777777777783
1125	-15.701570680628265
1126	-19.16753926701567
1127	-2.168421052631686
1128	-8.318367346938757
1129	-9.383333333333411
1130	-15.593886462882068
1131	-3.327777777777783
1133	-9.383333333333411
1134	-21.152838427947614
1135	-3.327777777777783
1137	-16.167539267015684
1138	-19.16753926701567
1139	-2.168421052631686
1140	-9.771428571428615
1141	-9.411111111111211
1142	-15.593886462882068
1143	-3.422222222222331
1145	-9.411111111111211
1146	-21.152838427947614
1147	-3.422222222222331
1148	-18.079601990049667
1149	-16.394736842105246
1150	-19.16753926701567
1151	-2.6329113924050205
1152	-4.877551020408191
1153	-9.5696202531646
1154	-15.24701195219128
1155	-1.8522167487684484
1156	-8.51836734693876
1157	-9.5696202531646
1158	-20.119521912350635
1159	-1.8522167487684484
1160	-12.400000000000034
1161	-17.78217821782178
1162	-25.051792828685265
1163	-3.7589743589743847
1164	-8.048979591836769
1165	-9.772151898734165
1166	-15.24701195219128
1167	-3.019704433497523
1168	-12.489795918367335
1169	-9.772151898734165
1170	-20.119521912350635
1171	-3.019704433497523
1172	-17.126530612244906
1173	-18.806930693069262
1174	-25.051792828685265
1175	-5.646153846153837
1176	-8.048979591836769
1177	-10.08764940239044
1178	-16.377777777777766
1179	-3.019704433497523
1180	-12.489795918367335
1181	-10.08764940239044
1182	-22.205555555555605
1183	-3.019704433497523
1184	-17.126530612244906
1185	-19.48514851485149
1186	-28.544444444444537
1187	-5.646153846153837
1188	-9.477551020408185
1189	-10.57768924302789
1190	-16.377777777777766
1191	-3.768472906403929
1192	-14.110204081632673
1193	-10.57768924302789
1194	-22.205555555555605
1195	-3.768472906403929
1196	-18.95102040816326
1197	-20.10396039603961
1198	-28.544444444444537
1199	-6.005128205128258
1200	-9.477551020408185
1201	-10.75298804780877
1202	-16.377777777777766
1203	-3.768472906403929
1204	-14.110204081632673
1205	-10.75298804780877
1206	-22.205555555555605
1207	-3.768472906403929
1208	-18.95102040816326
1209	-20.358974358974393
1210	-28.544444444444537
1211	-6.005128205128258
1212	-9.865306122448999
1213	-10.920318725099577
1214	-18.77292576419218
1215	-4.034482758620655
1216	-14.60000000000008
1217	-10.920318725099577
1218	-24.63318777292578
1219	-4.034482758620655
1220	-19.579591836734664
1221	-20.758974358974427
1222	-30.62008733624458
1223	-5.590673575129429
1224	-9.865306122448999
1225	-11.08860759493669
1226	-18.77292576419218
1227	-4.034482758620655
1228	-14.60000000000008
1229	-11.08860759493669
1230	-24.63318777292578
1231	-4.034482758620655
1232	-19.579591836734664
1233	-7.861111111111171
1234	-30.62008733624458
1235	-5.590673575129429
1236	-12.212435233160562
1237	-11.299578059071735
1238	-18.77292576419218
1239	-4.34975369458131
1240	-15.815920398009865
1241	-11.299578059071735
1242	-24.63318777292578
1243	-4.34975369458131
1245	-7.883333333333383
1246	-30.62008733624458
1247	-5.844559585492064
1248	-7.412244897959198
1249	-10.17821782178217
1250	-17.56972111553783
1251	-3.4256410256409993
1252	-11.293877551020444
1253	-10.17821782178217
1254	-22.50199203187247
1255	-3.4256410256409993
1256	-15.391836734693868
1257	-22.410891089108816
1258	-26.77689243027882
1259	-4.177142857142826
1260	-10.889795918367355
1261	-10.891089108910847
1262	-17.56972111553783
1263	-4.441025641025632
1264	-15.526530612244926
1265	-10.891089108910847
1266	-22.50199203187247
1267	-4.441025641025632
1268	-20.342857142857156
1269	-23.851485148514712
1270	-26.77689243027882
1271	-6.440000000000083
1272	-10.889795918367355
1273	-11.277227722772238
1274	-20.16666666666673
1275	-4.441025641025632
1276	-15.526530612244926
1277	-11.277227722772238
1278	-26.505555555555617
1279	-4.441025641025632
1280	-20.342857142857156
1281	-25.391089108910762
1282	-32.144444444444474
1283	-6.440000000000083
1284	-12.302040816326524
1285	-11.698019801980166
1286	-20.16666666666673
1287	-4.999999999999986
1288	-17.14285714285714
1289	-11.698019801980166
1290	-26.505555555555617
1291	-4.999999999999986
1292	-22.155102040816345
1293	-26.661538461538413
1294	-32.144444444444474
1295	-7.342857142857156
1296	-12.302040816326524
1297	-11.892307692307725
1298	-20.16666666666673
1299	-4.999999999999986
1300	-17.14285714285714
1301	-11.892307692307725
1302	-26.505555555555617
1303	-4.999999999999986
1304	-22.155102040816345
1305	-3.2096069868995016
1306	-32.144444444444474
1307	-7.342857142857156
1308	-12.706122448979656
1309	-12.16410256410262
1310	-21.668122270742344
1311	-5.011428571428667
1312	-17.68571428571427
1313	-12.16410256410262
1314	-28.20318725099606
1315	-5.011428571428667
1316	-21.017857142857082
1317	-3.388646288209543
1318	-33.99601593625492
1320	-12.706122448979656
1321	-12.810256410256443
1322	-21.668122270742344
1323	-5.011428571428667
1324	-17.68571428571427
1325	-12.810256410256443
1326	-28.20318725099606
1327	-5.011428571428667
1328	-21.017857142857082
1329	-17.644670050761476
1330	-33.99601593625492
1332	-13.83582089552229
1333	-12.846153846153896
1334	-21.668122270742344
1335	-4.702857142857212
1336	-18.710204081632625
1337	-12.846153846153896
1338	-28.20318725099606
1339	-4.702857142857212
1340	-2.512953367875639
1341	-17.644670050761476
1342	-33.99601593625492
1343	-4.832512315270833
1344	-11.040816326530617
1345	-12.450495049504894
1346	-19.091633466135427
1347	-2.7857142857143344
1348	-15.138775510204098
1349	-12.450495049504894
1350	-23.366533864541807
1351	-2.7857142857143344
1352	-19.236734693877494
1353	-18.683168316831683
1354	-27.545816733067753
1355	-4.327380952380906
1356	-14.571428571428555
1357	-13.36138613861371
1358	-19.091633466135427
1359	-3.8035714285714732
1360	-19.387755102040828
1361	-13.36138613861371
1362	-23.366533864541807
1363	-3.8035714285714732
1364	-24.171428571428507
1365	-19.82178217821783
1366	-27.545816733067753
1367	-6.613095238095241
1368	-14.571428571428555
1369	-14.40721649484533
1370	-22.32222222222225
1371	-3.8035714285714732
1372	-19.387755102040828
1373	-14.40721649484533
1374	-27.96111111111108
1375	-3.8035714285714732
1376	-24.171428571428507
1377	-21.252577319587573
1378	-33.572222222222166
1379	-6.613095238095241
1380	-15.87346938775508
1381	-15.38144329896906
1382	-22.32222222222225
1383	-4.4880952380953545
1384	-20.885714285714286
1385	-15.38144329896906
1386	-27.96111111111108
1387	-4.4880952380953545
1388	-25.82857142857138
1389	-22.309278350515427
1390	-33.572222222222166
1391	-7.446428571428527
1392	-15.87346938775508
1393	-15.829896907216465
1394	-22.32222222222225
1395	-4.4880952380953545
1396	-20.885714285714286
1397	-15.829896907216465
1398	-27.96111111111108
1399	-4.4880952380953545
1400	-25.82857142857138
1402	-33.572222222222166
1403	-7.446428571428527
1404	-16.35918367346936
1405	-15.912820512820474
1406	-25.075697211155315
1407	-4.64285714285721
1408	-21.510204081632594
1409	-15.912820512820474
1410	-30.86852589641427
1411	-4.64285714285721
1412	-26.583673469387747
1414	-35.20318725099597
1415	-6.104395604395606
1416	-16.35918367346936
1417	-16.247422680412313
1418	-25.075697211155315
1419	-4.64285714285721
1420	-21.510204081632594
1421	-16.247422680412313
1422	-30.86852589641427
1423	-4.64285714285721
1424	-26.583673469387747
1426	-35.20318725099597
1427	-6.104395604395606
1428	-17.25306122448974
1429	-16.28865979381439
1430	-25.075697211155315
1431	-4.772020725388558
1432	-22.68979591836728
1433	-16.28865979381439
1434	-30.86852589641427
1435	-4.772020725388558
1436	-28.053061224489767
1438	-35.20318725099597
1439	-5.619999999999976
1440	-5.869387755102039
1441	-7.294871794871767
1442	-10.163346613545848
1443	-3.9523809523809277
1444	-7.689795918367338
1445	-7.294871794871767
1446	-14.509960159362592
1447	-3.9523809523809277
1448	-10.46122448979591
1449	-11.722222222222243
1450	-19.099601593625522
1451	-1.5976331360946503
1452	-7.138775510204084
1453	-7.6111111111111
1454	-10.163346613545848
1455	-3.857142857142854
1456	-9.514285714285691
1457	-7.6111111111111
1458	-14.509960159362592
1459	-3.857142857142854
1460	-12.75510204081634
1461	-12.75
1462	-19.099601593625522
1463	-2.39444444444446
1464	-7.138775510204084
1465	-7.888888888888886
1466	-12.261603375527386
1467	-3.857142857142854
1468	-9.514285714285691
1469	-7.888888888888886
1470	-17.198312236286895
1471	-3.857142857142854
1472	-12.75510204081634
1473	-13.672222222222246
1474	-22.717299578059084
1475	-2.39444444444446
1476	-7.608163265306089
1477	-8.0
1478	-12.261603375527386
1479	-3.7500000000000213
1480	-10.167346938775466
1481	-8.0
1482	-17.198312236286895
1483	-3.7500000000000213
1484	-13.591836734693857
1485	-14.338888888888903
1486	-22.717299578059084
1487	-3.7277777777778027
1488	-7.608163265306089
1489	-8.111111111111128
1490	-12.261603375527386
1491	-3.7500000000000213
1492	-10.167346938775466
1493	-8.111111111111128
1494	-17.198312236286895
1495	-3.7500000000000213
1496	-13.591836734693857
1497	-14.616666666666674
1498	-22.717299578059084
1499	-3.7277777777778027
1500	-8.734177215189902
1501	-8.192307692307708
1502	-14.838427947598234
1503	-3.30952380952381
1504	-11.01025641025646
1505	-8.192307692307708
1506	-20.017467248908275
1507	-3.30952380952381
1508	-14.656716417910388
1509	-14.627777777777823
1510	-25.371179039301268
1511	-3.8611111111112137
1512	-8.734177215189902
1513	-8.21794871794873
1514	-14.838427947598234
1515	-3.30952380952381
1516	-11.01025641025646
1517	-8.21794871794873
1518	-20.017467248908275
1519	-3.30952380952381
1520	-14.656716417910388
1521	-14.683333333333394
1522	-25.371179039301268
1523	-3.8611111111112137
1524	-12.37974683544303
1525	-8.21794871794873
1526	-13.851528384279447
1527	-2.732142857142918
1528	-14.713080168776386
1529	-8.21794871794873
1530	-18.668122270742373
1531	-2.732142857142918
1532	-18.840796019900466
1533	-14.683333333333394
1534	-23.624454148471585
1535	-2.8833333333334537
1536	-5.751020408163242
1537	-7.327777777777811
1538	-10.852589641434285
1539	-2.893491124260393
1540	-8.522448979591857
1541	-7.327777777777811
1542	-15.442231075697208
1543	-2.893491124260393
1544	-12.4326530612245
1545	-12.605263157894726
1546	-20.12350597609565
1547	-2.34979423868306
1548	-7.200000000000003
1549	-7.883333333333383
1550	-10.852589641434285
1551	-2.816666666666677
1552	-10.440816326530609
1553	-7.883333333333383
1554	-15.442231075697208
1555	-2.816666666666677
1556	-14.583673469387747
1557	-13.394736842105218
1558	-20.12350597609565
1559	-4.650000000000034
1560	-7.200000000000003
1561	-8.422222222222274
1562	-13.497816593886412
1563	-2.816666666666677
1564	-10.440816326530609
1565	-8.422222222222274
1566	-18.978165938864606
1567	-2.816666666666677
1568	-14.583673469387747
1569	-13.984210526315778
1570	-24.64628820960698
1571	-4.650000000000034
1572	-7.615384615384613
1573	-8.78888888888892
1574	-13.497816593886412
1575	-3.6000000000000227
1576	-11.02040816326533
1577	-8.78888888888892
1578	-18.978165938864606
1579	-3.6000000000000227
1580	-15.232653061224497
1581	-14.205263157894692
1582	-24.64628820960698
1583	-4.448275862068897
1584	-7.615384615384613
1585	-8.944444444444485
1586	-13.497816593886412
1587	-3.6000000000000227
1588	-11.02040816326533
1589	-8.944444444444485
1590	-18.978165938864606
1591	-3.6000000000000227
1592	-15.232653061224497
1593	-14.937172774869111
1594	-24.64628820960698
1595	-4.448275862068897
1596	-8.95384615384613
1597	-8.955555555555634
1598	-16.851528384279447
1599	-3.8222222222222797
1600	-11.670329670329664
1601	-8.955555555555634
1602	-22.205240174672497
1603	-3.8222222222222797
1604	-15.967346938775563
1605	-15.403141361256559
1606	-28.240174672489076
1607	-4.399014778325025
1608	-8.95384615384613
1609	-8.983333333333405
1610	-16.851528384279447
1611	-3.8222222222222797
1612	-11.670329670329664
1613	-8.983333333333405
1614	-22.205240174672497
1615	-3.8222222222222797
1616	-15.967346938775563
1617	-15.5130890052356
1618	-28.240174672489076
1619	-4.399014778325025
1620	-12.119170984455891
1621	-8.983333333333405
1622	-15.598253275109158
1623	-3.01666666666668
1624	-15.186528497409313
1625	-8.983333333333405
1626	-20.554585152838456
1627	-3.01666666666668
1628	-19.626865671641667
1629	-15.5130890052356
1630	-26.18777292576422
1631	-2.8219895287957684
1632	-6.930612244897986
1633	-9.191235059760885
1634	-14.594444444444449
1635	-2.5862068965517437
1636	-10.840816326530629
1637	-9.191235059760885
1638	-19.28888888888895
1639	-2.5862068965517437
1640	-14.934693877551055
1641	-17.371287128712822
1642	-24.538888888888934
1643	-5.605128205128182
1644	-8.624489795918379
1645	-10.007968127490003
1646	-14.594444444444449
1647	-3.600985221674847
1648	-12.767346938775518
1649	-10.007968127490003
1650	-19.28888888888895
1651	-3.600985221674847
1652	-17.08571428571429
1653	-18.04950495049502
1654	-24.538888888888934
1655	-6.794871794871852
1656	-8.624489795918379
1657	-10.498007968127467
1658	-16.855895196506566
1659	-3.600985221674847
1660	-12.767346938775518
1661	-10.498007968127467
1662	-22.52401746724884
1663	-3.600985221674847
1664	-17.08571428571429
1665	-18.71794871794873
1666	-28.29694323144102
1667	-6.794871794871852
1668	-9.044897959183686
1669	-10.673306772908347
1670	-16.855895196506566
1671	-4.285714285714292
1672	-13.257142857142895
1673	-10.673306772908347
1674	-22.52401746724884
1675	-4.285714285714292
1676	-17.644897959183652
1677	-7.3944444444445026
1678	-28.29694323144102
1679	-7.256410256410248
1680	-9.044897959183686
1681	-10.840637450199182
1682	-16.855895196506566
1683	-4.285714285714292
1684	-13.257142857142895
1685	-10.840637450199182
1686	-22.52401746724884
1687	-4.285714285714292
1688	-17.644897959183652
1689	-7.283333333333388
1690	-28.29694323144102
1691	-7.256410256410248
1692	-10.54404145077713
1693	-10.944223107569655
1694	-19.1528384279476
1695	-4.192118226600996
1696	-13.8408163265307
1697	-10.944223107569655
1698	-25.18777292576422
1699	-4.192118226600996
1700	-18.448979591836718
1701	-7.2055555555556055
1702	-31.113537117904002
1703	-6.580310880828847
1704	-10.54404145077713
1705	-11.067729083665313
1706	-19.1528384279476
1707	-4.192118226600996
1708	-13.8408163265307
1709	-11.067729083665313
1710	-25.18777292576422
1711	-4.192118226600996
1712	-18.448979591836718
1713	-7.227777777777817
1714	-31.113537117904002
1715	-6.580310880828847
1716	-14.341968911917064
1717	-11.067729083665313
1718	-17.655021834061145
1719	-4.369458128078833
1720	-17.079601990049667
1721	-11.067729083665313
1722	-23.288209606986953
1723	-4.369458128078833
1724	-3.0255102040816553
1725	-7.227777777777817
1726	-24.553784860557784
1727	-6.950738916256171
1728	-9.444897959183677
1729	-9.861386138613824
1730	-17.16111111111111
1731	-4.32307692307684
1732	-13.53877551020409
1733	-9.861386138613824
1734	-22.41111111111117
1735	-4.32307692307684
1736	-17.791836734693902
1737	-22.77227722772264
1738	-27.105555555555583
1739	-5.914285714285754
1740	-11.106122448979576
1741	-10.261538461538521
1742	-17.16111111111111
1743	-5.057142857142907
1744	-15.42448979591839
1745	-10.261538461538521
1746	-22.41111111111117
1747	-5.057142857142907
1748	-19.897959183673436
1749	-24.335051546391696
1750	-27.105555555555583
1751	-7.531428571428663
1752	-11.106122448979576
1753	-10.753846153846212
1754	-20.436681222707392
1755	-5.057142857142907
1756	-15.42448979591839
1757	-10.753846153846212
1758	-26.20960698689953
1759	-5.057142857142907
1760	-19.897959183673436
1761	-25.690721649484487
1762	-31.811111111111103
1763	-7.531428571428663
1764	-11.571428571428626
1765	-10.974358974359006
1766	-20.436681222707392
1767	-5.354285714285808
1768	-15.959183673469354
1769	-10.974358974359006
1770	-26.20960698689953
1771	-5.354285714285808
1772	-20.506122448979582
1773	-26.297435897435832
1774	-31.811111111111103
1775	-7.8857142857143
1776	-11.571428571428626
1777	-11.246153846153902
1778	-20.436681222707392
1779	-5.354285714285808
1780	-15.959183673469354
1781	-11.246153846153902
1782	-26.20960698689953
1783	-5.354285714285808
1784	-20.506122448979582
1785	-26.543589743589706
1786	-31.811111111111103
1787	-7.8857142857143
1788	-12.08571428571436
1789	-11.892307692307725
1790	-21.30567685589513
1791	-4.84974093264249
1792	-16.69387755102035
1793	-11.892307692307725
1794	-27.490039840637493
1795	-4.84974093264249
1797	-27.216494845360728
1798	-19.416666666666714
1799	-4.9999999999999005
1800	-12.08571428571436
1801	-11.928205128205207
1802	-21.30567685589513
1803	-4.84974093264249
1804	-16.69387755102035
1805	-11.928205128205207
1806	-27.490039840637493
1807	-4.84974093264249
1809	-27.257731958762832
1810	-19.416666666666714
1811	-4.9999999999999005
1812	-14.786069651741172
1813	-11.928205128205207
1814	-19.755458515283763
1815	-3.917098445595812
1816	-19.094527363184056
1817	-11.928205128205207
1818	-25.32751091703051
1819	-3.917098445595812
1820	-3.188775510204067
1821	-27.257731958762832
1822	-30.419213973799003
1823	-5.024630541871886
1824	-12.59591836734694
1825	-12.930693069306784
1826	-18.670886075949355
1827	-3.696428571428683
1828	-16.848979591836752
1829	-12.930693069306784
1830	-23.10555555555554
1831	-3.696428571428683
1832	-21.07755102040811
1833	-19.336633663366342
1834	-27.533333333333417
1835	-6.154761904761855
1836	-14.07755102040818
1837	-14.025773195876269
1838	-18.670886075949355
1839	-4.589285714285822
1840	-18.551020408163254
1841	-14.025773195876269
1842	-23.10555555555554
1843	-4.589285714285822
1844	-22.955102040816328
1845	-20.814432989690687
1846	-27.533333333333417
1847	-7.755952380952422
1848	-14.07755102040818
1849	-15.0
1850	-22.135371179039282
1851	-4.589285714285822
1852	-18.551020408163254
1853	-15.0
1854	-27.63888888888887
1855	-4.589285714285822
1856	-22.955102040816328
1857	-21.871134020618513
1858	-33.23888888888891
1859	-7.755952380952422
1860	-14.583673469387733
1861	-15.448453608247405
1862	-22.135371179039282
1863	-4.690476190476275
1864	-19.13061224489796
1865	-15.448453608247405
1866	-27.63888888888887
1867	-4.690476190476275
1868	-23.60000000000005
1869	-22.3092783505154
1870	-33.23888888888891
1871	-7.946428571428612
1872	-14.583673469387733
1873	-15.530927835051529
1874	-22.135371179039282
1875	-4.690476190476275
1876	-19.13061224489796
1877	-15.530927835051529
1878	-27.63888888888887
1879	-4.690476190476275
1880	-23.60000000000005
1881	-22.381443298969003
1882	-33.23888888888891
1883	-7.946428571428612
1884	-15.216326530612221
1885	-15.865979381443253
1886	-24.54581673306774
1887	-4.761658031088089
1888	-19.99183673469382
1889	-15.865979381443253
1890	-30.553784860557784
1891	-4.761658031088089
1892	-24.689795918367395
1893	-22.443298969072032
1894	-35.68525896414346
1895	-6.807692307692335
1896	-15.216326530612221
1897	-15.9072164948453
1898	-24.54581673306774
1899	-4.761658031088089
1900	-19.99183673469382
1901	-15.9072164948453
1902	-30.553784860557784
1903	-4.761658031088089
1904	-24.689795918367395
1905	-22.427835051546253
1906	-35.68525896414346
1907	-6.807692307692335
1908	-17.25373134328356
1909	-15.9072164948453
1910	-21.864541832669318
1911	-4.642487046632027
1912	-21.599999999999937
1913	-15.9072164948453
1914	-27.151394422310744
1915	-4.642487046632027
1916	-26.69387755102042
1917	-22.427835051546253
1918	-31.59760956175299
1919	-5.616580310880636
1920	-6.248979591836729
1921	-7.277777777777786
1922	-9.721518987341753
1923	-3.232142857142861
1924	-8.273469387755114
1925	-7.277777777777786
1926	-14.170305676855875
1927	-3.232142857142861
1928	-11.040816326530617
1929	-11.833333333333343
1930	-18.995633187772896
1931	-2.28333333333336
1932	-6.824489795918325
1933	-7.555555555555543
1934	-9.721518987341753
1935	-3.1071428571428754
1936	-9.183673469387742
1937	-7.555555555555543
1938	-14.170305676855875
1939	-3.1071428571428754
1940	-12.26938775510203
1941	-12.75555555555556
1942	-18.995633187772896
1943	-3.977777777777817
1944	-6.824489795918325
1945	-7.666666666666657
1946	-14.751091703056744
1947	-3.1071428571428754
1948	-9.183673469387742
1949	-7.666666666666657
1950	-19.777292576419185
1951	-3.1071428571428754
1952	-12.26938775510203
1953	-13.422222222222217
1954	-25.248908296943256
1955	-3.977777777777817
1956	-8.40000000000002
1957	-7.777777777777786
1958	-14.751091703056744
1959	-2.692307692307736
1960	-10.871794871794933
1961	-7.777777777777786
1962	-19.777292576419185
1963	-2.692307692307736
1964	-12.661224489795927
1965	-13.700000000000003
1966	-25.248908296943256
1967	-4.766666666666737
1968	-8.40000000000002
1969	-7.858974358974365
1970	-14.751091703056744
1971	-2.692307692307736
1972	-10.871794871794933
1973	-7.858974358974365
1974	-19.777292576419185
1975	-2.692307692307736
1976	-12.661224489795927
1977	-13.711111111111137
1978	-25.248908296943256
1979	-4.766666666666737
1980	-9.940928270042207
1981	-7.884615384615415
1982	-15.483695652173893
1983	-2.266272189349152
1984	-11.78285714285714
1985	-7.884615384615415
1986	-19.40611353711789
1987	-2.266272189349152
1988	-15.48258706467658
1989	-13.766666666666694
1990	-24.2227074235808
1991	-3.8000000000000966
1992	-10.742616033755326
1993	-7.884615384615415
1994	-14.298913043478237
1995	-2.1952662721893574
1996	-13.251282051282075
1997	-7.884615384615415
1998	-18.02620087336244
1999	-2.1952662721893574
2000	-16.620879120879096
2001	-13.766666666666694
2002	-22.589519650655006
2003	-3.7444444444445537
2004	-13.932489451476826
2005	-7.884615384615415
2006	-13.108695652173893
2007	-2.63291139240512
2008	-16.699481865284866
2009	-7.884615384615415
2010	-16.67685589519654
2011	-2.63291139240512
2012	-20.186528497409313
2013	-13.766666666666694
2014	-20.842794759825324
2015	-2.884773662551453
2016	-6.444897959183692
2017	-7.5277777777778
2018	-10.703056768558923
2019	-2.6166666666666885
2020	-9.21224489795921
2021	-7.5277777777778
2022	-15.528384279475944
2023	-2.6166666666666885
2024	-12.89387755102041
2025	-12.363157894736844
2026	-20.17030567685589
2027	-4.31666666666672
2028	-7.048979591836712
2029	-8.066666666666734
2030	-10.703056768558923
2031	-3.588888888888917
2032	-10.134693877551072
2033	-8.066666666666734
2034	-15.528384279475944
2035	-3.588888888888917
2036	-13.902040816326576
2037	-12.952631578947319
2038	-20.17030567685589
2039	-5.988888888888937
2040	-7.048979591836712
2041	-8.43333333333338
2042	-16.29694323144099
2043	-3.588888888888917
2044	-10.134693877551072
2045	-8.43333333333338
2046	-21.76855895196509
2047	-3.588888888888917
2048	-13.902040816326576
2049	-13.173684210526318
2050	-27.847161572052357
2051	-5.988888888888937
2052	-9.030769230769195
2053	-8.588888888888945
2054	-16.29694323144099
2055	-4.166666666666714
2056	-10.351020408163293
2057	-8.588888888888945
2058	-21.76855895196509
2059	-4.166666666666714
2060	-14.236734693877608
2061	-13.973821989528801
2062	-27.847161572052357
2063	-6.694444444444457
2064	-9.030769230769195
2065	-8.60000000000008
2066	-16.29694323144099
2067	-4.166666666666714
2068	-10.351020408163293
2069	-8.60000000000008
2070	-21.76855895196509
2071	-4.166666666666714
2072	-14.236734693877608
2073	-14.439790575916248
2074	-27.847161572052357
2075	-6.694444444444457
2076	-10.637305699481786
2077	-8.627777777777837
2078	-16.951965065502122
2079	-3.3722222222222484
2080	-12.839378238341936
2081	-8.627777777777837
2082	-21.768558951965105
2083	-3.3722222222222484
2084	-16.223880597014798
2085	-14.54973821989529
2086	-27.475982532751075
2087	-5.972222222222243
2088	-11.404145077720173
2089	-8.627777777777837
2090	-15.711790393013075
2091	-3.3444444444445054
2092	-13.803108808290148
2093	-8.627777777777837
2094	-20.275109170305626
2095	-3.3444444444445054
2096	-17.014925373134204
2097	-14.54973821989529
2098	-25.80349344978164
2099	-5.927777777777791
2100	-14.595854922279727
2101	-8.627777777777837
2102	-14.458515283842758
2103	-2.1500000000000625
2104	-18.082901554404145
2105	-8.627777777777837
2106	-18.624454148471585
2107	-2.1500000000000625
2108	-20.63212435233156
2109	-14.54973821989529
2110	-23.75109170305673
2111	-4.48333333333332
2112	-7.612244897959215
2113	-9.844621513944219
2114	-14.048034934497792
2115	-3.6502463054186904
2116	-11.293877551020415
2117	-9.844621513944219
2118	-18.72777777777783
2119	-3.6502463054186904
2120	-15.122448979591823
2121	-16.748717948717996
2122	-24.32777777777781
2123	-6.964102564102561
2124	-8.412244897959212
2125	-10.33466135458167
2126	-14.048034934497792
2127	-4.586206896551701
2128	-12.179591836734716
2129	-10.33466135458167
2130	-18.72777777777783
2131	-4.586206896551701
2132	-16.08163265306119
2133	-17.456410256410294
2134	-24.32777777777781
2135	-7.374358974359012
2136	-8.412244897959212
2137	-10.50996015936255
2138	-18.366812227074263
2139	-4.586206896551701
2140	-12.179591836734716
2141	-10.50996015936255
2142	-24.445414847161544
2143	-4.586206896551701
2144	-16.08163265306119
2145	-17.81025641025647
2146	-30.314410480349324
2147	-7.374358974359012
2148	-9.5906735751295
2149	-10.677290836653356
2150	-18.366812227074263
2151	-4.714285714285722
2152	-12.424489795918447
2153	-10.677290836653356
2154	-24.445414847161544
2155	-4.714285714285722
2156	-16.473469387755046
2157	-18.210256410256505
2158	-30.314410480349324
2159	-7.393782383419577
2160	-9.5906735751295
2161	-10.780876494023858
2162	-18.366812227074263
2163	-4.714285714285722
2164	-12.424489795918447
2165	-10.780876494023858
2166	-24.445414847161544
2167	-4.714285714285722
2168	-16.473469387755046
2169	-19.21649484536087
2170	-30.314410480349324
2171	-7.393782383419577
2172	-12.160621761657978
2173	-10.904382470119515
2174	-18.257641921397408
2175	-4.891625615763587
2176	-14.273631840795957
2177	-10.904382470119515
2178	-23.965065502183478
2179	-4.891625615763587
2180	-17.696517412935293
2181	-19.266666666666765
2182	-29.331877729257684
2183	-7.517241379310349
2184	-12.943005181347104
2185	-10.904382470119515
2186	-17.01746724890836
2187	-4.467980295566548
2188	-14.940298507462643
2189	-10.904382470119515
2190	-22.545851528384304
2191	-4.467980295566548
2192	-18.50746268656718
2193	-19.266666666666765
2194	-27.772925764192195
2195	-6.680628272251312
2196	-16.0466321243523
2197	-10.904382470119515
2198	-15.699999999999989
2199	-3.8472906403941067
2200	-18.595854922279713
2201	-10.904382470119515
2202	-20.646288209607036
2203	-3.8472906403941067
2204	-7.8418367346938425
2205	-19.266666666666765
2206	-25.519650655021877
2207	-5.842364532019644
2208	-9.83673469387756
2209	-9.358974358974393
2210	-17.235807860262042
2211	-4.857142857142875
2212	-13.665306122448982
2213	-9.358974358974393
2214	-22.488888888888965
2215	-4.857142857142875
2216	-17.653061224489804
2217	-23.32989690721641
2218	-27.950000000000017
2219	-7.080000000000098
2220	-10.693877551020435
2221	-9.851282051282084
2222	-17.235807860262042
2223	-5.582857142857165
2224	-14.595918367346911
2225	-9.851282051282084
2226	-22.488888888888965
2227	-5.582857142857165
2228	-18.657142857142844
2229	-24.6855670103092
2230	-27.950000000000017
2231	-8.142857142857167
2232	-10.693877551020435
2233	-10.071794871794935
2234	-20.991266375545777
2235	-5.582857142857165
2236	-14.595918367346911
2237	-10.071794871794935
2238	-26.8602620087336
2239	-5.582857142857165
2240	-18.657142857142844
2241	-25.292307692307702
2242	-32.11790393013098
2243	-8.142857142857167
2244	-10.942857142857193
2245	-10.343589743589831
2246	-20.991266375545777
2247	-5.10362694300521
2248	-14.991836734693834
2249	-10.343589743589831
2250	-26.8602620087336
2251	-5.10362694300521
2252	-19.199999999999932
2253	-25.538461538461547
2254	-32.11790393013098
2255	-8.269430051813487
2256	-10.942857142857193
2257	-10.989743589743654
2258	-20.991266375545777
2259	-5.10362694300521
2260	-14.991836734693834
2261	-10.989743589743654
2262	-26.8602620087336
2263	-5.10362694300521
2264	-19.199999999999932
2265	-26.21134020618544
2266	-32.11790393013098
2267	-8.269430051813487
2268	-12.462686567164099
2269	-11.025641025641107
2270	-20.12749003984065
2271	-4.314136125654386
2272	-15.885572139303491
2273	-11.025641025641107
2274	-26.051792828685223
2275	-4.314136125654386
2276	-19.5714285714285
2277	-26.252577319587573
2278	-31.884462151394402
2279	-7.6735751295337025
2280	-12.999999999999943
2281	-11.025641025641107
2282	-18.529880478087634
2283	-4.306010928961726
2284	-16.56716417910448
2285	-11.025641025641107
2286	-23.999999999999943
2287	-4.306010928961726
2288	-20.877551020408134
2289	-26.252577319587573
2290	-29.37450199203191
2291	-7.715025906735747
2292	-15.32642487046627
2293	-11.025641025641107
2294	-17.15000000000005
2295	-4.02094240837684
2296	-19.33830845771149
2297	-11.025641025641107
2298	-21.688888888888926
2299	-4.02094240837684
2300	-9.896174863388012
2301	-26.252577319587573
2302	-25.98253275109161
2303	-6.305699481865275
2304	-12.302040816326524
2305	-13.675257731958737
2306	-18.915611814345965
2307	-4.440476190476261
2308	-16.28979591836736
2309	-13.675257731958737
2310	-24.25
2311	-4.440476190476261
2312	-20.208163265306126
2313	-20.247422680412313
2314	-29.51666666666668
2315	-7.297619047619008
2316	-13.1142857142857
2317	-14.649484536082468
2318	-18.915611814345965
2319	-4.9821428571429465
2320	-17.175510204081633
2321	-14.649484536082468
2322	-24.25
2323	-4.9821428571429465
2324	-21.138775510204084
2325	-21.30412371134014
2326	-29.51666666666668
2327	-8.214285714285708
2328	-13.1142857142857
2329	-15.097938144329873
2330	-22.445414847161572
2331	-4.9821428571429465
2332	-17.175510204081633
2333	-15.097938144329873
2334	-27.72777777777773
2335	-4.9821428571429465
2336	-21.138775510204084
2337	-21.74226804123711
2338	-33.05676855895203
2339	-8.214285714285708
2340	-13.485714285714266
2341	-15.180412371133968
2342	-22.445414847161572
2343	-4.544041450777257
2344	-17.693877551020336
2345	-15.180412371133968
2346	-27.72777777777773
2347	-4.544041450777257
2348	-21.795918367346985
2349	-21.814432989690687
2350	-33.05676855895203
2351	-7.785714285714377
2352	-13.485714285714266
2353	-15.515463917525722
2354	-22.445414847161572
2355	-4.544041450777257
2356	-17.693877551020336
2357	-15.515463917525722
2358	-27.72777777777773
2359	-4.544041450777257
2360	-21.795918367346985
2361	-21.876288659793715
2362	-33.05676855895203
2363	-7.785714285714377
2364	-14.228855721393046
2365	-15.556701030927798
2366	-22.9800796812749
2367	-4.487046632124304
2368	-18.08163265306115
2369	-15.556701030927798
2370	-28.812749003984067
2371	-4.487046632124304
2372	-22.342857142857156
2373	-21.860824742267965
2374	-34.282868525896475
2375	-6.419689119170869
2376	-14.781094527363251
2377	-15.556701030927798
2378	-21.27888446215138
2379	-4.512953367875582
2380	-19.175510204081576
2381	-15.556701030927798
2382	-26.653386454183277
2383	-4.512953367875582
2384	-23.661224489795984
2385	-21.860824742267965
2386	-31.67729083665344
2387	-6.357512953367802
2388	-17.174129353233837
2389	-15.556701030927798
2390	-18.59760956175296
2391	-3.8722222222223053
2392	-21.70646766169159
2393	-15.556701030927798
2394	-23.250996015936295
2395	-3.8722222222223053
2396	-26.218905472636806
2397	-21.860824742267965
2398	-28.500000000000085
2399	-5.321243523315928
2400	-6.334693877550976
2401	-7.136752136752165
2402	-12.704641350210963
2403	-2.7041420118343353
2404	-8.640816326530597
2405	-7.136752136752165
2406	-17.318777292576428
2407	-2.7041420118343353
2408	-11.697959183673461
2409	-11.750000000000028
2410	-22.69868995633186
2411	-4.061111111111188
2412	-7.697435897435938
2413	-7.2478632478632505
2414	-12.704641350210963
2415	-2.5000000000000426
2416	-9.794871794871824
2417	-7.2478632478632505
2418	-17.318777292576428
2419	-2.5000000000000426
2420	-12.11020408163266
2421	-12.416666666666686
2422	-22.69868995633186
2423	-5.494444444444554
2424	-7.697435897435938
2425	-7.358974358974379
2426	-15.93449781659389
2427	-2.5000000000000426
2428	-9.794871794871824
2429	-7.358974358974379
2430	-20.576419213973807
2431	-2.5000000000000426
2432	-12.11020408163266
2433	-12.694444444444471
2434	-25.816593886462897
2435	-5.494444444444554
2436	-8.869198312236321
2437	-7.440170940170958
2438	-15.93449781659389
2439	-2.3136094674556347
2440	-11.035897435897454
2441	-7.440170940170958
2442	-20.576419213973807
2443	-2.3136094674556347
2444	-13.912087912087898
2445	-12.705555555555605
2446	-25.816593886462897
2447	-4.750000000000114
2448	-8.869198312236321
2449	-7.465811965811966
2450	-15.93449781659389
2451	-2.3136094674556347
2452	-11.035897435897454
2453	-7.465811965811966
2454	-20.576419213973807
2455	-2.3136094674556347
2456	-13.912087912087898
2457	-12.761111111111134
2458	-25.816593886462897
2459	-4.750000000000114
2460	-12.059071729957822
2461	-7.465811965811966
2462	-14.72282608695653
2463	-2.171597633136173
2464	-14.746113989637195
2465	-7.465811965811966
2466	-18.597826086956474
2467	-2.171597633136173
2468	-17.461139896373027
2469	-12.761111111111134
2470	-23.282608695652158
2471	-3.2839506172839634
2472	-12.860759493670912
2473	-7.465811965811966
2474	-13.538043478260903
2475	-2.1005917159764067
2476	-15.699481865284895
2477	-7.465811965811966
2478	-17.10326086956519
2479	-2.1005917159764067
2480	-18.611398963730522
2481	-12.761111111111134
2482	-21.48369565217388
2483	-3.105555555555668
2484	-15.451476793249
2485	-7.465811965811966
2486	-12.347826086956502
2487	-3.7805907172996314
2488	-19.419689119170926
2489	-7.465811965811966
2490	-15.576086956521692
2491	-3.7805907172996314
2492	-23.37823834196888
2493	-12.761111111111134
2494	-19.521739130434753
2495	-3.1687242798354447
2496	-6.914285714285711
2497	-7.5722222222222655
2498	-13.89082969432313
2499	-3.5444444444445082
2500	-9.971428571428604
2501	-7.5722222222222655
2502	-19.27074235807858
2503	-3.5444444444445082
2504	-13.453061224489801
2505	-12.031578947368388
2506	-24.698689956331876
2507	-5.711111111111137
2508	-8.456410256410251
2509	-7.938888888888911
2510	-13.89082969432313
2511	-4.505555555555574
2512	-10.18367346938777
2513	-7.938888888888911
2514	-19.27074235807858
2515	-4.505555555555574
2516	-13.7510204081633
2517	-12.261780104712074
2518	-24.698689956331876
2519	-7.15000000000002
2520	-8.456410256410251
2521	-8.094444444444477
2522	-17.449781659388606
2523	-4.505555555555574
2524	-10.18367346938777
2525	-8.094444444444477
2526	-22.689956331877738
2527	-4.505555555555574
2528	-13.7510204081633
2529	-13.104712041884824
2530	-28.506550218340635
2531	-7.15000000000002
2532	-9.974093264248694
2533	-8.105555555555611
2534	-17.449781659388606
2535	-3.8388888888889596
2536	-11.601036269430068
2537	-8.105555555555611
2538	-22.689956331877738
2539	-3.8388888888889596
2540	-14.263681592039674
2541	-13.570680628272271
2542	-28.506550218340635
2543	-6.461111111111137
2544	-9.974093264248694
2545	-8.133333333333397
2546	-17.449781659388606
2547	-3.8388888888889596
2548	-11.601036269430068
2549	-8.133333333333397
2550	-22.689956331877738
2551	-3.8388888888889596
2552	-14.263681592039674
2553	-13.680628272251312
2554	-28.506550218340635
2555	-6.461111111111137
2556	-13.165803108808234
2557	-8.133333333333397
2558	-16.01310043668127
2559	-2.6444444444445026
2560	-15.880829015544037
2561	-8.133333333333397
2562	-20.078602620087352
2563	-2.6444444444445026
2564	-17.75647668393779
2565	-13.680628272251312
2566	-25.298913043478237
2567	-5.016666666666666
2568	-13.932642487046593
2569	-8.133333333333397
2570	-14.772925764192195
2571	-2.6166666666667027
2572	-16.84455958549225
2573	-8.133333333333397
2574	-18.58515283842793
2575	-2.6166666666667027
2576	-18.906735751295315
2577	-13.680628272251312
2578	-23.483695652173864
2579	-4.972222222222243
2580	-16.585492227979245
2581	-8.133333333333397
2582	-13.519650655021849
2583	-2.185185185185148
2584	-20.5440414507772
2585	-8.133333333333397
2586	-16.93449781659389
2587	-2.185185185185148
2588	-23.89119170984455
2589	-13.680628272251312
2590	-21.309782608695613
2591	-3.450000000000074
2592	-8.412244897959226
2593	-9.936254980079696
2594	-16.288209606986882
2595	-4.596059113300456
2596	-11.893877551020424
2597	-9.936254980079696
2598	-21.716157205240222
2599	-4.596059113300456
2600	-15.444897959183663
2601	-16.358974358974365
2602	-26.890829694323074
2603	-8.092307692307756
2604	-8.999999999999972
2605	-10.111553784860547
2606	-16.288209606986882
2607	-5.142857142857139
2608	-12.138775510204141
2609	-10.111553784860547
2610	-21.716157205240222
2611	-5.142857142857139
2612	-15.76734693877546
2613	-16.712820512820542
2614	-26.890829694323074
2615	-7.92746113989628
2616	-8.999999999999972
2617	-10.278884462151353
2618	-18.563318777292594
2619	-5.142857142857139
2620	-12.138775510204141
2621	-10.278884462151353
2622	-24.379912663755533
2623	-5.142857142857139
2624	-15.76734693877546
2625	-17.112820512820576
2626	-29.851528384279476
2627	-7.92746113989628
2628	-10.886010362694265
2629	-10.382470119521912
2630	-18.563318777292594
2631	-4.9113300492611245
2632	-12.696517412935265
2633	-10.382470119521912
2634	-24.379912663755533
2635	-4.9113300492611245
2636	-15.697959183673447
2637	-18.134020618556747
2638	-29.851528384279476
2639	-7.397905759162285
2640	-10.886010362694265
2641	-10.50597609561757
2642	-18.563318777292594
2643	-4.9113300492611245
2644	-12.696517412935265
2645	-10.50597609561757
2646	-24.379912663755533
2647	-4.9113300492611245
2648	-15.697959183673447
2649	-18.180412371134025
2650	-29.851528384279476
2651	-7.397905759162285
2652	-13.98963730569946
2653	-10.50597609561757
2654	-16.401746724890828
2655	-4.2906403940886975
2656	-15.865284974093214
2657	-10.50597609561757
2658	-21.603260869565162
2659	-4.2906403940886975
2660	-18.626865671641752
2661	-18.180412371134025
2662	-27.17391304347828
2663	-6.544502617801143
2664	-14.772020725388558
2665	-10.50597609561757
2666	-15.16157205240178
2667	-3.86699507389163
2668	-16.83419689119168
2669	-10.50597609561757
2670	-20.081521739130352
2671	-3.86699507389163
2672	-19.43781094527364
2673	-18.180412371134025
2674	-25.34782608695653
2675	-6.539267015706756
2676	-17.36787564766837
2677	-10.50597609561757
2678	-13.663755458515325
2679	-3.098522167487701
2680	-20.71502590673569
2681	-10.50597609561757
2682	-18.206521739130352
2683	-3.098522167487701
2684	-11.744897959183703
2685	-18.180412371134025
2686	-23.005000000000024
2687	-4.795811518324584
2688	-10.436734693877582
2689	-9.112820512820576
2690	-19.200873362445435
2691	-5.651428571428667
2692	-13.987755102040808
2693	-9.112820512820576
2694	-24.375545851528386
2695	-5.651428571428667
2696	-17.648979591836735
2697	-23.210256410256363
2698	-29.144104803493406
2699	-8.228571428571527
2700	-10.746938775510245
2701	-9.333333333333343
2702	-19.200873362445435
2703	-5.19170984455954
2704	-14.375510204081593
2705	-9.333333333333343
2706	-24.375545851528386
2707	-5.19170984455954
2708	-18.118367346938697
2709	-23.820512820512818
2710	-29.144104803493406
2711	-8.321243523316127
2712	-10.746938775510245
2713	-9.605128205128239
2714	-20.087336244541433
2715	-5.19170984455954
2716	-14.375510204081593
2717	-9.605128205128239
2718	-25.722222222222285
2719	-5.19170984455954
2720	-18.118367346938697
2721	-24.066666666666634
2722	-30.677777777777735
2723	-8.321243523316127
2724	-11.238805970149201
2725	-10.26288659793829
2726	-20.087336244541433
2727	-4.650273224043673
2728	-14.293877551020358
2729	-10.26288659793829
2730	-25.722222222222285
2731	-4.650273224043673
2732	-18.14285714285711
2733	-24.721649484535988
2734	-30.677777777777735
2735	-8.124352331606218
2736	-11.238805970149201
2737	-10.288659793814588
2738	-20.087336244541433
2739	-4.650273224043673
2740	-14.293877551020358
2741	-10.288659793814588
2742	-25.722222222222285
2743	-4.650273224043673
2744	-18.14285714285711
2745	-24.76288659793812
2746	-30.677777777777735
2747	-8.124352331606218
2748	-13.069651741293484
2749	-10.288659793814588
2750	-17.934782608695656
2751	-4.282722513088871
2752	-16.70149253731347
2753	-10.288659793814588
2754	-23.505434782608717
2755	-4.282722513088871
2756	-6.393442622950829
2757	-24.76288659793812
2758	-28.978260869565304
2759	-6.71502590673569
2760	-13.606965174129272
2761	-10.288659793814588
2762	-16.711956521739154
2763	-4.27225130890038
2764	-17.383084577114403
2765	-10.288659793814588
2766	-21.97826086956522
2767	-4.27225130890038
2768	-8.459016393442653
2769	-24.76288659793812
2770	-27.14130434782612
2771	-6.756476683937791
2772	-17.088082901554344
2773	-10.288659793814588
2774	-15.135869565217405
2775	-3.618811881188165
2776	-20.104477611940325
2777	-10.288659793814588
2778	-19.960000000000036
2779	-3.618811881188165
2780	-25.223880597014897
2781	-24.76288659793812
2782	-24.92070484581498
2783	-5.955445544554465
2784	-12.395918367346951
2785	-13.871134020618541
2786	-20.620087336244495
2787	-5.172619047619165
2788	-16.05714285714285
2789	-13.871134020618541
2790	-25.38864628820957
2791	-5.172619047619165
2792	-19.600000000000023
2793	-20.180412371133997
2794	-30.649789029535867
2795	-8.351190476190425
2796	-12.78775510204079
2797	-14.323076923076883
2798	-20.620087336244495
2799	-4.666666666666771
2800	-16.530612244897895
2801	-14.323076923076883
2802	-25.38864628820957
2803	-4.666666666666771
2804	-20.146938775510222
2805	-20.618556701030826
2806	-30.649789029535867
2807	-7.672619047619136
2808	-12.78775510204079
2809	-14.41025641025638
2810	-21.434262948207163
2811	-4.666666666666771
2812	-16.530612244897895
2813	-14.41025641025638
2814	-26.661354581673294
2815	-4.666666666666771
2816	-20.146938775510222
2817	-20.690721649484487
2818	-31.70305676855901
2819	-7.672619047619136
2820	-12.751020408163242
2821	-14.737113402061794
2822	-21.434262948207163
2823	-4.588888888888832
2824	-16.599999999999966
2825	-14.737113402061794
2826	-26.661354581673294
2827	-4.588888888888832
2828	-20.314285714285774
2829	-20.752577319587573
2830	-31.70305676855901
2831	-7.025906735751221
2832	-12.751020408163242
2833	-14.77835051546387
2834	-21.434262948207163
2835	-4.588888888888832
2836	-16.599999999999966
2837	-14.77835051546387
2838	-26.661354581673294
2839	-4.588888888888832
2840	-20.314285714285774
2841	-20.737113402061738
2842	-31.70305676855901
2843	-7.025906735751221
2844	-14.706467661691534
2845	-14.77835051546387
2846	-20.054347826087024
2847	-4.227777777777874
2848	-18.283582089552283
2849	-14.77835051546387
2850	-25.527173913043555
2851	-4.227777777777874
2852	-21.82089552238807
2853	-20.737113402061738
2854	-30.907608695652215
2855	-6.195266272189315
2856	-15.258706467661739
2857	-14.77835051546387
2858	-18.831521739130466
2859	-4.2000000000000455
2860	-18.970149253731392
2861	-14.77835051546387
2862	-23.994565217391425
2863	-4.2000000000000455
2864	-22.95918367346937
2865	-20.737113402061738
2866	-29.08499999999995
2867	-6.094674556213022
2868	-17.7611940298508
2869	-14.77835051546387
2870	-17.13499999999999
2871	-3.8217821782179158
2872	-22.88059701492537
2873	-14.77835051546387
2874	-22.162995594713664
2875	-3.8217821782179158
2876	-28.00995024875627
2877	-20.737113402061738
2878	-27.18061674008814
2879	-5.272189349112381
