0.0006246806232431434
0.0006246806232431434
0.0006246806232431434
0.0006246806232431434
0.0006246806232431434
0.0006246806232431434
0.0006246806232431434
0.0006246806232431434
0.0006246806232431434
0.0006246806232431434
0.0005225258193233313
0.0005225114543297055
0.0005224970843793885
0.0005224827094689517
0.0005224683295949728
0.0005224539447540176
0.0005224395549426565
0.0005224251601574553
0.0005224107603949698
0.0005223963556517608
0.0005215232448835854
0.0005215088332650652
0.0005206176363096326
0.0005206032179402703
0.0005205887945773061
0.0005205743662172773
0.0005205599328567156
0.0005205454944921616
0.0005205310511201312
0.0005148288406425284
0.0004933711302239183
0.0004933568146166536
0.0004933424940867347
0.0004924694644666507
0.0004924551403021215
0.0004924443177193577
0.00049242998490143
0.0004924156471490081
0.0004924013044586908
0.0004915101732122181
0.0004914981145213894
0.0004914837642882218
0.000491469409108562
0.0004914550489789924
0.0004914406838961086
0.0004896153461813277
0.0004896009850728211
0.0004895866190103216
0.0004895722479904093
0.000486684614670491
0.00048667025707519563
0.00047618971084344207
0.00047617544348070703
0.00047530246389174824
0.0004752881961411215
0.0004743971365844298
0.00047348722464593865
0.0004734729622541975
0.00047345869497636314
0.0004725290923065456
0.0004715789242535055
0.0004715646641871649
0.0004705929804207542
0.00046959877363825643
0.000464023482588539
0.000464009302419166
0.000463995117419895
0.00046398092758744285
0.00046396673291851257
0.00046395253340979925
0.00046393832905800253
0.00046392411985982465
0.0004639099058119537
0.00046303697635795505
0.00046302276521262726
0.00046300854921627304
0.000462994328365591
0.0004629801026572503
0.00046208908180262587
0.00046207485954004437
0.000462060632418843
0.00046115075270370385
0.0004611365296130651
0.0004602069674790893
0.00045925684350629986
0.0004592426352547802
0.0004544177617754338
0.0004544036267401192
0.0004535307731196417
0.0004526398506895123
0.0004526257336289301
0.00045261161178137454
0.0004517018339087525
0.00045077238190015804
0.0004498223716187559
0.0004466976887387131
0.00044494814898527715
0.00044493415744647585
0.0004431091649959623
0.0004430952064838385
0.0004430812432917134
0.0004401939701407257
0.0004401800688796382
0.0004401661629768657
0.00044015225242931066
0.0004401383372338747
0.0004401244173874384
0.00044011049288689673
0.0004392378434570769
0.0004383471315694071
0.00043743758044430205
0.00043650836207583937
0.000434479915723471
0.00043446611665966934
0.0004344523130222058
0.0004344385048080544
0.00043442469201417967
0.00043441087463753735
0.0004343970526750881
0.00043264769875053576
0.0004326362701308091
0.0004326224875303339
0.0004317130385018865
0.00042942519145356393
0.0004294114966731794
0.0004293977973880323
0.0004293840935951622
0.0004293703852915928
0.0004293566724743655
0.00042934295514050053
0.000429329233287018
0.00042931550691094675
0.0004293017760092996
0.0004292880405790956
0.00042927430061734
0.0004292605561210506
0.0004283880801704301
0.0004274975482432483
0.0004274838493476366
0.0004266874977339087
0.00042656080004069416
0.0004265505810356452
0.0004256250067348391
0.00042561135215541106
0.00042475901124120066
0.0004247453795737308
0.00042312259702549117
0.00042208586032427823
0.00042116042861557436
0.0004207241012449154
0.00042071060328359347
0.0004206971009461102
0.0004206835942296364
0.0004206700831313322
0.000420656567648346
0.00042064304777783784
0.0004197707899400689
0.00041798480989490124
0.00041697883212560234
0.00041696545035168676
0.0004169520642766552
0.0004169386738977557
0.0004169252792122043
0.0004169118802172359
0.00041689847691007883
0.00041688506928795865
0.0004168716573480886
0.0004168582410876858
0.0004168448205039808
0.0004168313955941688
0.0004147159335435217
0.0004140073563303576
0.0004134566551573198
0.000412584628678463
0.00041170190216063623
0.0004108249586849665
0.0004103237648013897
0.0004103106202792146
0.00041029747160715
0.0004102843187825674
0.00041027116180284416
0.0004102580006653542
0.0004102448353674734
0.0004102316659065646
0.00041021849228000366
0.00041020531448514015
0.0004101921325193448
0.00041017894637997734
0.0004101657560643929
0.0004101525615699431
0.00041013936289398083
0.000410126160033851
0.00040766238487222013
0.00040728999472304414
0.00040721415674626254
0.0004072010948445929
0.00040718802884505276
0.0004071749587450796
0.0004071618845420944
0.0004071488062335152
0.00040713572381677305
0.0004071226372892824
0.0004071095466484608
0.0004064232184626752
0.0004058285004659448
0.00040438031385435004
0.00040436736403929284
0.0004043544101964259
0.00040434145232323736
0.000404328490417231
0.00040431552447587786
0.00040430255449668467
0.0004042895804771184
0.0004042766024146723
0.0004042636203068208
0.00040425063415104167
0.0004042376439448121
0.00040422464968560497
0.0004042116513708868
0.00040419864899812394
0.00040332689173622086
0.0004033125517542157
0.00040329820683304495
0.0004024084079966714
0.0004023954926319347
0.0004015932625070218
0.00040158038985455534
0.00040156751322216466
0.0004015546326073781
0.0004015417480077364
0.00040152885942077555
0.0004015159668440215
0.0004015030702750087
0.00040149016971125753
0.00040147726515030044
0.0004014643565896543
0.00040145144402684246
0.00040069659817564696
0.0004005662187223907
0.00040055709732850626
0.0003996673901879667
0.0003996570155540859
0.0003989992435736041
0.0003989864645230561
0.0003989736815502729
0.0003989608946528431
0.0003989481038283634
0.00039893530907441385
0.0003989225103885833
0.00039890970776844793
0.0003988969012115979
0.00039811200977299583
0.00039801257222494765
0.0003966073509667334
0.00039659468915601237
0.0003965820234947166
0.0003965693539805088
0.00039655668061103856
0.0003965440033839721
0.0003965313222969448
0.0003965186373476084
0.00039650594853361966
0.00039649325585261236
0.00039648055930223706
0.0003964678588801248
0.00039645515458392084
0.00039644244641125957
0.00039642973435977455
0.000396417018427098
0.0003964042986108534
0.0003963915749086752
0.0003963788473181886
0.0003963661158370139
0.0003963533804627682
0.00039634064119307017
0.00039633564117444784
0.0003956716321135516
0.0003954603195429616
0.0003950115195028036
0.00039455813314967503
0.0003941448218654974
0.0003941322220290996
0.00039411961837975264
0.00039410701091515044
0.00039409439963298523
0.00039408178453094033
0.00039406916560670027
0.0003940565428579561
0.0003940439162823794
0.0003940312858776528
0.00039396084647267044
0.00039314690599098686
0.00039314194283887697
0.0003931293668724207
0.0003929399346415097
0.00039275610275899187
0.00039256589720134316
0.0003919025718189685
0.0003918924858992384
0.0003918877769475026
0.0003918752712844935
0.00039186276186534824
0.00039185024868780446
0.0003918377317496137
0.000391825211048506
0.0003918126865822176
0.0003918001583484871
0.0003917876263450497
0.00039177509056963265
0.0003917625510199623
0.00039175000769376794
0.00039173746058877585
0.0003917249097027071
0.00039171235503328506
0.00039170762567008544
0.0003916950657886737
0.00039108322808281
0.0003908148663951133
0.0003900850053488399
0.0003899207437363452
0.0003899083143484782
0.0003898958812501723
0.0003896815586240158
0.0003896691354903871
0.0003896567086500631
0.0003896442781008224
0.00038963184384045106
0.0003896194058667381
0.0003896069641774603
0.00038960237946018876
0.000389589932682858
0.0003895774821846986
0.00038956502796349597
0.00038955257001700895
0.0003895401083430168
0.0003892133093884034
0.00038882462932778944
0.00038881588940956
0.00038829940799956734
0.00038828703660873126
0.0003878693165590297
0.00038779664578290446
0.00038771118235596464
0.00038759671907197745
0.0003875843904996411
0.00038757995132011674
0.0003875676177826184
0.0003875552805917212
0.00038755083830826294
0.00038753849614525855
0.0003875261503237395
0.00038752170493200615
0.00038751725906574714
0.0003875049069465011
0.0003868335126906643
0.0003868219169890773
0.00038681031805818885
0.0003866061849765977
0.000385932032378352
0.000385919341265574
0.000385711338441196
0.00038564433833811136
0.0003856321215353139
0.0003856199011479681
0.0003856076771739743
0.00038559544961122
0.0003855832184575953
0.00038557098371100286
0.0003855587453693176
0.0003846956638920734
0.0003846165526627889
0.00038418248050887445
0.00038417036240352936
0.000384158240771341
0.0003837984035400715
0.0003837863096069259
0.0003837742121609962
0.0003837700683922372
0.00038375796622730794
0.0003837458605448137
0.0003837337513427072
0.00038372163861893877
0.00038370952237146486
0.0003836313942921157
0.0003835575507777246
0.0003830907888529415
0.00038307779352227524
0.0003830409831317363
0.00038218349236683163
0.00038211776745340564
0.0003819898634195386
0.00038197788494497855
0.00038196590302440813
0.0003819619082848041
0.00038194992176647356
0.00038193793179751214
0.00038192593837592164
0.00038191394149972405
0.0003817455264376815
0.0003814932535737083
0.00038128884481011
0.00038102058976468493
0.000381008665656527
0.00038098609281590225
0.000380974163008781
0.0003809622297836122
0.0003809502931384378
0.0003802236070444
0.000380211739697461
0.00038019986896818523
0.0003801879948546421
0.00038018414758480944
0.0003801722689877139
0.0003800306931253112
0.0003800174023885391
0.0003798925048604039
0.0003793514202326723
0.0003793415764160511
0.00037925478587650085
0.0003792469166069903
0.00037907420238456226
0.00037906241334019735
0.0003789329247245778
0.0003785505424808296
0.0003785387977281662
0.0003785270496627124
0.00037851529828259324
0.0003785035435859371
0.0003784917855708788
0.00037848002423553713
0.0003784682595780362
0.0003784645614278678
0.0003784608629493033
0.00037845716414229395
0.00037844539302495187
0.00037844169284379165
0.00037843799233387444
0.00037821333554828384
0.00037808952237688
0.00037795759918008207
0.0003777205814945998
0.0003775366408603834
0.0003775328590551578
0.0003775290769065149
0.0003775252944143965
0.00037751610693166344
0.0003772490205804527
0.0003768981404889222
0.0003768946012302933
0.0003768910616708897
0.00037687942957150445
0.00037687588872247944
0.00037663366336694457
0.0003765841129698202
0.0003765802436752797
0.00037657379405212126
0.00037656734343007085
0.00037649857985147425
0.000376404537952165
0.0003763967141694416
0.00037630294264300474
0.0003762247025058801
0.0003762137322584436
0.0003760894170003974
0.00037607783289859075
0.0003758900088224032
0.0003758824111810312
0.0003758787845453961
0.00037566254106869313
0.0003753821683542349
0.0003752916347436233
0.00037528824825031656
0.0003752848614816429
0.00037528147443755894
0.0003752780871180116
0.00037527469952295994
0.00037485325834490474
0.0003748005578770708
0.00037478740983181173
0.0003747386066401611
0.00037472903312923733
0.0003747194574172978
0.0003743461169372873
0.0003740870978449034
0.00037406872695667305
0.00037394837075836084
0.0003737963753888199
0.000373784994203521
0.00037378176613715904
0.0003737785378205936
0.000373775309253782
0.00037372731885617694
0.00037363506925649424
0.0003733805053185661
0.0003733769598096874
0.0003731750932523767
0.00037316567167440545
0.00037315624796475054
0.0003730460947940283
0.0003730389959511415
0.0003728820328199467
0.0003728282153420344
0.0003728249122609298
0.00037255375730128946
0.00037254311527787484
0.0003724586538421701
0.0003723887578755225
0.0003723755941827873
0.00037237005510999004
0.00037234482689251674
0.00037229662507284194
0.0003722853659208097
0.00037227410372435584
0.00037226283848183376
0.0003722597656141331
0.0003722566925197041
0.00037225361919852174
0.0003722505456505452
0.0003722474718757505
0.00037224439787409417
0.0003722377964540057
0.00037222361883422353
0.0003719106366791287
0.00037190139823592135
0.0003717741518957071
0.00037169508028582444
0.00037168215710245195
0.0003716692299081122
0.0003716562987003137
0.0003714984894280726
0.0003714891849065537
0.0003714779619829875
0.0003712416716112276
0.00037123852247114873
0.0003712353730929523
0.0003712322234766009
0.00037079816643452825
0.00037078702002514303
0.0003707841043182552
0.00037078118840724433
0.00037077003745275886
0.00037073969148764696
0.00037072662076283007
0.00037072314673349823
0.00037071967241437796
0.0003707161978054241
0.0003705991770524382
0.00037047693893881283
0.00037025779573003235
0.0003702545713128764
0.0003702513466460815
0.00037022989506520806
0.00037002775368707145
0.0003699794548185999
0.00036996837030223525
0.0003699553582634044
0.00036994619241588527
0.0003698850982489868
0.00036976244402891356
0.0003697489841937583
0.0003696599330451502
0.0003696183395388484
0.0003695467993014942
0.0003693293552587005
0.0003693265969165912
0.00036932383839179833
0.0003693210796843012
0.00036931832079407467
0.0003693155617210889
0.00036930452360095923
0.0003692934825548085
0.0003692907218359365
0.0003692879609340704
0.0003692851998491776
0.0003692824385812441
0.00036927967713023564
0.0003692769154961335
0.0003692741536789143
0.00036927139167855104
0.000369268629495021
0.00036926586712829513
0.00036926310457835893
0.00036919089413986716
0.000369101731838536
0.0003690049015588584
0.00036880376856793793
0.0003687276479869953
0.00036872458448908307
0.0003687188773724967
0.0003687007902084771
0.00036838073919497565
0.0003683270403340445
0.00036816578286330657
0.00036795661686856693
0.00036794485321830974
0.00036793394489169665
0.00036793134724998094
0.000367928749446254
0.00036792615148048584
0.0003679235533526655
0.0003679209550627689
0.00036791004047472426
0.0003679074413417047
0.0003679048420464895
0.00036790224258905104
0.00036778165011329964
0.00036775013271777196
0.000367697136460991
0.00036769205654062914
0.0003673082327958052
0.00036725202152097526
0.0003671519093323653
0.00036697244213780073
0.0003669657074322325
0.00036695897163754583
0.00036695631247135195
0.0003667163214457235
0.0003666298496663572
0.0003666274175837764
0.00036662498535917036
0.0003666225529925314
0.00036662012048383825
0.000366617687833072
0.0003666152550402226
0.0003666128221052691
0.00036661038902819574
0.0003664155691051298
0.00036634558210553285
0.00036633289443424875
0.00036627843717253243
0.0003658080420920046
0.0003656850729706533
0.0003656825850895713
0.0003656800970598784
0.000365677608881554
0.0003656727866469618
0.0003656640681134781
0.00036541247944928633
0.00036536281483669203
0.0003653605496465265
0.0003653582843331658
0.0003653560188965931
0.0003653537533367991
0.0003653514876537672
0.0003653492218474869
0.0003653469559179409
0.0003650277588349111
0.00036501327288863614
0.00036472118565403076
0.0003647186395264703
0.00036461025003110516
0.0003643922652550832
0.0003643837137022076
0.0003642486679376923
0.00036421490218230084
0.0003641531425767501
0.000364151046666097
0.0003641489506499702
0.0003641384689867422
0.0003641363723375702
0.00036413427558284925
0.0003641321787225781
0.0003641300817567377
0.00036412798468532466
0.00036412588750831784
0.0003641237902257164
0.00036412169283750527
0.00036411120431178496
0.0003641007131442501
0.00036409861459363877
0.00036409651593729663
0.0003640944171752048
0.00036397070644799117
0.0003639617539776126
0.00036358255648194054
0.00036308235789538865
0.00036307714343551987
0.0003630709837430421
0.0003630621254286501
0.00036305326522992435
0.0003629458797385285
0.000362935542768205
0.00036292520323188797
0.0003629232752378542
0.0003629213471545734
0.00036291941898203777
0.00036290907544196026
0.00036289872933262295
0.00036288838065274263
0.0003628864509534763
0.0003628845211648071
0.00036288259128672404
0.0003628722385960032
0.000362870308148732
0.0003628683776119867
0.00036286644698575835
0.00036286451627004274
0.00036286258546482233
0.00036278620910221897
0.0003626413690749479
0.00036256337693667604
0.000362550377960806
0.00036253737492690556
0.00036241530737809356
0.00036240674663604364
0.0003623981841341507
0.0003623672277846557
0.00036233821676132213
0.00036218989081232604
0.0003621800966471909
0.0003620013248933677
0.0003619903143778602
0.00036186701699909715
0.000361860904101953
0.0003618465172744896
0.000361832125476062
0.00036181772870324223
0.0003616076222166933
0.00036159739100977454
0.0003615956267545813
0.00036159386242465925
0.0003615920980199986
0.00036158186299864393
0.00036158009808560026
0.0003615698601147838
0.0003615680946930641
0.0003615663291965175
0.0003615645636251341
0.0003615543218348403
0.00036155255575440046
0.000361550789599079
0.0003615490233688631
0.0003615472570637474
0.0003615454906837315
0.0003615437242288013
0.0003615334773124557
0.0003615317103479647
0.0003615299433085096
0.00036152817619408505
0.0003615264090046929
0.00036152464174031557
0.000361522874400957
0.0003615211069866011
0.0003615193394972489
0.0003615175719328934
0.00036151580429352455
0.00036146563163330295
0.0003614605665105697
0.00036117607313921034
0.0003611631658891949
0.0003610963842834196
0.00036097990773428454
0.0003609519093708706
0.00036077632489463576
0.00036059667157009145
0.0003605865504841373
0.00036057642693828105
0.0003605663009313321
0.00036055617246208936
0.00036037221518574994
0.00036037061984451826
0.0003603690244421847
0.000360367428978742
0.00036036583345418004
0.00036036423786850236
0.0003603541310727157
0.0003603525350386821
0.00036035093894349024
0.000360349342787134
0.0003603477465696103
0.0003603461502909136
0.00036034455395104076
0.00036034295754998243
0.00036034136108773873
0.0003603397645643075
0.0003603381679796768
0.0003603280548554174
0.0003603179392751318
0.0003603163418536851
0.0003603147443709683
0.0003603131468269873
0.0003602438763226961
0.00036009581369437853
0.00035999000789330805
0.0003599282669333398
0.0003598921593532065
0.00035984451698590944
0.00035955100088523123
0.00035939484673630745
0.0003593932135175027
0.00035939158023465636
0.00035938994688776595
0.00035938831347682125
0.0003592418004445986
0.0003592403780468431
0.00035923895560051506
0.00035923753310560766
0.0003592361105621189
0.0003592346879700416
0.0003592332653293793
0.0003592318426401269
0.00035923041990227825
0.00035922899711582855
0.0003592275742807792
0.0003592261513971282
0.000359224728464865
0.00035922330548399236
0.00035922188245450477
0.0003591450695743184
0.0003589001272144021
0.0003588829368866338
0.00035887407127001535
0.0003588662470997668
0.00035878803685293576
0.0003585983563842271
0.00035856406619333507
0.00035851469695288835
0.00035841673811059453
0.0003584068907731371
0.0003582784206690796
0.0003582692490354972
0.0003581560412663011
0.0003581327196575795
0.00035813147120264497
0.0003581216606114138
0.0003581204118249588
0.0003581191630010636
0.00035811791413972374
0.00035811666524094307
0.0003581154163047108
0.0003581141673310312
0.0003581129183199021
0.00035811166927131446
0.00035811042018527256
0.00035810917106177245
0.0003581079219008141
0.00035810667270238746
0.0003581054234664999
0.00035810417419314237
0.00035810292488231636
0.0003581016755340168
0.00035810042614824433
0.00035809917672499403
0.00035809792726426503
0.0003580966777660566
0.00035809542823036404
0.00035809417865718637
0.00035809292904651817
0.00035793054547325116
0.000357657223999195
0.00035754201469327326
0.00035753384646947274
0.0003574544762869149
0.00035729654652888845
0.00035728959086089526
0.00035727990067294796
0.0003572729422244748
0.00035723921165000885
0.00035716162366430086
0.00035716034576064925
0.00035704774105580546
0.00035704666767599476
0.0003570370060125826
0.00035703593235609745
0.00035703485867193564
0.00035703378496009875
0.0003570327112205829
0.0003570316374533867
0.00035703056365850874
0.00035702948983594744
0.0003570284159857035
0.00035702734210777456
0.0003570262682021617
0.00035702519426885764
0.00035701552762272944
0.0003570144534124639
0.0003570133791744967
0.0003570123049088241
0.00035701123061544397
0.00035701015629435615
0.00035700908194555894
0.00035700800756904665
0.00035700693316482736
0.0003570058587328931
0.0003570047842732417
0.0003570037097858711
0.000357002635270789
0.0003570015607279808
0.0003569380793335921
0.0003568951997303612
0.00035678181137620507
0.0003566589490809424
0.0003565167417124355
0.0003565017620956581
0.00035643568779851297
0.0003564336907841379
0.0003564316936740101
0.0003563743798985894
0.00035624466617002434
0.00035615480634542827
0.0003561534971762839
0.0003560715423906624
0.00035607044355740543
0.0003560693446951614
0.0003559910382886629
0.00035599014121310033
0.0003559892441182215
0.0003559883470040166
0.0003559874498704926
0.00035598655271764794
0.00035598565554547545
0.0003559847583539798
0.0003559838611431599
0.00035598296391301106
0.00035598206666353805
0.0003559811693947358
0.000355980272106607
0.0003559793747991463
0.0003559784774723547
0.0003559775801262342
0.00035597668276077753
0.0003559757853759913
0.0003559748879718715
0.0003555919488420005
0.0003555893746615949
0.00035550552641916314
0.0003555032224902694
0.0003554714620301357
0.00035546753038872544
0.00035533268891745307
0.0003552556109138074
0.00035524778407849717
0.00035524152155120593
0.0003552368240377804
0.00035523055986232815
0.0003552242947446848
0.000355089215000891
0.0003550880899451922
0.0003550278397489326
0.0003550269216874249
0.00035501333201031984
0.0003549431047823685
0.0003549423848380774
0.00035494166488134746
0.00035494094491217
0.0003549402249305492
0.0003549395049364865
0.00035493878492997297
0.00035493806491101635
0.00035493734487961173
0.0003549366248357613
0.0003549359047794668
0.0003549351847107216
0.0003549344646295264
0.0003549337445358848
0.0003549330244297933
0.00035485691304095764
0.00035485113663966366
0.00035484714520354237
0.00035472757347871145
0.00035471824578722945
0.0003545989423926829
0.0003543789847644809
0.00035421883268546957
0.0003541424830501753
0.00035413482749713986
0.0003541271705368341
0.00035403872269141565
0.0003540322667518826
0.00035403132648305233
0.000354030386192996
0.00035402944588170933
0.00035402850554920037
0.00035398901466628227
0.0003539882780410266
0.00035395059785106977
0.00035395005663913046
0.0003539495154201573
0.0003539489741941561
0.0003539484329611195
0.00035394789172105243
0.00035394735047395267
0.0003539468092198166
0.0003539462679586516
0.0003539457266904504
0.0003539451854152142
0.0003539446441329488
0.00035394410284364606
0.0003539435615473103
0.0003539430202439385
0.0003539424789335334
0.0003539419376160963
0.0003539413962916219
0.00035394085496011287
0.00035394031362156856
0.0003539325675957854
0.0003538024311038665
0.00035373553970005595
0.0003536145871926412
0.00035354703057057906
0.0003533583537520123
0.00035334089597879143
0.00035333178860881955
0.00035331991463294533
0.0003531158030650803
0.0003530614723562416
0.00035303854118568206
0.0003530198987293241
0.0003529940003352878
0.000352985708130829
0.0003529774142752865
0.0003529550152277377
0.0003529542600878068
0.0003529346441401075
0.0003529279950921957
0.0003529035807488236
0.0003529032184655716
0.0003529028561791747
0.00035290249388962125
0.00035290213159691874
0.00035290176930106705
0.0003529014070020625
0.00035290104469990505
0.000352900682394601
0.0003529003200861402
0.000352899957774533
0.00035289959545976895
0.00035289923314185635
0.0003528988708207921
0.00035288981176957094
0.00035288944936654745
0.00035288908696036854
0.00035288872455104025
0.00035288836213855616
0.00035288799972291944
0.00035288763730412817
0.0003528872748821854
0.0003528869124570908
0.00035288655002883846
0.00035288618759743667
0.000352885825162878
0.0003528854627251694
0.000352811498676627
0.0003525165759630273
0.00035250758760633013
0.0003524549803831156
0.00035241408206253396
0.00035221424763554656
0.000352143009733839
0.00035196884790667746
0.0003519646980630585
0.00035196451657358026
0.000351964335083314
0.0003519641535922575
0.0003519552595614288
0.0003519550780308244
0.00035195489649942865
0.0003519532021682458
0.00035195302062867575
0.0003519528390883151
0.00035195265754716276
0.0003519524760052155
0.0003519522944624823
0.0003519521129189552
0.0003519519313746356
0.00035195174982952636
0.00035195156828362695
0.0003519513867369362
0.00035195120518945265
0.00035195102364117726
0.0003519508420921129
0.00035195066054225736
0.0003516602039223643
0.00035152795945425164
0.00035144036131143033
0.0003512018827035584
0.0003510592028180241
0.0003509895831298798
0.0003509178272446823
0.0003507754592104147
0.0003507400958766813
0.00035064874852384074
0.00035062094803616563
0.0003504944335802588
0.00035039886833875553
0.00035018759361751936
0.0003501430196586867
0.0003498048754224925
0.00034980173346509065
0.000349670891018224
0.00034960650122380614
0.0003494996766934284
0.0003494912538945218
0.0003492535143397564
0.00034914565278404343
0.00034907840128365047
0.0003488251123239896
0.00034880945655203413
0.0003487041529680101
0.00034869846362802604
0.0003486700166351673
0.00034860193983108555
0.00034859927587816114
0.00034838599988653104
0.00034838208612197874
0.0003482481216658413
0.00034816236202644014
0.00034815261794771796
0.00034812769391488
0.0003480611315146214
0.0003478472123560846
0.00034778825964454325
0.00034772055264406423
0.0003477180749819235
0.0003475312445409878
0.0003475232184439971
0.0003472583222201591
0.0003469409857484409
0.00034689173264584823
0.0003468866464055367
0.00034688435739478385
0.00034671761702128413
0.0003467054737506133
0.0003466933269389366
0.00034637375444858984
0.00034636757198482933
0.00034636617581764345
0.00034635294395891464
0.00034617792171829574
0.00034605870053194625
0.00034599025389425513
0.0003458760355287266
0.00034587266689075225
0.00034574127292152744
0.0003454850734843805
0.00034530617361888883
0.0003450846443876068
0.0003450771508157347
0.00034506706642784603
0.00034484448349662026
0.00034475961521121686
0.0003447528664338487
0.0003446624560966924
0.00034459719302179774
0.0003445699343997263
0.0003443843349303187
0.0003443781561424603
0.0003443626216095889
0.00034425778802818355
0.0003442547843097462
0.0003442517803747016
0.0003442487762230208
0.0003442457718546689
0.000343957775609028
0.00034384653240935047
0.00034378722387829407
0.0003435835166372675
0.0003435763513329389
0.00034354552816815163
0.0003435445475354591
0.00034354356687967853
0.000343341467780163
0.0003428536302454338
0.000342819011748517
0.0003428176671926907
0.0003428106876102459
0.0003427313462873069
0.00034272871236863434
0.00034272607828341226
0.0003427234440316152
0.00034272080961322593
0.0003420771774526187
0.00034201689485972213
0.0003420144482424282
0.000341807715333057
0.0003413493682543186
0.00034134840672229777
0.00034088458577559395
0.00033929460974870413
0.0003392934043004371
0.0003392921988172873
0.0003391054363749225
0.0003380031448639872
0.00033799749272246036
0.00033736972725862915
0.0003373685967025184
0.0003361421368561445
0.0003346781395242789
0.00032238184738379795
0.00032238184738379557
0.00032238184738379774
0.0003223818473837954
0.0003223818473837975
0.00032238184738379855
0.0003223818473837959
0.0003223818473837978
0.00032238184738379546
0.0003223818473837977
0.0003223818473837953
0.0003223818473837975
0.00032238184738379855
0.0003223818473837959
0.0003223818473837978
0.00032238184738379546
0.0003223818473837977
0.0003223818473837953
0.0003223818473837975
0.00032238184738379855
0.0003223818473837959
0.0003223818473837978
0.00032238184738379546
0.0003223818473837977
0.0003223818473837953
0.00032238184738379746
0.00032238184738379855
0.0003223818473837959
0.0003223818473837978
0.00032238184738379546
0.0003223818473837977
0.0003223818473837953
0.00032238184738379746
0.00032238184738379855
0.0003223818473837959
0.0003223818473837978
0.0003223818473837954
0.0003223818473837977
0.0003223818473837953
0.0003223818473837975
0.00032238184738379855
0.0003223818473837959
0.0003223818473837978
0.0003223818473837954
0.0003223818473837977
0.0003223818473837953
0.00032238184738379746
0.00032238184738379855
0.0003223818473837959
0.0003223818473837978
0.0003223818473837954
0.0003223818473837977
0.0003223818473837953
0.00032238184738379746
0.00032238184738379855
0.0003223818473837959
0.0003223818473837978
0.0003223818473837954
0.0003223818473837977
0.0003223818473837953
0.00032238184738379746
0.00032238184738379855
0.0003223818473837959
0.0003223818473837978
0.0003223818473837954
0.00032238184738379763
0.0003223818473837953
0.00032238184738379746
0.00032238184738379855
0.0003223818473837959
0.0003223818473837978
0.0003223818473837954
0.00032238184738379763
0.0003223818473837953
0.00032238184738379746
0.00032238184738379855
0.0003223818473837959
0.0003223818473837978
0.0003223818473837954
0.00032238184738379763
0.0003223818473837953
0.00032238184738379746
0.00032238184738379855
0.0003223818473837959
0.0003223818473837978
0.0003223818473837954
0.0003223818473837975
0.00032238184738379855
0.0003223818473837959
0.0003223818473837978
0.00032238184738379546
0.00032238184738379763
0.0003223818473837953
0.00032238184738379746
0.00032238184738379855
0.0003223818473837959
0.0003223818473837978
0.0003223818473837954
0.0003223818473837975
0.00032238184738379855
0.0003223818473837959
0.0003223818473837978
0.00032238184738379546
0.00032238184738379763
0.0003223818473837953
0.00032238184738379746
0.00032238184738379855
0.0003223818473837959
0.0003223818473837978
0.0003223818473837954
0.0003223818473837975
0.00032238184738379855
0.0003223818473837959
0.0003223818473837978
0.0003223818473837954
0.00032238184738379763
0.0003223818473837953
0.00032238184738379746
0.00032238184738379855
0.0003223818473837959
0.00032238184738379774
0.0003223818473837954
0.0003223818473837975
0.00032238184738379855
0.0003223818473837959
0.0003223818473837978
0.0003223818473837954
0.0003223818473837975
0.00032238184738379855
0.0003223818473837959
0.0003223818473837978
0.0003223818473837954
0.0003223818473837975
0.00032238184738379855
0.0003223818473837959
0.0003223818473837978
0.0003223818473837954
0.0003223818473837975
0.00032238184738379855
0.0003223818473837959
0.0003223818473837978
0.0003223818473837954
0.0003223818473837975
0.00032238184738379855
0.0003223818473837959
0.0003223818473837978
0.0003223818473837954
0.0003223818473837975
0.00032238184738379855
0.0003223818473837959
0.0003223818473837978
0.00032238184738379546
0.00032238184738379763
0.0003223818473837953
0.00032238184738379746
0.00032238184738379855
0.0003223818473837959
0.0003223818473837978
0.0003223818473837954
0.0003223818473837975
0.00032238184738379855
0.0003223818473837959
0.0003223818473837978
0.0003223818473837954
0.0003223818473837975
0.00032238184738379855
0.0003223818473837959
0.0003223818473837978
0.0003223818473837954
0.0003223818473837975
0.00032238184738379855
0.0003223818473837959
0.0003223818473837978
0.00032238184738379546
0.00032238184738379763
0.0003223818473837953
0.00032238184738379746
0.00032238184738379855
0.0003223818473837959
0.0003223818473837978
0.0003223818473837954
0.0003223818473837975
0.00032238184738379855
0.0003223818473837959
0.0003223818473837978
0.0003223818473837954
0.00032238184738379763
0.0003223818473837953
0.00032238184738379746
0.00032238184738379855
0.0003223818473837959
0.00032238184738379774
0.0003223818473837954
0.0003223818473837975
0.00032238184738379855
0.0003223818473837959
0.0003223818473837978
0.0003223818473837954
0.0003223818473837975
0.00032238184738379855
0.0003223818473837959
0.0003223818473837978
0.0003223818473837954
0.0003223818473837975
0.00032238184738379855
0.0003223818473837959
0.0003223818473837978
0.0003223818473837954
0.0003223818473837975
0.00032238184738379855
0.0003223818473837959
0.0003223818473837978
0.00032238184738379546
0.00032238184738379763
0.0003223818473837953
0.00032238184738379746
0.00032238184738379855
0.0003223818473837959
0.00032238184738379774
0.0003223818473837954
0.0003223818473837975
0.00032238184738379855
0.0003223818473837959
0.0003223818473837978
0.0003223818473837954
0.0003223818473837975
0.00032238184738379855
0.0003223818473837959
0.0003223818473837978
0.0003223818473837954
0.00032238184738379763
0.0003223818473837953
0.00032238184738379746
0.00032238184738379855
0.0003223818473837959
0.00032238184738379774
0.0003223818473837954
0.0003223818473837975
0.00032238184738379855
0.0003223818473837959
0.0003223818473837978
0.0003223818473837954
0.0003223818473837975
0.00032238184738379855
0.0003223818473837959
0.0003223818473837978
0.0003223818473837954
0.0003223818473837975
0.00032238184738379855
0.0003223818473837959
0.0003223818473837978
0.0003223818473837954
0.0003223818473837975
0.00032238184738379855
0.0003223818473837959
0.0003223818473837978
0.00032238184738379546
0.0003223818473837975
0.00032238184738379855
0.0003223818473837959
0.0003223818473837978
0.00032238184738379546
0.00032238184738379763
0.0003223818473837953
0.00032238184738379746
0.00032238184738379855
0.0003223818473837959
0.0003223818473837978
0.0003223818473837954
0.0003223818473837975
0.00032238184738379855
0.0003223818473837959
0.0003223818473837978
0.00032238184738379546
0.0003223818473837975
0.00032238184738379855
0.0003223818473837959
0.0003223818473837978
0.00032238184738379546
0.00032238184738379763
0.0003223818473837953
0.00032238184738379746
0.00032238184738379855
0.0003223818473837959
0.00032238184738379774
0.0003223818473837954
0.0003223818473837975
0.00032238184738379855
0.0003223818473837959
0.0003223818473837978
0.00032238184738379546
0.00032238184738379763
0.0003223818473837953
0.00032238184738379746
0.00032238184738379855
0.0003223818473837959
0.00032238184738379774
0.0003223818473837954
0.0003223818473837975
0.00032238184738379855
0.0003223818473837959
0.0003223818473837978
0.00032238184738379546
0.0003223818473837975
0.00032238184738379855
0.0003223818473837959
0.0003223818473837978
0.00032238184738379546
0.00032238184738379763
0.0003223818473837953
0.00032238184738379746
0.00032238184738379855
0.0003223818473837959
0.0003223818473837978
0.0003223818473837954
0.0003223818473837975
0.00032238184738379866
0.0003223818473837959
0.0003223818473837978
0.00032238184738379546
0.00032238184738379763
0.0003223818473837953
0.00032238184738379746
0.00032238184738379855
0.0003223818473837959
0.0003223818473837978
0.0003223818473837954
0.0003223818473837975
0.00032238184738379866
0.0003223818473837959
0.0003223818473837978
0.00032238184738379546
0.0003223818473837975
0.00032238184738379866
0.0003223818473837959
0.0003223818473837978
0.00032238184738379546
0.00032238184738379763
0.0003223818473837953
0.00032238184738379746
0.00032238184738379855
0.0003223818473837959
0.0003223818473837978
0.0003223818473837954
0.0003223818473837975
0.00032238184738379866
0.0003223818473837959
0.0003223818473837978
0.0003223818473837954
0.0003223818473837975
0.00032238184738379866
0.0003223818473837959
0.0003223818473837978
0.00032238184738379546
0.0003223818473837975
0.00032238184738379866
0.0003223818473837959
0.0003223818473837978
0.00032238184738379546
0.00032238184738379763
0.0003223818473837953
0.00032238184738379746
0.00032238184738379855
0.0003223818473837959
0.0003223818473837978
0.0003223818473837954
0.0003223818473837975
0.00032238184738379866
0.0003223818473837959
0.0003223818473837978
0.00032238184738379546
0.0003223818473837975
0.00032238184738379866
0.0003223818473837959
0.0003223818473837978
0.00032238184738379546
0.0003223818473837975
0.00032238184738379866
0.0003223818473837959
0.0003223818473837978
0.00032238184738379546
0.00032238184738379763
0.0003223818473837953
0.00032238184738379746
0.00032238184738379855
0.0003223818473837959
0.0003223818473837978
0.0003223818473837954
0.0003223818473837975
0.00032238184738379855
0.0003223818473837959
0.0003223818473837978
0.00032238184738379546
0.0003223818473837975
0.00032238184738379866
0.0003223818473837959
0.0003223818473837978
0.00032238184738379546
0.0003223818473837975
0.00032238184738379866
0.0003223818473837959
0.0003223818473837978
0.00032238184738379546
0.0003223818473837975
0.00032238184738379866
0.0003223818473837959
0.0003223818473837978
0.00032238184738379546
0.00032238184738379763
0.0003223818473837953
0.00032238184738379746
0.00032238184738379855
0.0003223818473837959
0.0003223818473837978
0.0003223818473837954
0.0003223818473837975
0.00032238184738379855
0.0003223818473837959
0.0003223818473837978
0.0003223818473837954
0.0003223818473837975
0.00032238184738379866
0.0003223818473837959
0.0003223818473837978
0.00032238184738379546
0.0003223818473837975
0.00032238184738379866
0.0003223818473837959
0.0003223818473837978
0.00032238184738379546
0.00032238184738379763
0.0003223818473837953
0.00032238184738379746
0.00032238184738379855
0.0003223818473837959
0.0003223818473837978
0.0003223818473837954
0.0003223818473837975
0.00032238184738379866
0.0003223818473837959
0.0003223818473837978
0.00032238184738379546
0.00032238184738379763
0.0003223818473837953
0.00032238184738379746
0.00032238184738379855
0.0003223818473837959
0.0003223818473837978
0.0003223818473837954
0.0003223818473837975
0.00032238184738379866
0.0003223818473837959
0.0003223818473837978
0.00032238184738379546
0.00032238184738379763
0.0003223818473837953
0.00032238184738379746
0.00032238184738379855
0.0003223818473837959
0.0003223818473837978
0.0003223818473837954
0.0003223818473837975
0.00032238184738379866
0.0003223818473837959
0.0003223818473837978
0.00032238184738379546
0.00032238184738379763
0.0003223818473837953
0.00032238184738379746
0.00032238184738379855
0.0003223818473837959
0.0003223818473837978
0.0003223818473837954
0.00032238184738379763
0.0003223818473837953
0.00032238184738379746
0.00032238184738379855
0.0003223818473837959
0.0003223818473837978
0.0003223818473837954
0.00032238184738379763
0.0003223818473837953
0.00032238184738379746
0.00032238184738379855
0.0003223818473837959
0.0003223818473837978
0.0003223818473837954
0.00032238184738379763
0.0003223818473837953
0.00032238184738379746
0.00032238184738379855
0.0003223818473837959
0.0003223818473837978
0.0003223818473837954
0.0003223818473837975
0.00032238184738379866
0.0003223818473837959
0.0003223818473837978
0.00032238184738379546
0.00032238184738379763
0.0003223818473837953
0.00032238184738379746
0.00032238184738379855
0.0003223818473837959
0.0003223818473837978
0.0003223818473837954
0.0003223818473837975
0.00032238184738379866
0.0003223818473837959
0.0003223818473837978
0.00032238184738379546
0.00032238184738379763
0.0003223818473837953
0.00032238184738379746
0.00032238184738379855
0.0003223818473837959
0.0003223818473837978
0.0003223818473837954
0.0003223818473837975
0.00032238184738379866
0.0003223818473837959
0.0003223818473837978
0.00032238184738379546
0.00032238184738379763
0.0003223818473837953
0.00032238184738379746
0.00032238184738379855
0.0003223818473837959
0.0003223818473837978
0.0003223818473837954
0.0003223818473837975
0.00032238184738379866
0.0003223818473837959
0.0003223818473837978
0.00032238184738379546
0.00032238184738379763
0.0003223818473837953
0.00032238184738379746
0.00032238184738379855
0.0003223818473837959
0.0003223818473837978
0.0003223818473837954
0.0003223818473837975
0.00032238184738379866
0.0003223818473837959
0.0003223818473837978
0.00032238184738379546
0.00032238184738379763
0.0003223818473837953
0.00032238184738379746
0.00032238184738379855
0.0003223818473837959
0.0003223818473837978
0.0003223818473837954
0.0003223818473837975
0.00032238184738379866
0.0003223818473837959
0.0003223818473837978
0.00032238184738379546
0.00032238184738379763
0.0003223818473837953
0.00032238184738379746
0.00032238184738379855
0.0003223818473837959
0.0003223818473837978
0.0003223818473837954
0.0003223818473837975
0.00032238184738379866
0.0003223818473837959
0.0003223818473837978
0.00032238184738379546
0.00032238184738379763
0.0003223818473837953
0.00032238184738379746
0.00032238184738379855
0.0003223818473837959
0.0003223818473837978
0.0003223818473837954
0.0003223818473837975
0.00032238184738379866
0.0003223818473837959
0.0003223818473837978
0.00032238184738379546
0.00032238184738379763
0.0003223818473837953
0.00032238184738379746
0.00032238184738379855
0.0003223818473837959
0.0003223818473837978
0.0003223818473837954
0.0003223818473837975
0.00032238184738379866
0.0003223818473837959
0.0003223818473837978
0.00032238184738379546
0.00032238184738379763
0.0003223818473837953
0.00032238184738379746
0.00032238184738379855
0.0003223818473837959
0.0003223818473837978
0.0003223818473837954
0.0003223818473837975
0.00032238184738379866
0.0003223818473837959
0.0003223818473837978
0.00032238184738379546
0.00032238184738379763
0.0003223818473837953
0.00032238184738379746
0.00032238184738379855
0.0003223818473837959
0.0003223818473837978
0.0003223818473837954
0.00032238184738379763
0.0003223818473837953
0.00032238184738379746
0.00032238184738379855
0.0003223818473837959
0.0003223818473837978
0.0003223818473837954
0.00032238184738379763
0.0003223818473837953
0.00032238184738379746
0.00032238184738379855
0.0003223818473837959
0.0003223818473837978
0.0003223818473837954
0.0003223818473837975
0.00032238184738379866
0.0003223818473837959
0.0003223818473837978
0.00032238184738379546
0.0003223818473837975
0.00032238184738379866
0.0003223818473837959
0.0003223818473837978
0.00032238184738379546
0.00032238184738379763
0.0003223818473837953
0.00032238184738379746
0.00032238184738379855
0.0003223818473837959
0.0003223818473837978
0.0003223818473837954
0.00032238184738379763
0.0003223818473837953
0.00032238184738379746
0.00032238184738379855
0.0003223818473837959
0.0003223818473837978
0.0003223818473837954
0.0003223818473837975
0.00032238184738379866
0.0003223818473837959
0.0003223818473837978
0.00032238184738379546
0.00032238184738379763
0.0003223818473837953
0.00032238184738379746
0.00032238184738379855
0.0003223818473837959
0.0003223818473837978
0.0003223818473837954
0.0003223818473837975
0.00032238184738379866
0.0003223818473837959
0.0003223818473837978
0.00032238184738379546
0.0003223818473837975
0.00032238184738379866
0.0003223818473837959
0.0003223818473837978
0.00032238184738379546
0.0003223818473837975
0.00032238184738379866
0.0003223818473837959
0.0003223818473837978
0.00032238184738379546
0.00032238184738379763
0.0003223818473837953
0.00032238184738379746
0.00032238184738379855
0.0003223818473837959
0.0003223818473837978
0.0003223818473837954
0.0003223818473837975
0.00032238184738379855
0.0003223818473837959
0.0003223818473837978
0.00032238184738379546
0.0003223818473837975
0.00032238184738379866
0.0003223818473837959
0.0003223818473837978
0.00032238184738379546
0.00032238184738379763
0.0003223818473837953
0.00032238184738379746
0.00032238184738379855
0.0003223818473837959
0.0003223818473837978
0.0003223818473837954
0.0003223818473837975
0.00032238184738379855
0.0003223818473837959
0.0003223818473837978
0.00032238184738379546
0.0003223818473837975
0.00032238184738379866
0.0003223818473837959
0.0003223818473837978
0.00032238184738379546
0.00032238184738379763
0.0003223818473837953
0.00032238184738379746
0.00032238184738379855
0.0003223818473837959
0.0003223818473837978
0.0003223818473837954
0.0003223818473837975
0.00032238184738379855
0.0003223818473837959
0.0003223818473837978
0.00032238184738379546
0.0003223818473837975
0.00032238184738379866
0.0003223818473837959
0.0003223818473837978
0.00032238184738379546
0.00032238184738379763
0.0003223818473837953
0.00032238184738379746
0.00032238184738379855
0.0003223818473837959
0.0003223818473837978
0.0003223818473837954
0.0003223818473837975
0.00032238184738379855
0.0003223818473837959
0.0003223818473837978
0.00032238184738379546
0.0003223818473837975
0.00032238184738379855
0.0003223818473837959
0.0003223818473837978
0.00032238184738379546
0.0003223818473837975
0.00032238184738379855
0.0003223818473837959
0.0003223818473837978
0.00032238184738379546
0.0003223818473837975
0.00032238184738379866
0.0003223818473837959
0.0003223818473837978
0.00032238184738379546
0.0003223818473837975
0.00032238184738379866
0.0003223818473837959
0.0003223818473837978
0.00032238184738379546
0.00032238184738379763
0.0003223818473837953
0.00032238184738379746
0.00032238184738379855
0.0003223818473837959
0.0003223818473837978
0.0003223818473837954
0.0003223818473837975
0.00032238184738379855
0.0003223818473837959
0.0003223818473837978
0.00032238184738379546
0.00032238184738379763
0.0003223818473837953
0.00032238184738379746
0.00032238184738379855
0.0003223818473837959
0.0003223818473837978
0.0003223818473837954
0.0003223818473837975
0.00032238184738379855
0.0003223818473837959
0.0003223818473837978
0.00032238184738379546
0.00032238184738379763
0.0003223818473837953
0.00032238184738379746
0.00032238184738379855
0.0003223818473837959
0.0003223818473837978
0.0003223818473837954
0.0003223818473837975
0.00032238184738379855
0.0003223818473837959
0.0003223818473837978
0.00032238184738379546
0.00032238184738379763
0.0003223818473837953
0.00032238184738379746
0.00032238184738379855
0.0003223818473837959
0.0003223818473837978
0.0003223818473837954
0.0003223818473837975
0.00032238184738379855
0.0003223818473837959
0.0003223818473837978
0.00032238184738379546
0.00032238184738379763
0.0003223818473837953
0.00032238184738379746
0.00032238184738379855
0.0003223818473837959
0.0003223818473837978
0.0003223818473837954
0.0003223818473837975
0.00032238184738379855
0.0003223818473837959
0.0003223818473837978
0.00032238184738379546
0.00032238184738379763
0.0003223818473837953
0.00032238184738379746
0.00032238184738379855
0.0003223818473837959
0.0003223818473837978
0.0003223818473837954
0.0003223818473837975
0.00032238184738379866
0.0003223818473837959
0.0003223818473837978
0.00032238184738379546
0.00032238184738379763
0.0003223818473837953
0.00032238184738379746
0.00032238184738379855
0.0003223818473837959
0.0003223818473837978
0.0003223818473837954
0.00032238184738379763
0.0003223818473837953
0.00032238184738379746
0.00032238184738379855
0.0003223818473837959
0.0003223818473837978
0.0003223818473837954
0.0003223818473837975
0.00032238184738379855
0.0003223818473837959
0.0003223818473837978
0.00032238184738379546
0.0003223818473837975
0.00032238184738379866
0.0003223818473837959
0.0003223818473837978
0.00032238184738379546
0.00032238184738379763
0.0003223818473837953
0.00032238184738379746
0.00032238184738379855
0.0003223818473837959
0.0003223818473837978
0.0003223818473837954
0.0003223818473837975
0.00032238184738379866
0.0003223818473837959
0.0003223818473837978
0.00032238184738379546
0.00032238184738379763
0.0003223818473837953
0.00032238184738379746
0.00032238184738379855
0.0003223818473837959
0.0003223818473837978
0.0003223818473837954
0.0003223818473837975
0.00032238184738379866
0.0003223818473837959
0.00032238184738379795
0.00032238184738379546
0.00032238184738379763
0.0003223818473837953
0.00032238184738379746
0.00032238184738379855
0.0003223818473837959
0.0003223818473837978
0.00032238184738379546
0.0003223818473837975
0.00032238184738379866
0.0003223818473837959
0.00032238184738379795
0.00032238184738379546
0.00032238184738379763
0.0003223818473837953
0.00032238184738379746
0.00032238184738379855
0.0003223818473837959
0.0003223818473837978
0.00032238184738379546
0.0003223818473837975
0.00032238184738379866
0.0003223818473837959
0.00032238184738379795
0.00032238184738379546
0.00032238184738379763
0.0003223818473837953
0.00032238184738379746
0.00032238184738379855
0.0003223818473837959
0.0003223818473837978
0.00032238184738379546
0.0003223818473837975
0.00032238184738379866
0.0003223818473837959
0.0003223818473837978
0.00032238184738379546
0.00032238184738379763
0.0003223818473837953
0.00032238184738379746
0.00032238184738379855
0.0003223818473837959
0.0003223818473837978
0.00032238184738379546
0.0003223818473837975
0.00032238184738379866
0.0003223818473837959
0.0003223818473837978
0.00032238184738379546
0.00032238184738379763
0.0003223818473837953
0.00032238184738379746
0.00032238184738379855
0.0003223818473837959
0.0003223818473837978
0.0003223818473837954
0.0003223818473837975
0.00032238184738379866
0.0003223818473837959
0.0003223818473837978
0.00032238184738379546
0.00032238184738379763
0.0003223818473837953
0.00032238184738379746
0.00032238184738379855
0.0003223818473837959
0.0003223818473837978
0.0003223818473837954
0.0003223818473837975
0.00032238184738379866
0.0003223818473837959
0.0003223818473837978
0.00032238184738379546
0.00032238184738379763
0.0003223818473837953
0.00032238184738379746
0.00032238184738379855
0.0003223818473837959
0.0003223818473837978
0.0003223818473837954
0.0003223818473837975
0.00032238184738379855
0.0003223818473837959
0.0003223818473837978
0.00032238184738379546
0.00032238184738379763
0.0003223818473837953
0.00032238184738379746
0.00032238184738379855
0.0003223818473837959
0.0003223818473837978
0.0003223818473837954
0.0003223818473837975
0.00032238184738379866
0.0003223818473837959
0.0003223818473837978
0.00032238184738379546
0.00032238184738379763
0.0003223818473837953
0.00032238184738379746
0.00032238184738379855
0.0003223818473837959
0.0003223818473837978
0.0003223818473837954
0.0003223818473837975
0.00032238184738379866
0.0003223818473837959
0.0003223818473837978
0.00032238184738379546
0.00032238184738379763
0.0003223818473837953
0.00032238184738379746
0.00032238184738379855
0.0003223818473837959
0.0003223818473837978
0.0003223818473837954
0.0003223818473837975
0.00032238184738379866
0.0003223818473837959
0.0003223818473837978
0.00032238184738379546
0.00032238184738379763
0.0003223818473837953
0.00032238184738379746
0.00032238184738379855
0.0003223818473837959
0.0003223818473837978
0.00032238184738379546
0.00032238184738379763
0.0003223818473837953
0.00032238184738379746
0.00032238184738379855
0.0003223818473837959
0.0003223818473837978
0.00032238184738379546
0.00032238184738379763
0.0003223818473837953
0.00032238184738379746
0.00032238184738379855
0.0003223818473837959
0.0003223818473837978
0.00032238184738379546
0.00032238184738379763
0.0003223818473837953
0.00032238184738379746
0.00032238184738379855
0.0003223818473837959
0.0003223818473837978
0.00032238184738379546
0.00032238184738379763
0.0003223818473837953
0.00032238184738379746
0.00032238184738379855
0.0003223818473837959
0.0003223818473837978
0.00032238184738379546
0.00032238184738379763
0.0003223818473837953
0.00032238184738379746
0.00032238184738379855
0.0003223818473837959
0.0003223818473837978
0.00032238184738379546
0.00032238184738379763
0.0003223818473837953
0.00032238184738379746
0.00032238184738379855
0.0003223818473837959
0.0003223818473837978
0.00032238184738379546
0.00032238184738379763
0.0003223818473837953
0.00032238184738379746
0.00032238184738379855
0.0003223818473837959
0.0003223818473837978
0.00032238184738379546
0.00032238184738379763
0.0003223818473837953
0.00032238184738379746
0.00032238184738379855
0.0003223818473837959
0.0003223818473837978
0.00032238184738379546
0.00032238184738379763
0.0003223818473837953
0.00032238184738379746
0.00032238184738379855
0.0003223818473837959
0.0003223818473837978
0.00032238184738379546
0.00032238184738379763
0.0003223818473837953
0.00032238184738379746
0.00032238184738379855
0.0003223818473837959
0.0003223818473837978
0.00032238184738379546
0.00032238184738379763
0.0003223818473837953
0.00032238184738379746
0.00032238184738379855
0.0003223818473837959
0.0003223818473837978
0.00032238184738379546
0.00032238184738379763
0.0003223818473837953
0.00032238184738379746
0.00032238184738379855
0.0003223818473837959
0.0003223818473837978
0.00032238184738379546
0.00032238184738379763
0.0003223818473837953
0.00032238184738379746
0.00032238184738379855
0.0003223818473837959
0.0003223818473837978
0.00032238184738379546
0.00032238184738379763
0.0003223818473837953
0.00032238184738379746
0.00032238184738379855
0.0003223818473837959
0.0003223818473837978
0.00032238184738379546
0.00032238184738379763
0.0003223818473837953
0.00032238184738379746
0.00032238184738379855
0.0003223818473837959
0.0003223818473837978
0.00032238184738379546
0.00032238184738379763
0.0003223818473837953
0.00032238184738379746
0.00032238184738379855
0.0003223818473837959
0.0003223818473837978
0.00032238184738379546
0.00032238184738379763
0.0003223818473837953
0.00032238184738379746
0.00032238184738379855
0.0003223818473837959
0.0003223818473837978
0.00032238184738379546
0.00032238184738379763
0.0003223818473837953
0.00032238184738379746
0.00032238184738379855
0.0003223818473837959
0.0003223818473837978
0.0003223818473837954
0.00032238184738379763
0.0003223818473837953
0.00032238184738379746
0.00032238184738379855
0.0003223818473837959
0.0003223818473837978
0.0003223818473837954
0.00032238184738379763
0.0003223818473837953
0.00032238184738379746
0.00032238184738379855
0.0003223818473837959
0.0003223818473837978
0.0003223818473837954
0.00032238184738379763
0.0003223818473837953
0.00032238184738379746
0.00032238184738379855
0.0003223818473837959
0.0003223818473837978
0.0003223818473837954
0.00032238184738379763
0.0003223818473837953
0.00032238184738379746
0.00032238184738379855
0.0003223818473837959
0.0003223818473837978
0.0003223818473837954
0.0003223818473837975
0.00032238184738379855
0.0003223818473837959
0.0003223818473837978
0.00032238184738379546
0.0003223818473837977
0.0003223818473837953
0.00032238184738379746
0.00032238184738379855
0.0003223818473837959
0.0003223818473837978
0.0003223818473837954
0.00032238184738379763
0.0003223818473837953
0.00032238184738379746
0.00032238184738379855
0.0003223818473837959
0.0003223818473837978
0.0003223818473837954
0.0003223818473837975
0.00032238184738379855
0.0003223818473837959
0.0003223818473837978
0.00032238184738379546
0.00032238184738379763
0.0003223818473837953
0.00032238184738379746
0.00032238184738379855
0.0003223818473837959
0.0003223818473837978
0.0003223818473837954
0.0003223818473837975
0.00032238184738379855
0.0003223818473837959
0.0003223818473837978
0.00032238184738379546
0.00032238184738379763
0.0003223818473837953
0.00032238184738379746
0.00032238184738379855
0.0003223818473837959
0.0003223818473837978
0.0003223818473837954
0.0003223818473837975
0.00032238184738379855
0.0003223818473837959
0.0003223818473837978
0.00032238184738379546
0.00032238184738379763
0.0003223818473837953
0.00032238184738379746
0.00032238184738379855
0.0003223818473837959
0.0003223818473837978
0.0003223818473837954
0.0003223818473837975
0.00032238184738379855
0.0003223818473837959
0.0003223818473837978
0.00032238184738379546
0.00032238184738379763
0.0003223818473837953
0.00032238184738379746
0.00032238184738379855
0.0003223818473837959
0.0003223818473837978
0.0003223818473837954
0.0003223818473837975
0.00032238184738379855
0.0003223818473837959
0.0003223818473837978
0.00032238184738379546
0.00032238184738379763
0.0003223818473837953
0.00032238184738379746
0.00032238184738379855
0.0003223818473837959
0.0003223818473837978
0.0003223818473837954
0.0003223818473837975
0.00032238184738379855
0.0003223818473837959
0.0003223818473837978
0.00032238184738379546
0.00032238184738379763
0.0003223818473837953
0.00032238184738379746
0.00032238184738379855
0.0003223818473837959
0.0003223818473837978
0.0003223818473837954
0.0003223818473837975
0.00032238184738379866
0.0003223818473837959
0.0003223818473837978
0.00032238184738379546
0.00032238184738379763
0.0003223818473837953
0.00032238184738379746
0.00032238184738379855
0.0003223818473837959
0.0003223818473837978
0.0003223818473837954
0.0003223818473837975
0.00032238184738379866
0.0003223818473837959
0.0003223818473837978
0.00032238184738379546
0.00032238184738379763
0.0003223818473837953
0.00032238184738379746
0.00032238184738379855
0.0003223818473837959
0.0003223818473837978
0.0003223818473837954
0.0003223818473837975
0.00032238184738379866
0.0003223818473837959
0.0003223818473837978
0.00032238184738379546
0.00032238184738379763
0.0003223818473837953
0.00032238184738379746
0.00032238184738379855
0.0003223818473837959
0.0003223818473837978
0.0003223818473837954
0.0003223818473837975
0.00032238184738379866
0.0003223818473837959
0.0003223818473837978
0.00032238184738379546
0.00032238184738379763
0.0003223818473837953
0.00032238184738379746
0.00032238184738379855
0.0003223818473837959
0.0003223818473837978
0.0003223818473837954
0.0003223818473837975
0.00032238184738379866
0.0003223818473837959
0.0003223818473837978
0.00032238184738379546
0.00032238184738379763
0.0003223818473837953
0.00032238184738379746
0.00032238184738379855
0.0003223818473837959
0.0003223818473837978
0.0003223818473837954
0.0003223818473837975
0.00032238184738379866
0.0003223818473837959
0.0003223818473837978
0.00032238184738379546
0.00032238184738379763
0.0003223818473837953
0.00032238184738379746
0.00032238184738379855
0.0003223818473837959
0.0003223818473837978
0.0003223818473837954
0.0003223818473837975
0.00032238184738379866
0.0003223818473837959
0.0003223818473837978
0.00032238184738379546
0.00032238184738379763
0.0003223818473837953
0.00032238184738379746
0.00032238184738379855
0.0003223818473837959
0.0003223818473837978
0.0003223818473837954
0.0003223818473837975
0.00032238184738379866
0.0003223818473837959
0.0003223818473837978
0.00032238184738379546
0.00032238184738379763
0.0003223818473837953
0.00032238184738379746
0.00032238184738379855
0.0003223818473837959
0.0003223818473837978
0.0003223818473837954
0.0003223818473837975
0.00032238184738379855
0.0003223818473837959
0.0003223818473837978
0.00032238184738379546
0.00032238184738379763
0.0003223818473837953
0.00032238184738379746
0.00032238184738379855
0.0003223818473837959
0.0003223818473837978
0.0003223818473837954
0.0003223818473837975
0.00032238184738379855
0.0003223818473837959
0.0003223818473837978
0.00032238184738379546
0.00032238184738379763
0.0003223818473837953
0.00032238184738379746
0.00032238184738379855
0.0003223818473837959
0.0003223818473837978
0.0003223818473837954
0.0003223818473837975
0.00032238184738379855
0.0003223818473837959
0.0003223818473837978
0.00032238184738379546
0.00032238184738379763
0.0003223818473837953
0.00032238184738379746
0.00032238184738379855
0.0003223818473837959
0.0003223818473837978
0.0003223818473837954
0.0003223818473837975
0.00032238184738379855
0.0003223818473837959
0.0003223818473837978
0.00032238184738379546
0.00032238184738379763
0.0003223818473837953
0.00032238184738379746
0.00032238184738379855
0.0003223818473837959
0.0003223818473837978
0.0003223818473837954
0.0003223818473837975
0.00032238184738379855
0.0003223818473837959
0.0003223818473837978
0.00032238184738379546
0.00032238184738379763
0.0003223818473837953
0.00032238184738379746
0.00032238184738379855
0.0003223818473837959
0.0003223818473837978
0.0003223818473837954
0.0003223818473837975
0.00032238184738379855
0.0003223818473837959
0.0003223818473837978
0.00032238184738379546
0.00032238184738379763
0.0003223818473837953
0.00032238184738379746
0.00032238184738379855
0.0003223818473837959
0.0003223818473837978
0.0003223818473837954
0.0003223818473837975
0.00032238184738379855
0.0003223818473837959
0.0003223818473837978
0.00032238184738379546
0.00032238184738379763
0.0003223818473837953
0.00032238184738379746
0.00032238184738379855
0.0003223818473837959
0.0003223818473837978
0.0003223818473837954
0.0003223818473837975
0.00032238184738379855
0.0003223818473837959
0.0003223818473837978
0.00032238184738379546
0.00032238184738379763
0.0003223818473837953
0.00032238184738379746
0.00032238184738379855
0.0003223818473837959
0.0003223818473837978
0.0003223818473837954
0.0003223818473837975
0.00032238184738379855
0.0003223818473837959
0.0003223818473837978
0.00032238184738379546
0.00032238184738379763
0.0003223818473837953
0.00032238184738379746
0.00032238184738379855
0.0003223818473837959
0.0003223818473837978
0.0003223818473837954
0.0003223818473837975
0.00032238184738379866
0.0003223818473837959
0.0003223818473837978
0.00032238184738379546
0.00032238184738379763
0.0003223818473837953
0.00032238184738379746
0.00032238184738379855
0.0003223818473837959
0.0003223818473837978
0.0003223818473837954
0.0003223818473837975
0.00032238184738379866
0.0003223818473837959
0.0003223818473837978
0.00032238184738379546
0.00032238184738379763
0.0003223818473837953
0.00032238184738379746
0.00032238184738379855
0.0003223818473837959
0.0003223818473837978
0.0003223818473837954
0.0003223818473837975
0.00032238184738379866
0.0003223818473837959
0.0003223818473837978
0.00032238184738379546
0.00032238184738379763
0.0003223818473837953
0.00032238184738379746
0.00032238184738379855
0.0003223818473837959
0.0003223818473837978
0.0003223818473837954
0.0003223818473837975
0.00032238184738379855
0.0003223818473837959
0.0003223818473837978
0.00032238184738379546
0.00032238184738379763
0.0003223818473837953
0.00032238184738379746
0.00032238184738379855
0.0003223818473837959
0.0003223818473837978
0.0003223818473837954
0.0003223818473837975
0.00032238184738379855
0.0003223818473837959
0.0003223818473837978
0.00032238184738379546
0.00032238184738379763
0.0003223818473837953
0.00032238184738379746
0.00032238184738379855
0.0003223818473837959
0.0003223818473837978
0.0003223818473837954
0.0003223818473837975
0.00032238184738379855
0.0003223818473837959
0.0003223818473837978
0.00032238184738379546
0.00032238184738379763
0.0003223818473837953
0.00032238184738379746
0.00032238184738379855
0.0003223818473837959
0.00032238184738379774
0.0003223818473837954
0.0003223818473837975
0.00032238184738379855
0.0003223818473837959
0.0003223818473837978
0.00032238184738379546
0.00032238184738379763
0.0003223818473837953
0.00032238184738379746
0.00032238184738379855
0.0003223818473837959
0.00032238184738379774
0.0003223818473837954
0.0003223818473837975
0.00032238184738379855
0.0003223818473837959
0.0003223818473837978
0.00032238184738379546
0.00032238184738379763
0.0003223818473837953
0.00032238184738379746
0.00032238184738379855
0.0003223818473837959
0.00032238184738379774
0.0003223818473837954
0.0003223818473837975
0.00032238184738379866
0.0003223818473837959
0.0003223818473837978
0.00032238184738379546
0.00032238184738379763
0.0003223818473837953
0.00032238184738379746
0.00032238184738379855
0.0003223818473837959
0.0003223818473837978
0.0003223818473837954
0.0003223818473837975
0.00032238184738379855
0.0003223818473837959
0.0003223818473837978
0.00032238184738379546
0.00032238184738379763
0.0003223818473837953
0.00032238184738379746
0.00032238184738379855
0.0003223818473837959
0.00032238184738379774
0.0003223818473837954
0.0003223818473837975
0.00032238184738379866
0.0003223818473837959
0.0003223818473837978
0.00032238184738379546
0.00032238184738379763
0.0003223818473837953
0.00032238184738379746
0.00032238184738379855
0.0003223818473837959
0.0003223818473837978
0.0003223818473837954
0.0003223818473837975
0.00032238184738379855
0.0003223818473837959
0.0003223818473837978
0.00032238184738379546
0.00032238184738379763
0.0003223818473837953
0.00032238184738379746
0.00032238184738379855
0.0003223818473837959
0.00032238184738379774
0.0003223818473837954
0.0003223818473837975
0.00032238184738379855
0.0003223818473837959
0.0003223818473837978
0.00032238184738379546
0.00032238184738379763
0.0003223818473837953
0.00032238184738379746
0.00032238184738379855
0.0003223818473837959
0.0003223818473837978
0.0003223818473837954
0.0003223818473837975
0.00032238184738379855
0.0003223818473837959
0.0003223818473837978
0.00032238184738379546
0.00032238184738379763
0.0003223818473837953
0.00032238184738379746
0.00032238184738379855
0.0003223818473837959
0.0003223818473837978
0.0003223818473837954
0.0003223818473837975
0.00032238184738379855
0.0003223818473837959
0.0003223818473837978
0.00032238184738379546
0.00032238184738379763
0.0003223818473837953
0.00032238184738379746
0.00032238184738379855
0.0003223818473837959
0.0003223818473837978
0.0003223818473837954
0.0003223818473837975
0.00032238184738379855
0.0003223818473837959
0.0003223818473837978
0.00032238184738379546
0.00032238184738379763
0.0003223818473837953
0.00032238184738379746
0.00032238184738379855
0.0003223818473837959
0.0003223818473837978
0.0003223818473837954
0.0003223818473837975
0.00032238184738379855
0.0003223818473837959
0.0003223818473837978
0.00032238184738379546
0.00032238184738379763
0.0003223818473837953
0.00032238184738379746
0.00032238184738379855
0.0003223818473837959
0.00032238184738379774
0.0003223818473837954
0.0003223818473837975
0.00032238184738379866
0.0003223818473837959
0.0003223818473837978
0.00032238184738379546
0.00032238184738379763
0.0003223818473837953
0.00032238184738379746
0.00032238184738379855
0.0003223818473837959
0.0003223818473837978
0.0003223818473837954
0.0003223818473837975
0.00032238184738379855
0.0003223818473837959
0.0003223818473837978
0.00032238184738379546
0.00032238184738379763
0.0003223818473837953
0.00032238184738379746
0.00032238184738379855
0.0003223818473837959
0.00032238184738379774
0.0003223818473837954
0.0003223818473837975
0.00032238184738379866
0.0003223818473837959
0.0003223818473837978
0.00032238184738379546
0.00032238184738379763
