0.0
0.0
0.0
0.0
0.0
0.0
0.0
0.0
0.0
0.0
3.9616713140641835e-06
3.963038073266455e-06
3.964405775843785e-06
3.965774422773867e-06
3.967144015034804e-06
3.968514553606865e-06
3.969886039470875e-06
3.9712584736091285e-06
3.972631857005896e-06
3.974006190645969e-06
4.058202224560837e-06
4.059606831512957e-06
4.147417252107921e-06
4.148853410311343e-06
4.15029056347621e-06
4.151728712637071e-06
4.153167858830152e-06
4.154608003091825e-06
4.156049146462038e-06
4.765907251801109e-06
7.97838700634291e-06
7.981130050158805e-06
7.98387498078544e-06
8.153010971799134e-06
8.15581572881348e-06
8.157935495081773e-06
8.160743641907692e-06
8.163553722648e-06
8.166365739301606e-06
8.34299332920317e-06
8.345409447303535e-06
8.348285618005782e-06
8.351163771876557e-06
8.35404391096895e-06
8.356926037335597e-06
8.731360182409754e-06
8.734371648487206e-06
8.737385192595939e-06
8.740400816887687e-06
9.367953668704628e-06
9.371183906775305e-06
1.2052850023549582e-05
1.2056979938181711e-05
1.2312388641455467e-05
1.2316607601833886e-05
1.2582977722397816e-05
1.2860929281702306e-05
1.2865334549396991e-05
1.2869742835990483e-05
1.3160249837890879e-05
1.3463961568768862e-05
1.3468572641689796e-05
1.3786520678118488e-05
1.4119608631957824e-05
1.614224761036773e-05
1.6147744950233505e-05
1.6153246035653496e-05
1.615875087045383e-05
1.6164259458469903e-05
1.616977180354404e-05
1.6175287909520857e-05
1.6180807780247813e-05
1.618633141958184e-05
1.6529194227762214e-05
1.653483564329015e-05
1.654048091093757e-05
1.6546130034646784e-05
1.655178301837574e-05
1.6909731166898884e-05
1.6915506975322014e-05
1.6921286730718507e-05
1.7295055940887515e-05
1.730096370759392e-05
1.7691478851673246e-05
1.80997429504629e-05
1.810591913629172e-05
2.0329948109902082e-05
2.0336849555947865e-05
2.076759183211005e-05
2.1216660737514552e-05
2.1223854037060588e-05
2.123105221585028e-05
2.169996547212486e-05
2.218971564475084e-05
2.270172302962716e-05
2.447057942161537e-05
2.552049813178245e-05
2.5529073658594058e-05
2.6672689006568452e-05
2.668163053862755e-05
2.6690578067591116e-05
2.8606689961375285e-05
2.8616240492392017e-05
2.8625797402472768e-05
2.8635360698008536e-05
2.8644930385397392e-05
2.8654506471058113e-05
2.8664088961406142e-05
2.927106184431146e-05
2.9903854712866355e-05
3.056415080212453e-05
3.125378292381381e-05
3.281376278857739e-05
3.282463732705008e-05
3.2835519075491906e-05
3.28464080410703e-05
3.285730423096711e-05
3.2868207652378505e-05
3.2879118312504e-05
3.428965529783977e-05
3.429906660002389e-05
3.4310419807120566e-05
3.506792967841836e-05
3.704833569601709e-05
3.706052077668506e-05
3.7072713875127164e-05
3.7084914999255874e-05
3.70971241570055e-05
3.7109341356302355e-05
3.712156660509965e-05
3.7133799911358456e-05
3.7146041283039954e-05
3.715829072812759e-05
3.717054825460694e-05
3.718281387048387e-05
3.719508758376114e-05
3.7982549354979174e-05
3.880350276986858e-05
3.8816268955113344e-05
3.956566402040265e-05
3.968621789830176e-05
3.9695957357340666e-05
4.0588082662819574e-05
4.0601392761889296e-05
4.144092880512689e-05
4.1454495772115384e-05
4.310172551603576e-05
4.4188184459285185e-05
4.518111319244787e-05
4.565697373121888e-05
4.567177431713522e-05
4.568658450176388e-05
4.570140429443506e-05
4.571623370450019e-05
4.573107274133241e-05
4.574592141430127e-05
4.67141692788867e-05
4.8761104932992264e-05
4.995331029896451e-05
4.9969364214094724e-05
4.99854284510793e-05
5.0001503019859474e-05
5.001758793042427e-05
5.0033683192750176e-05
5.004978881683067e-05
5.006590481267252e-05
5.008203119030698e-05
5.009816795976996e-05
5.0114315131091545e-05
5.013047271435359e-05
5.274273868656235e-05
5.364781038273956e-05
5.436193804501299e-05
5.55122421796358e-05
5.670145342606045e-05
5.7908098648595676e-05
5.860922168582206e-05
5.8627723423605206e-05
5.8646236846006065e-05
5.866476196410708e-05
5.868329878899327e-05
5.870184733176495e-05
5.872040760353014e-05
5.873897961542606e-05
5.875756337858154e-05
5.877615890417382e-05
5.879476620336021e-05
5.881338528732463e-05
5.883201616726804e-05
5.88506588544066e-05
5.886931335996585e-05
5.8887979695193115e-05
6.247695852597166e-05
6.303812853208159e-05
6.315302819856802e-05
6.317283899444549e-05
6.319266222297795e-05
6.321249789585836e-05
6.323234602481531e-05
6.325220662159301e-05
6.32720796979272e-05
6.329196526558963e-05
6.33118633363582e-05
6.436390689156763e-05
6.528965188233273e-05
6.759998774305896e-05
6.762101152929268e-05
6.764204839610888e-05
6.766309835572816e-05
6.768416142035661e-05
6.770523760226545e-05
6.772632691367901e-05
6.774742936689775e-05
6.776854497419089e-05
6.778967374786983e-05
6.78108157002522e-05
6.783197084366763e-05
6.785313919046468e-05
6.787432075301373e-05
6.7895515543697e-05
6.933174335658941e-05
6.935562084950434e-05
6.937951479415414e-05
7.08778333712434e-05
7.089981792617289e-05
7.227882664535747e-05
7.230117160036675e-05
7.232353037504879e-05
7.23459029822453e-05
7.236828943478813e-05
7.239068974552958e-05
7.241310392735102e-05
7.243553199313133e-05
7.24579739557854e-05
7.24804298282196e-05
7.250289962337909e-05
7.252538335421e-05
7.385193264137431e-05
7.408350368144131e-05
7.409973162577739e-05
7.569982123069911e-05
7.571868180679056e-05
7.692412266093277e-05
7.694773075886528e-05
7.697135335144705e-05
7.699499045203651e-05
7.701864207398949e-05
7.704230823070463e-05
7.706598893557683e-05
7.708968420203676e-05
7.711339404350173e-05
7.858053432718574e-05
7.876838692219116e-05
8.14715832701696e-05
8.14963575603555e-05
8.152114692156222e-05
8.15459513675358e-05
8.157077091206015e-05
8.159560556889912e-05
8.162045535188953e-05
8.164532027484928e-05
8.167020035159851e-05
8.169509559601527e-05
8.172000602195734e-05
8.174493164333375e-05
8.176987247403797e-05
8.179482852799762e-05
8.181979981915475e-05
8.184478636146691e-05
8.186978816892176e-05
8.189480525549767e-05
8.191983763520427e-05
8.194488532207399e-05
8.196994833015815e-05
8.199502667351794e-05
8.200487173491349e-05
8.332286672265423e-05
8.37467292782448e-05
8.465412389809544e-05
8.558077442807907e-05
8.643435312577942e-05
8.64605078542683e-05
8.648667841559452e-05
8.6512864824134e-05
8.65390670942796e-05
8.656528524045496e-05
8.65915192770951e-05
8.661776921863416e-05
8.664403507956011e-05
8.667031687435111e-05
8.681703596412856e-05
8.853052680272318e-05
8.854107819422074e-05
8.85678196456744e-05
8.897160555824303e-05
8.936521397352466e-05
8.977430228708432e-05
9.121567129469689e-05
9.123776511316138e-05
9.124808218977452e-05
9.127548713256138e-05
9.130290854091225e-05
9.13303464296824e-05
9.135780081370986e-05
9.13852717078939e-05
9.141275912713264e-05
9.144026308633323e-05
9.146778360042333e-05
9.149532068436194e-05
9.152287435312305e-05
9.155044462168805e-05
9.15780315050586e-05
9.160563501826078e-05
9.163325517632993e-05
9.16436618914625e-05
9.167130498789315e-05
9.30280462232252e-05
9.362945211860377e-05
9.528482977799189e-05
9.566140335403541e-05
9.568995850913388e-05
9.571853071615732e-05
9.621240370002964e-05
9.624110887669149e-05
9.626983118621276e-05
9.629857064395702e-05
9.632732726528414e-05
9.635610106556122e-05
9.638489206019727e-05
9.639550360603178e-05
9.642431815476983e-05
9.645314993441286e-05
9.648199896039646e-05
9.651086524823189e-05
9.653974881339641e-05
9.730029423464805e-05
9.821265766753632e-05
9.823327125732684e-05
9.945913540850073e-05
9.948868564353933e-05
0.00010049161913521896
0.00010066712912512998
0.00010087392739940656
0.00010115156311045867
0.00010118151214973598
0.00010119229814549901
0.00010122227131384493
0.00010125226224274241
0.000101263063327887
0.0001012930784365027
0.0001013231113429731
0.0001013339275491794
0.00010134474606477823
0.00010137480962062355
0.0001030223891335148
0.00010305107859096379
0.00010307978403089314
0.0001035862904351637
0.0001052767844002394
0.00010530887159235217
0.00010583616511307619
0.00010600657398003249
0.00010603767590640386
0.00010606879608763653
0.00010609993453979549
0.00010613109127899241
0.00010616226632134663
0.00010619345968295917
0.00010622467138001673
0.00010844909996160391
0.00010865531003464587
0.00010979375334649353
0.0001098257061351829
0.00010985767752652385
0.00011081101649986328
0.0001108432010014628
0.00011087540420321998
0.00011088643699847457
0.00011091866533018221
0.00011095091240025646
0.00011098317822504863
0.00011101546282093196
0.0001110477662042767
0.0001112562909681107
0.00011145374011009062
0.00011270994174844323
0.00011274511807999656
0.00011284481766391308
0.00011519241221782924
0.00011537435292042677
0.00011572924297730019
0.00011576253500987492
0.00011579584620133064
0.00011580695419208626
0.00011584029095443764
0.00011587364691427225
0.00011590702208820789
0.00011594041649282031
0.00011641023211678011
0.00011711754404427897
0.0001176938073362824
0.00011845436863289378
0.0001184882899251924
0.00011855253096703198
0.00011858649659764982
0.00011862048169530074
0.0001186544862767222
0.00012074310339022725
0.00012077751548239548
0.00012081194719415147
0.00012084639854228509
0.00012085756305169148
0.00012089204042314363
0.00012130371927851828
0.00012134243841830763
0.00012170689952420696
0.00012329851442380437
0.00012332766223256483
0.00012358494975994006
0.0001236083044582505
0.00012412200479746993
0.00012415714644186044
0.00012454379098806117
0.00012569260140480603
0.00012572805400189437
0.00012576352660285836
0.00012579901922464974
0.00012583453188422456
0.0001258700645985336
0.0001259056173845913
0.00012594119025940935
0.000125952374457304
0.00012596356064170067
0.00012597474881309936
0.0001260103607661903
0.00012602155725267714
0.00012603275572894095
0.00012671447901496907
0.00012709176620573893
0.00012749500272875175
0.00012822268799706591
0.0001287902786522734
0.00012880197459367692
0.00012881367265946134
0.00012882537285019205
0.00012885379644963937
0.00012968283652275227
0.00013078008578080498
0.00013079120068173588
0.00013080231747200543
0.00013083885737755213
0.00013084998227046965
0.0001316132732280685
0.00013176996220504004
0.00013178220559300488
0.00013180261629614856
0.00013182303332240724
0.00013204087531024837
0.0001323393815789811
0.0001323642460887701
0.00013266262212150814
0.00013291209275366638
0.0001329471091416736
0.00013334456135869632
0.00013338165771891724
0.00013398457858776174
0.0001340090245110657
0.00013402069502831113
0.00013471840692700488
0.0001356284430847114
0.00013592360885183292
0.0001359346622547329
0.00013594571745540116
0.00013595677445427202
0.00013596783325181162
0.000135978893848446
0.00013736195386529623
0.00013753588966330425
0.00013757931858175668
0.00013774063891025447
0.0001377723066067197
0.00013780398886697803
0.00013904492154173515
0.00013991242538932715
0.00013997415811563597
0.00014037927212478009
0.00014089255803503625
0.00014093106755612382
0.00014094199199784116
0.00014095291813321885
0.0001409638459626633
0.00014112638046579566
0.00014143933915489185
0.00014230655728011174
0.0001423186731667364
0.00014301020548959344
0.00014304256284568457
0.00014307493484643527
0.0001434538729442317
0.00014347832808018663
0.00014402012418584216
0.00014420635879492516
0.00014421779690036905
0.0001451598692481507
0.00014519696801665324
0.00014549174237606644
0.00014573613505216207
0.00014578220808998002
0.00014580159924611086
0.0001458899506855258
0.00014605890659769602
0.00014609840010114828
0.00014613791496660976
0.00014617745121141642
0.00014618823753623466
0.00014619902545291345
0.00014620981496177573
0.00014622060606319962
0.00014623139875750472
0.000146242193045079
0.00014626537647597455
0.0001463151790752291
0.00014741894036055157
0.0001474516468155859
0.0001479028704178501
0.00014818395871729736
0.00014822994955386421
0.00014827596894510922
0.00014832201691763623
0.0001488851285156773
0.00014891839654728497
0.00014895853365745604
0.0001498061069932613
0.0001498174354602076
0.00014982876564050511
0.000149840097534547
0.00015141000228268415
0.00015145053268370335
0.00015146113652197407
0.00015147174184510648
0.00015151230530874394
0.000151622748850152
0.00015167034429788192
0.00015168299706434367
0.00015169565194190539
0.00015170830893108402
0.0001521351987449362
0.0001525824042069535
0.00015338742825035824
0.0001533993048201771
0.00015341118322918925
0.0001534902258632183
0.00015423705904106294
0.0001544160416277666
0.00015445714715155
0.0001545054146101756
0.00015453942388326687
0.00015476630108449225
0.00015522279166748878
0.00015527296796817626
0.00015560534653978917
0.0001557608357174441
0.0001560286384153603
0.0001568454452187865
0.0001568558340728972
0.00015686622430324357
0.0001568766159100856
0.00015688700889370075
0.00015689740325438306
0.00015693899447367994
0.00015698060774772552
0.00015699101451420276
0.00015700142266045967
0.00015701183218680238
0.0001570222430934664
0.0001570326553807637
0.0001570430690489485
0.00015705348409829185
0.00015706390052907867
0.00015707431834157827
0.0001570847375360832
0.00015709515811283175
0.00015736778744517384
0.00015770507112319268
0.0001580721801463076
0.0001588374615294329
0.0001591280545801067
0.00015913976071542168
0.0001591615708541364
0.0001592307119456409
0.00016045913835917698
0.00016066617288689264
0.00016128950372948267
0.00016210162614842795
0.00016214742177857188
0.0001621898992135802
0.00016220001616868552
0.00016221013438589763
0.00016222025386549072
0.0001622303746076651
0.00016224049661267228
0.00016228302282975148
0.00016229315140530064
0.00016230328124512502
0.0001623134123494905
0.00016278410431842601
0.0001629073466450822
0.00016311478805344605
0.00016313468607752793
0.00016464516352133378
0.00016486754507826618
0.00016526435037490168
0.00016597807978457985
0.00016600492319492405
0.00016603177528871395
0.00016604237719063382
0.0001670019968354848
0.00016734911731966712
0.0001673588907641154
0.00016736866535013294
0.00016737844107788462
0.0001673882179475888
0.00016739799595945497
0.00016740777511365724
0.00016741755541041297
0.00016742733684991918
0.0001682124083045878
0.00016849533479042713
0.00016854667636467672
0.00016876721932451645
0.00017068429444949232
0.00017118903035279193
0.0001711992574349834
0.00017120948573911377
0.00017121971526541457
0.00017123954242367228
0.00017127539548001113
0.00017231323873214885
0.00017251885520665552
0.00017252823916930225
0.00017253762415277884
0.00017254701015726636
0.0001725563971829137
0.00017256578522990135
0.00017257517429838362
0.00017258456438854364
0.00017391244646432238
0.00017397295077167425
0.0001751974299981567
0.00017520814159921005
0.00017566474589021474
0.00017658664015088727
0.00017662290456315003
0.0001771965790820253
0.00017734030698878805
0.0001776034957017122
0.00017761243427957018
0.0001776213737571516
0.000177666084646163
0.0001776750295248527
0.00017768397530422162
0.00017769292198436474
0.00017770186956545488
0.00017771081804759663
0.00017771976743097143
0.00017772871771567353
0.00017773766890185792
0.00017778243836040974
0.00017782723037635992
0.00017783619148780785
0.0001778451535023458
0.00017785411642014595
0.00017838323098598468
0.0001784215819975419
0.000180053599385653
0.00018222924540786797
0.0001822520639461018
0.0001822790225146513
0.00018231779888858507
0.00018235659176256286
0.000182827417666809
0.00018287280364695963
0.0001829182121645157
0.00018292668065318364
0.00018293514992594715
0.0001829436199829151
0.0001829890636770864
0.00018303452995168353
0.00018308001882356824
0.00018308850230016585
0.00018309698656293334
0.00018310547161199187
0.0001831509957538957
0.00018315948580917074
0.00018316797665153894
0.00018317646828111176
0.00018318496069798116
0.00018319345390229783
0.00018352973344546605
0.00018416914974000287
0.00018451437905337773
0.0001845719814242091
0.00018462961976833375
0.0001851715850457222
0.0001852096533575078
0.0001852477373236952
0.0001853854891292256
0.00018551467746025235
0.00018617659252560413
0.0001862203827119662
0.00018702149210628833
0.00018707094478338885
0.0001876256170644163
0.00018765315962544047
0.00018771799755803938
0.00018778288030798514
0.00018784780792172314
0.00018879791994403776
0.000188844308477839
0.00018885230880464916
0.00018886030980928338
0.00018886831149184314
0.00018891473462449398
0.00018892274091919961
0.0001889691908138189
0.00018897720172465895
0.00018898521331466475
0.0001889932255839384
0.00018903971014606918
0.0001890477270366499
0.00018905574460715164
0.00018906376285769068
0.00018907178178834906
0.0001890798013991856
0.00018908782169032285
0.00018913435279940035
0.0001891423777187627
0.00018915040331910158
0.0001891584296005
0.00018916645656300672
0.00018917448420675918
0.00018918251253179774
0.00018919054153825307
0.00018919857122617876
0.00018920660159566391
0.0001892146326468125
0.00018944272814191588
0.00018946577053321963
0.00019076450505806723
0.00019082363831768976
0.00019112988437962396
0.00019166519737908388
0.00019179409803531816
0.00019260444392441942
0.00019343711191649167
0.00019348412869957412
0.00019353116834201203
0.00019357823086045523
0.00019362531627161464
0.0001944824959725921
0.00019448994630503366
0.00019449739720825247
0.000194504848682325
0.00019451230072734264
0.0001945197533433332
0.00019456696650941264
0.00019457442331468434
0.0001945818806914924
0.00019458933863990914
0.0001945967971599924
0.00019460425625181176
0.00019461171591542598
0.00019461917615092294
0.00019462663695834527
0.00019463409833774724
0.00019464156028922862
0.0001946888326049781
0.00019473612788620405
0.00019474359766247974
0.00019475106801180849
0.00019475853893420744
0.00019508275857590686
0.00019577757459614484
0.00019627560683534582
0.00019656680920185276
0.00019673731143893294
0.0001969625079872775
0.00019835560085589902
0.0001991007542652037
0.00019910856261062392
0.0001991163715684699
0.0001991241811388021
0.00019913199132171717
0.00019983379346368208
0.00019984061890334517
0.00019984744480922492
0.00019985427118138533
0.000199861098019868
0.0001998679253247395
0.00019987475309601448
0.00019988158133374946
0.00019988841003800543
0.0001998952392088378
0.00019990206884627174
0.00019990889895034802
0.00019991572952115
0.00019992256055869587
0.00019992939206304433
0.00020029849244827442
0.00020148004381395114
0.0002015632276712553
0.0002016061417410418
0.00020164402227322096
0.00020202306668661547
0.00020294531146413793
0.00020311248247075936
0.00020335340850409823
0.00020383230228940993
0.0002038805055484401
0.00020451041923205072
0.00020455546387850143
0.0002051122789251382
0.000205227174948563
0.00020523332738975228
0.00020528168083755636
0.0002052878365469662
0.00020529399262553006
0.00020530014907329104
0.00020530630589025252
0.00020531246307648986
0.00020531862063200438
0.0002053247785568291
0.00020533093685103042
0.0002053370955146094
0.0002053432545476077
0.00020534941395004778
0.0002053555737220007
0.00020536173386345347
0.00020536789437447148
0.00020537405525507116
0.00020538021650529857
0.00020538637812517232
0.00020539254011474017
0.00020539870247402768
0.00020540486520306107
0.00020541102830188562
0.0002054171917705283
0.00020542335560903765
0.00020622590563374216
0.0002075838317147098
0.00020815889437776134
0.00020819972616751642
0.00020859690370141857
0.00020938945756806025
0.0002094244330050105
0.00020947316826649026
0.00020950817167403053
0.00020967793106892727
0.00021006893853123214
0.0002100753846728062
0.00021064417500197286
0.00021064960427519098
0.0002106984803312479
0.00021070391240399404
0.0002107093447568188
0.00021071477738972852
0.00021072021030275803
0.000210725643495928
0.00021073107696926036
0.0002107365107227776
0.00021074194475649075
0.00021074737907042583
0.00021075281366459184
0.00021075824853904068
0.000210807175025627
0.00021081261270394533
0.00021081805066275775
0.00021082348890209845
0.00021082892742199183
0.00021083436622245356
0.0002108398053035071
0.0002108452446651951
0.00021085068430749148
0.00021085612423045092
0.00021086156443409933
0.0002108670049184605
0.00021087244568351112
0.0002108778867293392
0.00021119957984658724
0.00021141715065934677
0.00021199356297917652
0.00021261991042171536
0.00021334718928075653
0.000213423942917397
0.00021376282880628182
0.0002137730795887179
0.0002137833313542589
0.00021407774976342104
0.00021474558176655582
0.0002152094468244637
0.0002152162122815323
0.0002156401576792798
0.00021564584752367544
0.00021565153766830536
0.00021605741186953972
0.00021606206597368378
0.00021606672027829981
0.00021607137478344757
0.00021607602948909958
0.000216080684395272
0.00021608533950201068
0.00021608999480930008
0.00021609465031715568
0.0002160993060256087
0.00021610396193464388
0.00021610861804429653
0.00021611327435456073
0.00021611793086547294
0.00021612258757703682
0.00021612724448925074
0.00021613190160216055
0.00021613655891574113
0.00021614121643002192
0.00021813785203848412
0.00021815133597375628
0.00021859100142422578
0.0002186030947732828
0.00021876987399070815
0.0002187905285123871
0.00021950008749753344
0.00021990671836364005
0.00021994805153501823
0.00021998112925977786
0.00022000594408240457
0.0002200390392218389
0.00022007214431866675
0.00022078712293065463
0.00022079308760660854
0.0002211127498604186
0.00022111762428747293
0.00022118979094364717
0.00022156310131736992
0.00022156693162191543
0.00022157076205885757
0.00022157459262824725
0.000221578423330067
0.0002215822541643134
0.0002215860851310387
0.00022158991623020635
0.00022159374746184645
0.0002215975788259531
0.0002216014103225208
0.00022160524195158923
0.00022160907371316003
0.0002216129056072182
0.0002216167376337867
0.00022202213633094482
0.0002220529339382856
0.00022207421727596033
0.0002227127504687699
0.00022276263904571914
0.00022340171223668304
0.0002245847705646707
0.00022545009992616408
0.00022586380303653384
0.00022590532676555525
0.00022594686576361022
0.000226427249249996
0.0002264623531227601
0.00022646746624507724
0.00022647257959826911
0.0002264776931823706
0.00022648280699734738
0.0002266976747474229
0.0002267016846215085
0.00022690689415914064
0.00022690984299844223
0.0002269127919143928
0.00022691574090696054
0.00022691868997618851
0.00022692163912205274
0.00022692458834456568
0.00022692753764375003
0.00022693048701956755
0.00022693343647205933
0.0002269363860012215
0.0002269393356070237
0.00022694228528951307
0.00022694523504866777
0.00022694818488450564
0.00022695113479701448
0.00022695408478618894
0.00022695703485206014
0.0002269599849946153
0.00022696293521385966
0.0002270051541700443
0.00022771562585060376
0.00022808167988619141
0.000228745070505549
0.00022911643911810683
0.00023015681958444992
0.00023025332172592965
0.0002303036810156732
0.00023036935482088886
0.00023150120843448333
0.00023180342285237135
0.00023193109579447646
0.00023203494245811708
0.00023217928504871182
0.00023222551994985983
0.00023227177326667987
0.00023239673470336765
0.00023240094870422
0.0002325104407829687
0.00023254756606964778
0.00023268393561051728
0.0002326859597935093
0.00023268798401168242
0.0002326900082651017
0.000232692032553726
0.00023269405687755684
0.00023269608123661543
0.00023269810563090183
0.00023270013006038238
0.0002327021545251143
0.00023270417902503975
0.0002327062035602188
0.00023270822813060407
0.0002327102527362152
0.00023276087932827443
0.00023276290485004457
0.00023276493040707755
0.00023276695599933986
0.00023276898162686815
0.00023277100728964542
0.00023277303298768312
0.0002327750587209648
0.0002327770844894927
0.00023277911029330055
0.00023278113613234253
0.0002327831620066611
0.00023278518791621815
0.00023319899218084337
0.00023485631384562045
0.00023490700855422207
0.00023520393502114836
0.000235435033215225
0.0002365674779421045
0.0002369724927337196
0.00023796559177852647
0.00023798930555703774
0.0002379903427106023
0.00023799137987319
0.00023799241704481434
0.00023804324953089317
0.00023804428715462107
0.00023804532478739545
0.00023805500979617717
0.00023805604752241832
0.0002380570852577018
0.00023805812300203488
0.00023805916075543557
0.0002380601985178526
0.00023806123628933193
0.00023806227406986588
0.00023806331185943698
0.00023806434965804968
0.00023806538746571013
0.0002380664252824265
0.00023806746310819397
0.00023806850094299558
0.00023806953878684518
0.00023973576404048714
0.0002404982525389589
0.00024100465625294244
0.0002423887074439462
0.00024322057183228307
0.00024362751022397904
0.0002440476475630816
0.00024488337158397826
0.0002450914035743546
0.00024562959114025006
0.00024579361660960177
0.00024654144821301143
0.00024710784596362575
0.0002483646552774916
0.00024863062773220385
0.00025065762976293716
0.00025067654147418745
0.0002514653616182544
0.00025185446429474466
0.0002525013253324955
0.00025255239902260827
0.00025399825947299367
0.00025465696783645315
0.00025506853571823454
0.00025662460074396055
0.0002567210919272761
0.0002573710526570277
0.0002574062155400435
0.00025758210384114924
0.0002580035121397804
0.00025802001652221944
0.00025934478849237805
0.0002593691624388023
0.0002602048421405907
0.00026074122981408306
0.00026080224452054284
0.00026095837684626805
0.0002613758038654937
0.00026272186313034627
0.00026309403252167737
0.00026352211838028537
0.0002635377969088289
0.0002647227422263294
0.0002647737657833073
0.00026646329574308577
0.0002685014934752056
0.00026881923235766653
0.0002688520658408024
0.00026886684352462345
0.00026994549452401717
0.0002700242187323365
0.0002701029888652035
0.0002721836405430439
0.00027222405056245743
0.0002722331770659094
0.0002723196866305668
0.0002734665678006576
0.00027425056172018005
0.0002747016793629277
0.00027545612191064747
0.0002754784040844766
0.00027634892960810863
0.0002780542490434339
0.0002792512815039399
0.00028074069419053933
0.00028079121456305625
0.00028085921612132147
0.00028236434909232667
0.00028294036053378525
0.0002829862157154499
0.0002836012340985392
0.00028404601815511243
0.0002842319988935351
0.0002855015524768079
0.00028554391454944765
0.0002856504478382041
0.00028637041931937136
0.0002863910748455174
0.0002864117333512132
0.00028643239483708787
0.0002864530593038119
0.0002884408747007409
0.0002892123884554954
0.000289624558634626
0.00029104471995114846
0.0002910948000239513
0.00029131032898119144
0.0002913171886095763
0.00029132404856099754
0.0002927412387929383
0.0002961905986709399
0.0002964369150101677
0.0002964464858788787
0.0002964961731751975
0.00029706158582579564
0.0002970803744860891
0.0002970991655229027
0.00029711795893671937
0.00029713675472796175
0.00030176469435067466
0.00030220182165896357
0.00030221957618570885
0.00030372356229509275
0.00030708479268365244
0.0003070918829132595
0.00031053120317622634
0.0003226161814225936
0.0003226255198604482
0.00032263485883885716
0.00032408499318152377
0.00033277757630209424
0.0003328227441894831
0.0003378777428658218
0.0003378869154313941
0.00034798568892908347
0.0003604363046083381
0.00048423830240891237
0.0004842383024089403
0.00048423830240891557
0.0004842383024089428
0.0004842383024089182
0.0004842383024089055
0.00048423830240893644
0.0004842383024089145
0.00048423830240894175
0.00048423830240891595
0.0004842383024089432
0.0004842383024089182
0.0004842383024089056
0.00048423830240893655
0.0004842383024089145
0.00048423830240894186
0.0004842383024089161
0.0004842383024089432
0.00048423830240891823
0.0004842383024089056
0.00048423830240893655
0.00048423830240891454
0.00048423830240894186
0.0004842383024089161
0.0004842383024089432
0.00048423830240891834
0.00048423830240890603
0.00048423830240893655
0.00048423830240891454
0.00048423830240894186
0.0004842383024089161
0.0004842383024089432
0.00048423830240891834
0.00048423830240890603
0.00048423830240893655
0.00048423830240891454
0.0004842383024089423
0.0004842383024089161
0.0004842383024089432
0.00048423830240891823
0.0004842383024089056
0.00048423830240893655
0.00048423830240891454
0.0004842383024089423
0.0004842383024089161
0.0004842383024089432
0.00048423830240891834
0.0004842383024089056
0.00048423830240893655
0.00048423830240891454
0.0004842383024089423
0.0004842383024089161
0.0004842383024089432
0.00048423830240891834
0.00048423830240890603
0.00048423830240893655
0.00048423830240891454
0.0004842383024089423
0.0004842383024089161
0.0004842383024089432
0.00048423830240891834
0.00048423830240890603
0.00048423830240893655
0.00048423830240891454
0.0004842383024089423
0.00048423830240891617
0.0004842383024089433
0.00048423830240891834
0.00048423830240890603
0.00048423830240893655
0.00048423830240891465
0.0004842383024089423
0.00048423830240891617
0.0004842383024089434
0.00048423830240891834
0.0004842383024089061
0.0004842383024089367
0.00048423830240891465
0.0004842383024089423
0.00048423830240891617
0.0004842383024089434
0.0004842383024089184
0.0004842383024089061
0.00048423830240893677
0.00048423830240891465
0.00048423830240894235
0.0004842383024089175
0.0004842383024089054
0.0004842383024089365
0.0004842383024089145
0.00048423830240894186
0.00048423830240891617
0.0004842383024089434
0.00048423830240891844
0.0004842383024089062
0.00048423830240893677
0.00048423830240891465
0.00048423830240894235
0.0004842383024089175
0.0004842383024089054
0.0004842383024089365
0.0004842383024089145
0.00048423830240894186
0.00048423830240891617
0.0004842383024089434
0.00048423830240891844
0.0004842383024089062
0.00048423830240893677
0.00048423830240891465
0.00048423830240894235
0.00048423830240891763
0.0004842383024089054
0.00048423830240893655
0.0004842383024089145
0.0004842383024089423
0.00048423830240891617
0.0004842383024089434
0.00048423830240891844
0.0004842383024089062
0.00048423830240893677
0.0004842383024089151
0.0004842383024089425
0.00048423830240891763
0.0004842383024089055
0.0004842383024089365
0.0004842383024089145
0.0004842383024089423
0.0004842383024089175
0.0004842383024089054
0.00048423830240893655
0.00048423830240891454
0.0004842383024089423
0.0004842383024089175
0.0004842383024089054
0.00048423830240893655
0.00048423830240891454
0.0004842383024089423
0.0004842383024089175
0.0004842383024089054
0.00048423830240893655
0.0004842383024089145
0.0004842383024089423
0.0004842383024089175
0.0004842383024089054
0.0004842383024089365
0.0004842383024089145
0.0004842383024089423
0.0004842383024089175
0.0004842383024089054
0.0004842383024089365
0.0004842383024089145
0.00048423830240894186
0.00048423830240891617
0.0004842383024089434
0.0004842383024089184
0.0004842383024089061
0.00048423830240893677
0.00048423830240891465
0.00048423830240894235
0.00048423830240891763
0.0004842383024089055
0.0004842383024089365
0.0004842383024089145
0.0004842383024089423
0.0004842383024089175
0.0004842383024089054
0.00048423830240893655
0.00048423830240891454
0.0004842383024089423
0.0004842383024089175
0.0004842383024089054
0.0004842383024089365
0.0004842383024089145
0.00048423830240894186
0.00048423830240891617
0.0004842383024089434
0.0004842383024089184
0.0004842383024089061
0.00048423830240893677
0.00048423830240891465
0.00048423830240894235
0.00048423830240891763
0.0004842383024089055
0.0004842383024089365
0.0004842383024089145
0.0004842383024089423
0.00048423830240891617
0.0004842383024089434
0.00048423830240891844
0.0004842383024089062
0.00048423830240893677
0.0004842383024089151
0.0004842383024089425
0.00048423830240891763
0.0004842383024089055
0.00048423830240893655
0.00048423830240891454
0.0004842383024089423
0.0004842383024089175
0.0004842383024089054
0.00048423830240893655
0.00048423830240891454
0.0004842383024089423
0.0004842383024089175
0.0004842383024089054
0.00048423830240893655
0.00048423830240891454
0.0004842383024089423
0.0004842383024089175
0.0004842383024089054
0.0004842383024089365
0.0004842383024089145
0.00048423830240894186
0.00048423830240891617
0.0004842383024089434
0.0004842383024089184
0.0004842383024089062
0.00048423830240893677
0.0004842383024089151
0.0004842383024089425
0.00048423830240891763
0.0004842383024089055
0.0004842383024089365
0.0004842383024089145
0.0004842383024089423
0.0004842383024089175
0.0004842383024089054
0.00048423830240893655
0.00048423830240891454
0.0004842383024089423
0.00048423830240891617
0.0004842383024089434
0.00048423830240891844
0.0004842383024089062
0.00048423830240893677
0.0004842383024089151
0.0004842383024089425
0.00048423830240891763
0.0004842383024089055
0.00048423830240893655
0.00048423830240891454
0.0004842383024089423
0.0004842383024089175
0.0004842383024089054
0.00048423830240893655
0.00048423830240891454
0.0004842383024089423
0.0004842383024089175
0.0004842383024089054
0.00048423830240893655
0.00048423830240891454
0.0004842383024089423
0.0004842383024089175
0.0004842383024089054
0.0004842383024089365
0.0004842383024089145
0.00048423830240894186
0.0004842383024089175
0.0004842383024089054
0.0004842383024089365
0.0004842383024089145
0.00048423830240894186
0.00048423830240891617
0.0004842383024089434
0.0004842383024089184
0.0004842383024089062
0.00048423830240893677
0.00048423830240891465
0.00048423830240894235
0.00048423830240891763
0.0004842383024089055
0.0004842383024089365
0.0004842383024089145
0.00048423830240894186
0.0004842383024089175
0.0004842383024089054
0.0004842383024089365
0.0004842383024089145
0.00048423830240894186
0.00048423830240891617
0.0004842383024089434
0.0004842383024089184
0.0004842383024089062
0.00048423830240893677
0.0004842383024089151
0.00048423830240894235
0.0004842383024089175
0.0004842383024089054
0.00048423830240893655
0.0004842383024089145
0.00048423830240894186
0.00048423830240891617
0.0004842383024089434
0.0004842383024089184
0.0004842383024089062
0.00048423830240893677
0.0004842383024089151
0.00048423830240894235
0.0004842383024089175
0.0004842383024089054
0.00048423830240893655
0.0004842383024089145
0.00048423830240894186
0.0004842383024089175
0.0004842383024089054
0.0004842383024089365
0.0004842383024089145
0.00048423830240894186
0.00048423830240891617
0.0004842383024089434
0.0004842383024089184
0.0004842383024089061
0.0004842383024089367
0.00048423830240891465
0.0004842383024089423
0.0004842383024089175
0.0004842383024089041
0.0004842383024089365
0.0004842383024089145
0.00048423830240894186
0.00048423830240891617
0.0004842383024089434
0.0004842383024089184
0.0004842383024089061
0.0004842383024089367
0.00048423830240891465
0.0004842383024089423
0.0004842383024089175
0.0004842383024089041
0.0004842383024089365
0.0004842383024089145
0.00048423830240894186
0.0004842383024089175
0.0004842383024089041
0.0004842383024089365
0.0004842383024089145
0.00048423830240894186
0.00048423830240891617
0.0004842383024089433
0.00048423830240891834
0.0004842383024089061
0.0004842383024089367
0.00048423830240891465
0.0004842383024089423
0.0004842383024089175
0.0004842383024089041
0.0004842383024089365
0.0004842383024089145
0.0004842383024089423
0.0004842383024089175
0.0004842383024089041
0.0004842383024089365
0.0004842383024089145
0.00048423830240894186
0.0004842383024089175
0.0004842383024089041
0.0004842383024089365
0.0004842383024089145
0.00048423830240894186
0.00048423830240891617
0.0004842383024089434
0.0004842383024089184
0.0004842383024089062
0.00048423830240893677
0.00048423830240891465
0.0004842383024089423
0.0004842383024089175
0.0004842383024089041
0.0004842383024089365
0.0004842383024089145
0.00048423830240894186
0.0004842383024089175
0.0004842383024089041
0.0004842383024089365
0.0004842383024089145
0.00048423830240894186
0.0004842383024089175
0.0004842383024089041
0.00048423830240893644
0.0004842383024089145
0.00048423830240894186
0.00048423830240891617
0.0004842383024089434
0.0004842383024089184
0.0004842383024089062
0.00048423830240893677
0.00048423830240891465
0.0004842383024089423
0.0004842383024089175
0.0004842383024089054
0.0004842383024089365
0.0004842383024089145
0.00048423830240894186
0.0004842383024089175
0.0004842383024089041
0.0004842383024089365
0.0004842383024089145
0.00048423830240894186
0.0004842383024089175
0.0004842383024089041
0.0004842383024089365
0.0004842383024089145
0.00048423830240894186
0.0004842383024089175
0.0004842383024089041
0.0004842383024089365
0.0004842383024089145
0.00048423830240894186
0.00048423830240891617
0.0004842383024089434
0.0004842383024089184
0.0004842383024089062
0.00048423830240893677
0.00048423830240891465
0.0004842383024089423
0.0004842383024089175
0.0004842383024089054
0.00048423830240893655
0.00048423830240891454
0.0004842383024089423
0.0004842383024089175
0.0004842383024089041
0.0004842383024089365
0.0004842383024089145
0.00048423830240894186
0.0004842383024089175
0.0004842383024089041
0.0004842383024089365
0.0004842383024089145
0.00048423830240894186
0.00048423830240891617
0.0004842383024089434
0.0004842383024089184
0.0004842383024089062
0.00048423830240893677
0.00048423830240891465
0.0004842383024089423
0.0004842383024089175
0.0004842383024089041
0.0004842383024089365
0.0004842383024089145
0.00048423830240894186
0.00048423830240891617
0.0004842383024089434
0.0004842383024089184
0.0004842383024089062
0.00048423830240893677
0.00048423830240891465
0.0004842383024089423
0.0004842383024089175
0.0004842383024089041
0.0004842383024089365
0.0004842383024089145
0.00048423830240894186
0.00048423830240891617
0.0004842383024089433
0.00048423830240891834
0.0004842383024089061
0.0004842383024089367
0.00048423830240891465
0.0004842383024089423
0.0004842383024089175
0.0004842383024089041
0.0004842383024089365
0.0004842383024089145
0.00048423830240894186
0.00048423830240891617
0.0004842383024089434
0.0004842383024089184
0.0004842383024089062
0.00048423830240893677
0.00048423830240891465
0.0004842383024089423
0.00048423830240891617
0.0004842383024089434
0.0004842383024089184
0.0004842383024089062
0.00048423830240893677
0.00048423830240891465
0.0004842383024089423
0.00048423830240891617
0.0004842383024089434
0.0004842383024089184
0.0004842383024089062
0.00048423830240893677
0.00048423830240891465
0.0004842383024089423
0.00048423830240891617
0.0004842383024089434
0.0004842383024089184
0.0004842383024089062
0.00048423830240893677
0.00048423830240891465
0.0004842383024089423
0.0004842383024089175
0.0004842383024089041
0.0004842383024089365
0.0004842383024089145
0.00048423830240894186
0.00048423830240891617
0.0004842383024089434
0.0004842383024089184
0.0004842383024089062
0.00048423830240893677
0.00048423830240891465
0.0004842383024089423
0.0004842383024089175
0.0004842383024089041
0.0004842383024089365
0.0004842383024089145
0.00048423830240894186
0.00048423830240891617
0.0004842383024089434
0.0004842383024089184
0.0004842383024089062
0.00048423830240893677
0.00048423830240891465
0.0004842383024089423
0.0004842383024089175
0.0004842383024089041
0.00048423830240893644
0.0004842383024089145
0.00048423830240894186
0.00048423830240891617
0.0004842383024089433
0.00048423830240891834
0.0004842383024089061
0.00048423830240893677
0.00048423830240891465
0.0004842383024089423
0.0004842383024089175
0.0004842383024089041
0.0004842383024089365
0.0004842383024089145
0.00048423830240894186
0.00048423830240891617
0.0004842383024089434
0.00048423830240891834
0.0004842383024089061
0.00048423830240893677
0.00048423830240891465
0.0004842383024089423
0.0004842383024089175
0.0004842383024089041
0.0004842383024089365
0.0004842383024089145
0.00048423830240894186
0.00048423830240891617
0.0004842383024089434
0.00048423830240891834
0.0004842383024089061
0.00048423830240893677
0.00048423830240891465
0.0004842383024089423
0.0004842383024089175
0.0004842383024089041
0.0004842383024089365
0.0004842383024089145
0.00048423830240894186
0.00048423830240891617
0.0004842383024089434
0.00048423830240891834
0.0004842383024089061
0.00048423830240893677
0.00048423830240891465
0.0004842383024089423
0.0004842383024089175
0.0004842383024089041
0.0004842383024089365
0.0004842383024089145
0.00048423830240894186
0.00048423830240891617
0.0004842383024089434
0.00048423830240891834
0.0004842383024089061
0.00048423830240893677
0.00048423830240891465
0.0004842383024089423
0.0004842383024089175
0.0004842383024089041
0.00048423830240893644
0.0004842383024089145
0.00048423830240894186
0.00048423830240891617
0.0004842383024089433
0.00048423830240891834
0.00048423830240890603
0.00048423830240893677
0.00048423830240891465
0.0004842383024089423
0.0004842383024089175
0.0004842383024089041
0.00048423830240893644
0.0004842383024089145
0.00048423830240894186
0.00048423830240891617
0.0004842383024089433
0.00048423830240891834
0.00048423830240890603
0.00048423830240893677
0.00048423830240891465
0.0004842383024089423
0.0004842383024089175
0.0004842383024089041
0.00048423830240893644
0.0004842383024089145
0.00048423830240894186
0.00048423830240891617
0.0004842383024089433
0.00048423830240891834
0.00048423830240890603
0.0004842383024089367
0.00048423830240891465
0.0004842383024089423
0.00048423830240891617
0.0004842383024089434
0.00048423830240891834
0.0004842383024089061
0.00048423830240893677
0.00048423830240891465
0.0004842383024089423
0.00048423830240891617
0.0004842383024089434
0.0004842383024089184
0.0004842383024089062
0.00048423830240893677
0.00048423830240891465
0.0004842383024089423
0.0004842383024089175
0.0004842383024089041
0.00048423830240893644
0.0004842383024089145
0.00048423830240894186
0.0004842383024089175
0.0004842383024089041
0.00048423830240893644
0.0004842383024089145
0.00048423830240894186
0.00048423830240891617
0.0004842383024089434
0.00048423830240891834
0.0004842383024089061
0.00048423830240893677
0.00048423830240891465
0.0004842383024089423
0.00048423830240891617
0.0004842383024089434
0.00048423830240891834
0.0004842383024089061
0.00048423830240893677
0.00048423830240891465
0.0004842383024089423
0.0004842383024089175
0.0004842383024089041
0.00048423830240893644
0.0004842383024089145
0.00048423830240894186
0.00048423830240891617
0.0004842383024089434
0.00048423830240891834
0.00048423830240890603
0.0004842383024089367
0.00048423830240891465
0.0004842383024089423
0.0004842383024089175
0.0004842383024089041
0.0004842383024089365
0.0004842383024089145
0.00048423830240894186
0.0004842383024089175
0.0004842383024089041
0.0004842383024089365
0.0004842383024089145
0.00048423830240894186
0.0004842383024089175
0.0004842383024089041
0.00048423830240893644
0.0004842383024089145
0.00048423830240894186
0.00048423830240891617
0.0004842383024089434
0.00048423830240891834
0.00048423830240890603
0.0004842383024089367
0.00048423830240891465
0.0004842383024089423
0.0004842383024089175
0.0004842383024089054
0.0004842383024089365
0.0004842383024089145
0.00048423830240894186
0.0004842383024089175
0.0004842383024089041
0.00048423830240893644
0.0004842383024089145
0.00048423830240894186
0.00048423830240891617
0.0004842383024089434
0.00048423830240891834
0.0004842383024089061
0.00048423830240893677
0.00048423830240891465
0.0004842383024089423
0.0004842383024089175
0.0004842383024089054
0.0004842383024089365
0.0004842383024089145
0.00048423830240894186
0.0004842383024089175
0.0004842383024089041
0.00048423830240893644
0.0004842383024089145
0.00048423830240894186
0.00048423830240891617
0.0004842383024089434
0.00048423830240891834
0.0004842383024089061
0.00048423830240893677
0.00048423830240891465
0.0004842383024089423
0.0004842383024089175
0.0004842383024089054
0.0004842383024089365
0.0004842383024089145
0.00048423830240894186
0.0004842383024089175
0.0004842383024089041
0.00048423830240893644
0.0004842383024089145
0.00048423830240894186
0.00048423830240891617
0.0004842383024089434
0.0004842383024089184
0.0004842383024089062
0.00048423830240893677
0.00048423830240891465
0.00048423830240894235
0.00048423830240891763
0.0004842383024089054
0.00048423830240893655
0.0004842383024089145
0.00048423830240894186
0.0004842383024089175
0.0004842383024089054
0.0004842383024089365
0.0004842383024089145
0.00048423830240894186
0.0004842383024089175
0.0004842383024089054
0.0004842383024089365
0.0004842383024089145
0.00048423830240894186
0.0004842383024089175
0.0004842383024089041
0.00048423830240893644
0.0004842383024089145
0.00048423830240894186
0.0004842383024089175
0.0004842383024089041
0.00048423830240893644
0.0004842383024089145
0.00048423830240894186
0.00048423830240891617
0.0004842383024089434
0.00048423830240891834
0.00048423830240890603
0.0004842383024089367
0.00048423830240891465
0.0004842383024089423
0.0004842383024089175
0.0004842383024089054
0.0004842383024089365
0.0004842383024089145
0.00048423830240894186
0.00048423830240891617
0.0004842383024089434
0.00048423830240891834
0.00048423830240890603
0.0004842383024089367
0.00048423830240891465
0.0004842383024089423
0.0004842383024089175
0.0004842383024089054
0.0004842383024089365
0.0004842383024089145
0.00048423830240894186
0.00048423830240891617
0.0004842383024089434
0.00048423830240891834
0.00048423830240890603
0.0004842383024089367
0.00048423830240891465
0.0004842383024089423
0.0004842383024089175
0.0004842383024089054
0.0004842383024089365
0.0004842383024089145
0.00048423830240894186
0.00048423830240891617
0.0004842383024089434
0.00048423830240891834
0.00048423830240890603
0.0004842383024089367
0.00048423830240891465
0.0004842383024089423
0.0004842383024089175
0.0004842383024089054
0.0004842383024089365
0.0004842383024089145
0.00048423830240894186
0.00048423830240891617
0.0004842383024089434
0.00048423830240891834
0.00048423830240890603
0.0004842383024089367
0.00048423830240891465
0.0004842383024089423
0.0004842383024089175
0.0004842383024089054
0.0004842383024089365
0.0004842383024089145
0.00048423830240894186
0.00048423830240891617
0.0004842383024089434
0.00048423830240891834
0.0004842383024089061
0.00048423830240893677
0.00048423830240891465
0.0004842383024089423
0.0004842383024089175
0.0004842383024089041
0.00048423830240893644
0.0004842383024089145
0.00048423830240894175
0.00048423830240891617
0.0004842383024089434
0.00048423830240891834
0.0004842383024089061
0.0004842383024089367
0.00048423830240891465
0.0004842383024089423
0.00048423830240891617
0.0004842383024089434
0.00048423830240891834
0.0004842383024089061
0.00048423830240893677
0.00048423830240891465
0.0004842383024089423
0.0004842383024089175
0.0004842383024089054
0.0004842383024089365
0.0004842383024089145
0.00048423830240894186
0.0004842383024089175
0.0004842383024089041
0.00048423830240893644
0.0004842383024089145
0.00048423830240894175
0.00048423830240891617
0.0004842383024089434
0.00048423830240891834
0.0004842383024089061
0.0004842383024089367
0.00048423830240891465
0.0004842383024089423
0.0004842383024089175
0.0004842383024089041
0.00048423830240893644
0.0004842383024089145
0.00048423830240894175
0.00048423830240891617
0.0004842383024089434
0.00048423830240891834
0.00048423830240890603
0.0004842383024089367
0.00048423830240891465
0.0004842383024089423
0.0004842383024089175
0.0004842383024089041
0.00048423830240893644
0.00048423830240891313
0.00048423830240894175
0.00048423830240891617
0.0004842383024089433
0.00048423830240891834
0.00048423830240890603
0.00048423830240893655
0.00048423830240891454
0.00048423830240894186
0.0004842383024089175
0.0004842383024089041
0.00048423830240893644
0.00048423830240891313
0.00048423830240894175
0.00048423830240891617
0.0004842383024089433
0.00048423830240891834
0.00048423830240890603
0.00048423830240893655
0.00048423830240891454
0.00048423830240894186
0.0004842383024089175
0.0004842383024089041
0.00048423830240893644
0.00048423830240891313
0.00048423830240894175
0.00048423830240891617
0.0004842383024089433
0.00048423830240891834
0.00048423830240890603
0.00048423830240893655
0.00048423830240891454
0.00048423830240894186
0.0004842383024089175
0.0004842383024089041
0.0004842383024089365
0.0004842383024089145
0.00048423830240894186
0.00048423830240891617
0.0004842383024089433
0.00048423830240891834
0.00048423830240890603
0.00048423830240893655
0.00048423830240891454
0.00048423830240894186
0.0004842383024089175
0.0004842383024089041
0.0004842383024089365
0.0004842383024089145
0.00048423830240894186
0.00048423830240891617
0.0004842383024089434
0.00048423830240891834
0.00048423830240890603
0.00048423830240893655
0.00048423830240891454
0.0004842383024089423
0.0004842383024089175
0.0004842383024089041
0.0004842383024089365
0.0004842383024089145
0.00048423830240894186
0.00048423830240891617
0.0004842383024089434
0.0004842383024089184
0.0004842383024089061
0.0004842383024089367
0.00048423830240891465
0.0004842383024089423
0.0004842383024089175
0.0004842383024089041
0.0004842383024089365
0.0004842383024089145
0.00048423830240894186
0.00048423830240891617
0.0004842383024089434
0.0004842383024089184
0.0004842383024089061
0.0004842383024089367
0.00048423830240891465
0.0004842383024089423
0.0004842383024089175
0.0004842383024089054
0.0004842383024089365
0.0004842383024089145
0.00048423830240894186
0.00048423830240891617
0.0004842383024089434
0.0004842383024089184
0.0004842383024089061
0.0004842383024089367
0.00048423830240891465
0.0004842383024089423
0.0004842383024089175
0.0004842383024089041
0.0004842383024089365
0.0004842383024089145
0.00048423830240894186
0.00048423830240891617
0.0004842383024089434
0.00048423830240891844
0.0004842383024089062
0.00048423830240893677
0.00048423830240891465
0.0004842383024089423
0.0004842383024089175
0.0004842383024089041
0.0004842383024089365
0.0004842383024089145
0.00048423830240894186
0.00048423830240891617
0.0004842383024089434
0.00048423830240891844
0.0004842383024089062
0.00048423830240893677
0.00048423830240891465
0.0004842383024089423
0.0004842383024089175
0.0004842383024089041
0.0004842383024089365
0.0004842383024089145
0.00048423830240894175
0.00048423830240891617
0.0004842383024089433
0.0004842383024089184
0.0004842383024089061
0.0004842383024089367
0.00048423830240891454
0.00048423830240894186
0.00048423830240891617
0.0004842383024089434
0.00048423830240891844
0.0004842383024089061
0.0004842383024089367
0.00048423830240891454
0.00048423830240894186
0.00048423830240891617
0.0004842383024089434
0.00048423830240891844
0.0004842383024089061
0.0004842383024089367
0.00048423830240891454
0.00048423830240894186
0.00048423830240891617
0.0004842383024089434
0.00048423830240891844
0.0004842383024089061
0.0004842383024089367
0.00048423830240891454
0.00048423830240894186
0.00048423830240891617
0.0004842383024089434
0.00048423830240891844
0.0004842383024089061
0.0004842383024089367
0.00048423830240891454
0.00048423830240894186
0.00048423830240891617
0.0004842383024089434
0.00048423830240891844
0.0004842383024089061
0.0004842383024089367
0.00048423830240891454
0.00048423830240894186
0.00048423830240891617
0.0004842383024089434
0.00048423830240891844
0.0004842383024089061
0.0004842383024089367
0.00048423830240891454
0.00048423830240894186
0.00048423830240891617
0.0004842383024089434
0.00048423830240891844
0.0004842383024089061
0.0004842383024089367
0.00048423830240891454
0.00048423830240894186
0.00048423830240891617
0.0004842383024089434
0.00048423830240891844
0.0004842383024089061
0.0004842383024089367
0.00048423830240891454
0.00048423830240894186
0.00048423830240891617
0.0004842383024089434
0.00048423830240891844
0.0004842383024089061
0.0004842383024089367
0.00048423830240891454
0.00048423830240894186
0.00048423830240891617
0.0004842383024089434
0.0004842383024089184
0.00048423830240890603
0.00048423830240893655
0.00048423830240891454
0.00048423830240894186
0.00048423830240891617
0.0004842383024089433
0.0004842383024089184
0.00048423830240890603
0.00048423830240893655
0.00048423830240891454
0.00048423830240894186
0.00048423830240891617
0.0004842383024089433
0.00048423830240891834
0.00048423830240890603
0.00048423830240893655
0.0004842383024089145
0.00048423830240894186
0.00048423830240891617
0.0004842383024089433
0.0004842383024089184
0.00048423830240890603
0.00048423830240893655
0.00048423830240891454
0.00048423830240894186
0.00048423830240891617
0.0004842383024089433
0.0004842383024089184
0.00048423830240890603
0.00048423830240893655
0.00048423830240891454
0.00048423830240894186
0.00048423830240891617
0.0004842383024089433
0.0004842383024089184
0.00048423830240890603
0.00048423830240893655
0.00048423830240891454
0.00048423830240894186
0.00048423830240891617
0.0004842383024089434
0.00048423830240891844
0.0004842383024089061
0.0004842383024089367
0.00048423830240891454
0.00048423830240894186
0.00048423830240891617
0.0004842383024089434
0.00048423830240891844
0.0004842383024089061
0.0004842383024089367
0.00048423830240891454
0.00048423830240894186
0.00048423830240891617
0.0004842383024089434
0.00048423830240891844
0.0004842383024089061
0.00048423830240893677
0.00048423830240891465
0.0004842383024089423
0.00048423830240891617
0.0004842383024089434
0.00048423830240891844
0.0004842383024089062
0.00048423830240893677
0.00048423830240891465
0.0004842383024089423
0.00048423830240891617
0.0004842383024089434
0.00048423830240891844
0.0004842383024089062
0.00048423830240893677
0.00048423830240891465
0.0004842383024089423
0.00048423830240891617
0.0004842383024089434
0.00048423830240891844
0.0004842383024089062
0.00048423830240893677
0.00048423830240891465
0.0004842383024089423
0.00048423830240891617
0.0004842383024089434
0.00048423830240891844
0.0004842383024089062
0.00048423830240893677
0.00048423830240891465
0.0004842383024089423
0.0004842383024089175
0.0004842383024089054
0.0004842383024089365
0.0004842383024089145
0.00048423830240894175
0.0004842383024089161
0.0004842383024089433
0.0004842383024089184
0.0004842383024089061
0.00048423830240893677
0.00048423830240891465
0.0004842383024089423
0.00048423830240891617
0.0004842383024089434
0.00048423830240891844
0.0004842383024089062
0.00048423830240893677
0.00048423830240891465
0.0004842383024089423
0.0004842383024089175
0.0004842383024089054
0.0004842383024089365
0.0004842383024089145
0.00048423830240894186
0.00048423830240891617
0.0004842383024089434
0.00048423830240891844
0.0004842383024089062
0.00048423830240893677
0.00048423830240891465
0.0004842383024089423
0.0004842383024089175
0.0004842383024089054
0.0004842383024089365
0.0004842383024089145
0.00048423830240894186
0.00048423830240891617
0.0004842383024089434
0.00048423830240891844
0.0004842383024089062
0.00048423830240893677
0.00048423830240891465
0.0004842383024089423
0.0004842383024089175
0.0004842383024089054
0.0004842383024089365
0.0004842383024089145
0.00048423830240894186
0.00048423830240891617
0.0004842383024089434
0.00048423830240891844
0.0004842383024089062
0.00048423830240893677
0.00048423830240891465
0.0004842383024089423
0.0004842383024089175
0.0004842383024089054
0.0004842383024089365
0.0004842383024089145
0.00048423830240894186
0.00048423830240891617
0.0004842383024089434
0.00048423830240891844
0.0004842383024089062
0.00048423830240893677
0.00048423830240891465
0.0004842383024089423
0.0004842383024089175
0.0004842383024089054
0.0004842383024089365
0.0004842383024089145
0.00048423830240894186
0.00048423830240891617
0.0004842383024089434
0.00048423830240891844
0.0004842383024089062
0.00048423830240893677
0.00048423830240891465
0.0004842383024089423
0.0004842383024089175
0.0004842383024089054
0.0004842383024089365
0.0004842383024089145
0.00048423830240894186
0.00048423830240891617
0.0004842383024089433
0.0004842383024089184
0.0004842383024089061
0.00048423830240893677
0.00048423830240891465
0.0004842383024089423
0.0004842383024089175
0.0004842383024089041
0.0004842383024089365
0.0004842383024089145
0.00048423830240894186
0.00048423830240891617
0.0004842383024089433
0.0004842383024089184
0.0004842383024089061
0.00048423830240893677
0.00048423830240891465
0.0004842383024089423
0.0004842383024089175
0.0004842383024089041
0.0004842383024089365
0.0004842383024089145
0.00048423830240894186
0.00048423830240891617
0.0004842383024089433
0.0004842383024089184
0.0004842383024089061
0.00048423830240893677
0.00048423830240891465
0.0004842383024089423
0.0004842383024089175
0.0004842383024089041
0.0004842383024089365
0.0004842383024089145
0.00048423830240894186
0.00048423830240891617
0.0004842383024089433
0.0004842383024089184
0.0004842383024089061
0.00048423830240893677
0.00048423830240891465
0.0004842383024089423
0.0004842383024089175
0.0004842383024089041
0.0004842383024089365
0.0004842383024089145
0.00048423830240894186
0.00048423830240891617
0.0004842383024089433
0.0004842383024089184
0.0004842383024089061
0.00048423830240893677
0.00048423830240891465
0.0004842383024089423
0.0004842383024089175
0.0004842383024089041
0.0004842383024089365
0.0004842383024089145
0.00048423830240894186
0.00048423830240891617
0.0004842383024089433
0.0004842383024089184
0.0004842383024089061
0.00048423830240893677
0.00048423830240891465
0.0004842383024089423
0.0004842383024089175
0.0004842383024089041
0.00048423830240893644
0.0004842383024089145
0.00048423830240894175
0.00048423830240891617
0.0004842383024089433
0.0004842383024089184
0.00048423830240890603
0.0004842383024089367
0.00048423830240891465
0.0004842383024089423
0.0004842383024089175
0.0004842383024089041
0.0004842383024089365
0.0004842383024089145
0.00048423830240894186
0.00048423830240891617
0.0004842383024089433
0.00048423830240891844
0.0004842383024089061
0.00048423830240893677
0.00048423830240891465
0.0004842383024089423
0.0004842383024089175
0.0004842383024089041
0.0004842383024089365
0.0004842383024089145
0.00048423830240894186
0.00048423830240891617
0.0004842383024089434
0.00048423830240891844
0.0004842383024089062
0.00048423830240893677
0.00048423830240891465
0.00048423830240894235
0.00048423830240891763
0.0004842383024089054
0.0004842383024089365
0.0004842383024089145
0.00048423830240894186
0.00048423830240891617
0.0004842383024089434
0.00048423830240891844
0.0004842383024089062
0.00048423830240893677
0.00048423830240891465
0.00048423830240894235
0.00048423830240891763
0.0004842383024089054
0.0004842383024089365
0.0004842383024089145
0.00048423830240894186
0.00048423830240891617
0.0004842383024089433
0.00048423830240891844
0.0004842383024089061
0.00048423830240893677
0.00048423830240891465
0.0004842383024089423
0.0004842383024089175
0.0004842383024089054
0.0004842383024089365
0.0004842383024089145
0.00048423830240894186
0.00048423830240891617
0.0004842383024089433
0.00048423830240891844
0.0004842383024089061
0.00048423830240893677
0.00048423830240891465
0.0004842383024089423
0.0004842383024089175
0.0004842383024089054
0.0004842383024089365
0.0004842383024089145
0.00048423830240894186
0.00048423830240891617
0.0004842383024089433
0.00048423830240891844
0.0004842383024089061
0.00048423830240893677
0.00048423830240891465
0.0004842383024089423
0.0004842383024089175
0.0004842383024089054
0.0004842383024089365
0.0004842383024089145
0.00048423830240894186
0.00048423830240891617
0.0004842383024089434
0.00048423830240891844
0.0004842383024089062
0.00048423830240893677
0.00048423830240891465
0.00048423830240894235
0.00048423830240891763
0.0004842383024089054
0.0004842383024089365
0.0004842383024089145
0.00048423830240894186
0.00048423830240891617
0.0004842383024089434
0.00048423830240891844
0.0004842383024089062
0.00048423830240893677
0.00048423830240891465
0.00048423830240894235
0.00048423830240891763
0.0004842383024089054
0.0004842383024089365
0.0004842383024089145
0.00048423830240894186
0.00048423830240891617
0.0004842383024089434
0.00048423830240891844
0.0004842383024089062
0.00048423830240893677
0.00048423830240891465
0.00048423830240894235
0.00048423830240891763
0.0004842383024089054
0.0004842383024089365
0.0004842383024089145
0.00048423830240894186
0.00048423830240891617
0.0004842383024089434
0.00048423830240891844
0.0004842383024089062
0.00048423830240893677
0.00048423830240891465
0.00048423830240894235
0.00048423830240891763
0.0004842383024089054
0.0004842383024089365
0.0004842383024089145
0.00048423830240894186
0.00048423830240891617
0.0004842383024089433
0.00048423830240891844
0.0004842383024089061
0.00048423830240893677
0.00048423830240891465
0.0004842383024089423
0.0004842383024089175
0.0004842383024089041
0.0004842383024089365
0.0004842383024089145
0.00048423830240894186
0.00048423830240891617
0.0004842383024089433
0.0004842383024089184
0.00048423830240890603
0.0004842383024089367
0.00048423830240891465
0.0004842383024089423
0.0004842383024089175
0.0004842383024089041
0.0004842383024089365
0.0004842383024089145
0.00048423830240894186
0.00048423830240891617
0.0004842383024089433
0.0004842383024089184
0.00048423830240890603
0.0004842383024089367
0.00048423830240891465
0.0004842383024089423
0.0004842383024089175
0.0004842383024089041
0.0004842383024089365
0.0004842383024089145
0.00048423830240894186
0.00048423830240891617
0.0004842383024089433
0.00048423830240891844
0.0004842383024089061
0.00048423830240893677
0.00048423830240891465
0.00048423830240894235
0.00048423830240891763
0.0004842383024089054
0.0004842383024089365
0.0004842383024089145
0.00048423830240894186
0.00048423830240891617
0.0004842383024089433
0.00048423830240891844
0.0004842383024089061
0.00048423830240893677
0.00048423830240891465
0.00048423830240894235
0.00048423830240891763
0.0004842383024089054
0.0004842383024089365
0.0004842383024089145
0.00048423830240894186
0.00048423830240891617
0.0004842383024089433
0.00048423830240891844
0.0004842383024089061
0.00048423830240893677
0.00048423830240891465
0.00048423830240894235
0.00048423830240891763
0.0004842383024089054
0.0004842383024089365
0.0004842383024089145
0.00048423830240894186
0.00048423830240891617
0.0004842383024089434
0.00048423830240891844
0.0004842383024089062
0.00048423830240893677
0.0004842383024089151
0.00048423830240894235
0.00048423830240891763
0.0004842383024089054
0.0004842383024089365
0.00048423830240891454
0.00048423830240894186
0.00048423830240891617
0.0004842383024089433
0.00048423830240891844
0.0004842383024089062
0.00048423830240893677
0.0004842383024089151
0.00048423830240894235
0.00048423830240891763
0.0004842383024089054
0.0004842383024089365
0.00048423830240891454
0.00048423830240894186
0.00048423830240891617
0.0004842383024089433
0.00048423830240891844
0.0004842383024089062
0.00048423830240893677
0.0004842383024089151
0.0004842383024089423
0.0004842383024089175
0.0004842383024089041
0.0004842383024089365
0.0004842383024089145
0.00048423830240894186
0.00048423830240891617
0.0004842383024089433
0.0004842383024089184
0.0004842383024089061
0.00048423830240893677
0.00048423830240891465
0.00048423830240894235
0.00048423830240891763
0.0004842383024089054
0.0004842383024089365
0.0004842383024089145
0.00048423830240894186
0.00048423830240891617
0.0004842383024089433
0.00048423830240891844
0.0004842383024089062
0.00048423830240893677
0.0004842383024089151
0.0004842383024089423
0.0004842383024089175
0.0004842383024089041
0.0004842383024089365
0.0004842383024089145
0.00048423830240894186
0.00048423830240891617
0.0004842383024089433
0.0004842383024089184
0.0004842383024089061
0.00048423830240893677
0.00048423830240891465
0.00048423830240894235
0.00048423830240891763
0.0004842383024089054
0.0004842383024089365
0.0004842383024089145
0.00048423830240894186
0.00048423830240891617
0.0004842383024089433
0.00048423830240891844
0.0004842383024089062
0.00048423830240893677
0.0004842383024089151
0.0004842383024089423
0.00048423830240891763
0.0004842383024089054
0.0004842383024089365
0.0004842383024089145
0.00048423830240894186
0.00048423830240891617
0.0004842383024089433
0.0004842383024089184
0.0004842383024089061
0.00048423830240893677
0.00048423830240891465
0.00048423830240894235
0.00048423830240891763
0.0004842383024089054
0.0004842383024089365
0.0004842383024089145
0.00048423830240894186
0.00048423830240891617
0.0004842383024089433
0.0004842383024089184
0.0004842383024089061
0.00048423830240893677
0.00048423830240891465
0.00048423830240894235
0.00048423830240891763
0.0004842383024089054
0.0004842383024089365
0.0004842383024089145
0.00048423830240894186
0.00048423830240891617
0.0004842383024089433
0.0004842383024089184
0.0004842383024089061
0.00048423830240893677
0.00048423830240891465
0.00048423830240894235
0.00048423830240891763
0.0004842383024089054
0.0004842383024089365
0.0004842383024089145
0.00048423830240894186
0.00048423830240891617
0.0004842383024089433
0.0004842383024089184
0.0004842383024089061
0.00048423830240893677
0.00048423830240891465
0.00048423830240894235
0.00048423830240891763
0.0004842383024089054
0.0004842383024089365
0.0004842383024089145
0.00048423830240894186
0.00048423830240891617
0.0004842383024089433
0.0004842383024089184
0.0004842383024089061
0.00048423830240893677
0.0004842383024089151
0.0004842383024089423
0.0004842383024089175
0.0004842383024089041
0.0004842383024089365
0.0004842383024089145
0.00048423830240894186
0.00048423830240891617
0.0004842383024089433
0.0004842383024089184
0.0004842383024089061
0.00048423830240893677
0.00048423830240891465
0.00048423830240894235
0.00048423830240891763
0.0004842383024089054
0.0004842383024089365
0.0004842383024089145
0.00048423830240894186
0.00048423830240891617
0.0004842383024089433
0.0004842383024089184
0.0004842383024089061
0.00048423830240893677
0.0004842383024089151
0.0004842383024089423
0.0004842383024089175
0.0004842383024089041
0.0004842383024089365
0.0004842383024089145
0.00048423830240894186
0.00048423830240891617
