0.0
0.0
0.0
0.0
0.0
0.0
0.0
0.0
0.0
0.0
3.964787040322693e-06
3.966154869571923e-06
3.967523642931429e-06
3.9688933613796615e-06
3.970264025895485e-06
3.971635637459926e-06
3.973008197054571e-06
3.9743817056624785e-06
3.975756164268681e-06
3.9771315738587335e-06
3.9785079354200764e-06
3.9798852499411645e-06
3.9812635184127984e-06
4.065614465613605e-06
4.067023095881059e-06
4.154995100520576e-06
4.156435374256725e-06
4.1578766468401455e-06
4.1593189193111184e-06
4.160762192709859e-06
4.162206468079013e-06
4.163651746462949e-06
4.774624569720958e-06
7.992960112706948e-06
7.995711014091064e-06
7.998463809651081e-06
8.167910553454574e-06
8.170723349991533e-06
8.17284919366425e-06
8.175665393257427e-06
8.178483534323769e-06
8.181303618873006e-06
8.35825598186972e-06
8.360679034575653e-06
8.363563462197158e-06
8.366449880749848e-06
8.369338292294433e-06
8.372228698894765e-06
8.747348707181685e-06
8.750368827400144e-06
8.753391033791468e-06
8.75641532851862e-06
9.385116121870314e-06
9.388355648450882e-06
1.2074910958562122e-05
1.2079052734727478e-05
1.2334930631356719e-05
1.2339161713138201e-05
1.2606021138955016e-05
1.2884483145035073e-05
1.2888901074609436e-05
1.2893322034910792e-05
1.3184362607484421e-05
1.3488632002770852e-05
1.3493256337443143e-05
1.3811788119365473e-05
1.4145487423090517e-05
1.6171810029490862e-05
1.6177323169460188e-05
1.618284006966139e-05
1.6188360733939337e-05
1.619388516614876e-05
1.6199413370148128e-05
1.6204945349801386e-05
1.6210481108978122e-05
1.6216020651553667e-05
1.6221563981407026e-05
1.6227111102422132e-05
1.6232662018491635e-05
1.6576512915457738e-05
1.6582182201917726e-05
1.6587855367547858e-05
1.6593532416330728e-05
1.659921335225652e-05
1.695819388526208e-05
1.6963998265994543e-05
1.6969806621454115e-05
1.734465415041502e-05
1.7350591163542775e-05
1.7742232958967682e-05
1.8151674626693196e-05
1.815788140539596e-05
2.0388267013490252e-05
2.0395202636895592e-05
2.082718762597008e-05
2.1277551765629256e-05
2.128478070718848e-05
2.1292014562360905e-05
2.1762280582600796e-05
2.2253443211135424e-05
2.2766926782241515e-05
2.4540842158092684e-05
2.5593769517872875e-05
2.5602387554553177e-05
2.674927857012065e-05
2.6758264433163158e-05
2.6767256335383864e-05
2.868884387451831e-05
2.8698441763116582e-05
2.87080460757556e-05
2.871765681888606e-05
2.8727273998961796e-05
2.8736897622459144e-05
2.8746527695850147e-05
2.9355250980327856e-05
2.9989867999285316e-05
3.0652066746959716e-05
3.134368521280269e-05
3.290812945929533e-05
3.291905800730133e-05
3.2929993816197125e-05
3.294093689321522e-05
3.295188724560067e-05
3.296284488062147e-05
3.2973809805536163e-05
3.4388389773482394e-05
3.4397847884622575e-05
3.440925757353859e-05
3.5168950373851596e-05
3.715502138392637e-05
3.716726707594886e-05
3.7179520842457336e-05
3.7191782691446794e-05
3.720405263091495e-05
3.7216330668865564e-05
3.722861681332654e-05
3.724091107232966e-05
3.725321345391013e-05
3.7265523966120766e-05
3.727784261702605e-05
3.7290169414701076e-05
3.7302504367229056e-05
3.809224013859796e-05
3.8915563060059335e-05
3.892839295842678e-05
3.967995386445125e-05
3.9800879553761446e-05
3.981066764416074e-05
4.070535967328971e-05
4.071873624140768e-05
4.1560690698170264e-05
4.157432543046332e-05
4.3226283046477873e-05
4.431587185375662e-05
4.531165283952373e-05
4.5788900471260636e-05
4.580377497151599e-05
4.581865913866077e-05
4.583355298212001e-05
4.584845651132934e-05
4.586336973574715e-05
4.587829266483817e-05
4.6849334168653454e-05
4.89021366564058e-05
5.0097771263355094e-05
5.011390542894643e-05
5.013004998979102e-05
5.014620495593035e-05
5.0162370337423256e-05
5.01785461443509e-05
5.0194732386798696e-05
5.021092907487229e-05
5.0227136218680845e-05
5.0243353828355185e-05
5.025958191404077e-05
5.027582048587421e-05
5.289557315469155e-05
5.380326398136279e-05
5.451946354264407e-05
5.567308173830966e-05
5.6865695264036026e-05
5.80758124811599e-05
5.877897199997408e-05
5.879756638659253e-05
5.88161725410835e-05
5.8834790474604114e-05
5.8853420198360564e-05
5.8872061723552486e-05
5.889071506138745e-05
5.8909380223103634e-05
5.892805721994347e-05
5.8946746063172674e-05
5.896544676405447e-05
5.8984159333886535e-05
5.9002883783976776e-05
5.9021620125629805e-05
5.9040368370184295e-05
5.905912852899089e-05
6.265837943845117e-05
6.322119383705014e-05
6.33364576518789e-05
6.335636797781363e-05
6.337629082527391e-05
6.339622620606973e-05
6.34161741320415e-05
6.34361346150257e-05
6.345610766688674e-05
6.347609329949344e-05
6.34960915247464e-05
6.455117957809817e-05
6.547961309634903e-05
6.7796579299478e-05
6.781770886278965e-05
6.783885160034894e-05
6.786000752445727e-05
6.788117664747518e-05
6.790235898174368e-05
6.792355453963664e-05
6.794476333355102e-05
6.796598537587594e-05
6.798722067902515e-05
6.800846925544565e-05
6.944701718253057e-05
6.946864723420593e-05
6.949260020264632e-05
7.09956456452992e-05
7.101768593813694e-05
7.239891861684578e-05
7.242132019310829e-05
7.244373563614218e-05
7.246616495882246e-05
7.248860817405119e-05
7.251106529473667e-05
7.253353633380632e-05
7.25560213042027e-05
7.257852021888098e-05
7.260103309082835e-05
7.262355993302475e-05
7.264610075848263e-05
7.397479154654351e-05
7.42067550878939e-05
7.42230242224822e-05
7.582568931753056e-05
7.584459773047525e-05
7.705198211458937e-05
7.707565006465989e-05
7.709933255880244e-05
7.712302961042057e-05
7.714674123293539e-05
7.717046743980947e-05
7.719420824447466e-05
7.721796366043285e-05
7.868700522572033e-05
7.887511439796077e-05
8.158179068922846e-05
8.160661244287257e-05
8.163144930489752e-05
8.165630128909771e-05
8.168116840930314e-05
8.170605067932198e-05
8.173094811301946e-05
8.175586072426364e-05
8.178078852691722e-05
8.180573153490394e-05
8.183068976212138e-05
8.185566322251081e-05
8.18806519300228e-05
8.190565589862469e-05
8.19306751423017e-05
8.195570967504071e-05
8.19807595108757e-05
8.20058246638417e-05
8.203090514798728e-05
8.205600097738692e-05
8.208111216612917e-05
8.341574811790546e-05
8.38400605603608e-05
8.474840772312594e-05
8.567602946946795e-05
8.653050243846265e-05
8.655669469738194e-05
8.658290281696735e-05
8.660912681161782e-05
8.663536669575975e-05
8.66616224838624e-05
8.668789419036404e-05
8.671418182976081e-05
8.674048541654397e-05
8.676680496522847e-05
8.691368651879931e-05
8.862895972367705e-05
8.863952624365018e-05
8.86663060403516e-05
8.907051947814851e-05
8.946454686187185e-05
8.987406845189304e-05
9.131693218928914e-05
9.133905761015199e-05
9.134938944521826e-05
9.137683359404655e-05
9.140429423727706e-05
9.143177138978611e-05
9.145926506645414e-05
9.148677528221288e-05
9.151430205196622e-05
9.15418453906765e-05
9.156940531330622e-05
9.159698183483449e-05
9.16245749702471e-05
9.165218473459508e-05
9.167981114288332e-05
9.170745421017286e-05
9.173511395154704e-05
9.1745535582258e-05
9.177321830224765e-05
9.313136581528259e-05
9.373339712096585e-05
9.539047530513773e-05
9.576744559400185e-05
9.579604150212967e-05
9.582465449195986e-05
9.631904397906453e-05
9.634779011523123e-05
9.637655341417375e-05
9.640533389126352e-05
9.643413156191141e-05
9.646294644151851e-05
9.649177854552438e-05
9.650240524448656e-05
9.653126094374619e-05
9.656013390399743e-05
9.658902414075666e-05
9.661793166952431e-05
9.664685650583306e-05
9.740819107935205e-05
9.832149454306675e-05
9.834213753726641e-05
9.956925919848213e-05
9.959885153037307e-05
0.00010060281492041508
0.00010077851115845763
0.00010098552804074748
0.00010126345926612968
0.00010129345091019099
0.00010130425225123123
0.00010133426806631565
0.00010136430167287844
0.00010137511812952809
0.00010140517595786886
0.00010143525161502047
0.00010144608321906424
0.00010145691713650663
0.00010312526106195455
0.00010315398515122818
0.00010318272524560728
0.00010368969956523651
0.00010538173063003726
0.00010541385644779718
0.00010594163523907824
0.00010611220566310522
0.0001061433450043359
0.00010617450262615054
0.00010620567854466901
0.00010623687277599773
0.00010626808533627734
0.0001062993162416751
0.00010633056550837154
0.00010855699828694936
0.00010876340006947084
0.00010990287305309089
0.0001099348641137731
0.00010996687380317674
0.0001109210745870588
0.00011095329759596377
0.00011098553933119755
0.00011099658532887371
0.00011102885222924125
0.00011106113789422193
0.0001110934423401783
0.00011112576558351109
0.00011115810764062663
0.00011136682212726384
0.00011156445515168783
0.0001128217860785739
0.00011285700443483678
0.00011295680240368094
0.00011530649527627074
0.00011548860740474701
0.00011584382213967464
0.0001158771537952638
0.00011588826860963436
0.00011592162584958165
0.00011595500229712592
0.00011598839796886059
0.00011602181288141377
0.0001164919097702369
0.00011719964404466803
0.00011777625090450639
0.00011853726461566812
0.00011857120658576644
0.0001186354862927632
0.00011866947262285846
0.0001187034784300916
0.00011874222715111404
0.00012082735633804928
0.00012086178926769706
0.00012089624182702168
0.00012090740672735121
0.00012094188530108065
0.00012135368604828665
0.00012138826132352102
0.00012175696852790496
0.00012334905406517207
0.0001233782027440493
0.00012363555929416668
0.0001236589146721346
0.0001241727649401158
0.00012420790756665956
0.00012459465824688385
0.00012574379691217513
0.00012577925038343896
0.00012581472385141945
0.0001258502173330459
0.0001258857308452811
0.00012592126440504417
0.00012595681802935436
0.00012596799617208392
0.00012597917629891245
0.00012599035841035766
0.00012602595106578986
0.00012603714148228133
0.00012604833388614169
0.00012605952827788593
0.0001260707246580336
0.00012675257155389506
0.00012712992155316583
0.00012753322165493368
0.00012826103113384112
0.00012882871011133724
0.00012884040379568408
0.00012885209960293825
0.00012886379753370336
0.0001288922156385757
0.00012972139563527775
0.00013081883523459906
0.00013082994794377914
0.00013084106254098802
0.0001308775952315739
0.00013088871792584907
0.00013165214045616523
0.0001318088403603051
0.0001318210813033729
0.00013184148792817866
0.00013186190087170407
0.0001320879578501947
0.00013238652142362752
0.0001324113840070772
0.00013270982102091052
0.00013295933947080415
0.0001329963355483334
0.0001333918872747367
0.000133428980663873
0.0001340320304453662
0.00013405647437485688
0.00013406814393890397
0.00013476600666949555
0.00013567624428791666
0.00013597146433468708
0.00013598251679053925
0.00013599357104322068
0.00013600462709318297
0.00013601568494084966
0.00013602674458667568
0.00013741011723228733
0.0001375840815652642
0.00013762750661235385
0.00013778884886894396
0.00013782051371901113
0.00013785219312512133
0.0001390933948788964
0.00013996108004609182
0.0001400228112808581
0.0001404280028774522
0.0001409413959458833
0.00014097990174518536
0.00014101842858879322
0.00014105697649398696
0.00014109554547804846
0.00014110648678974952
0.00014111742979838448
0.00014112837450431967
0.00014129108361862796
0.00014160438869053625
0.0001424725240874005
0.00014248465866408935
0.0001431769193125045
0.00014320932655168371
0.00014324174846363827
0.0001436210959179949
0.00014364558875146232
0.00014418796022510965
0.0001443744060136564
0.00014438586174210882
0.000145328914896884
0.00014536388460384785
0.0001456611675886073
0.00014590582218265393
0.0001459519661202702
0.00014597138711985492
0.00014605983967752757
0.0001462289901407394
0.00014626854442947483
0.0001463081201211016
0.00014631891720823427
0.00014632971588897107
0.00014634051616366616
0.00014635131803265628
0.0001463621214962904
0.0001463729265549521
0.0001463837332089583
0.0001464069393703959
0.0001464567990297478
0.00014756149883037506
0.00014759424270365068
0.0001480458528835059
0.00014832719029038305
0.0001483732337026429
0.00014841930570728168
0.00014846540633094247
0.0001490289994614477
0.00014906230550667656
0.00014910248848286676
0.00014995077726178126
0.00014996211865914394
0.00015153309484677518
0.00015157365912755194
0.0001515842718297498
0.000151594886018096
0.00015163548338986165
0.00015174600337074432
0.00015179363859711546
0.00015180630193843155
0.00015181896739267832
0.00015183163496034204
0.00015225881661086886
0.0001527063313686814
0.00015351190659756154
0.0001535237930607191
0.00015353568136462696
0.00015356695198889516
0.00015364607533460212
0.00015439357694741425
0.00015457273451053278
0.00015461389098557474
0.00015466221827915017
0.000154696269716041
0.00015492335803363514
0.00015538026126870705
0.00015543049101439846
0.00015576317585590035
0.00015591881606297127
0.0001561868613125005
0.00015700439885065875
0.00015701480055443153
0.00015702520363645328
0.0001570356080969642
0.00015704601393628245
0.00015705642115466166
0.00015709806382488805
0.00015713972858207126
0.00015715014822437063
0.00015716056924848677
0.00015717099165467617
0.00015718141544322078
0.00015719184061439812
0.00015720226716847805
0.00015721269510575822
0.0001572231244264926
0.00015723355513095783
0.00015750638853309374
0.00015784392656258343
0.0001582113201913637
0.0001589771751795394
0.00015926799026971583
0.00015927970774518675
0.00015930153901259035
0.0001593707337413758
0.00016060007166615654
0.0001608072697985475
0.00016143106395692384
0.0001622437944879702
0.0001622896342668045
0.0001623321526536235
0.00016234227936260732
0.00016235240733502738
0.00016236253657114246
0.00016237266707119376
0.00016238279883537727
0.00016242536605556355
0.00016243550439720057
0.00016244564400446813
0.00016245578487758712
0.00016246592701680992
0.0001629369954448472
0.00016306034809120544
0.00016326796655495175
0.00016331831839095485
0.00016479957380700677
0.00016502214103817085
0.00016541927237577177
0.00016613357519393106
0.0001661604476934353
0.00016618732888709948
0.00016619794227873758
0.00016620855702597942
0.00016621917312911326
0.00016622979058836422
0.00016719035460061193
0.00016753783258213325
0.0001675476203484106
0.0001675574092583241
0.00016756719931202864
0.00016757699050975655
0.00016836264758709555
0.0001686457958956847
0.00016869718860181644
0.00016891791016637427
0.00017083641898424734
0.00017134153753593665
0.00017135177476024463
0.00017136201320782661
0.00017137225287889505
0.00017138249377367807
0.00017141837836500543
0.00017145427798557136
0.00017247691658091858
0.0001726827097324273
0.0001726921041067217
0.00017270149950312797
0.0001727108959218454
0.0001727202933630294
0.0001727296918268357
0.00017273909131345356
0.0001727484918230332
0.00017407743073155377
0.00017413800203719025
0.00017536346947039257
0.0001753741929122054
0.00017583116483214573
0.00017675379685653
0.00017679010127489883
0.00017736423902334742
0.00017750809136379296
0.0001777715012784546
0.0001777804497055074
0.00017778939903338855
0.00017783415919095402
0.00017787894188998383
0.00017788790113610562
0.00017789686128472898
0.00017790582233595184
0.0001779147842899223
0.00017792374714677912
0.00017793271090664595
0.0001779775432568549
0.0001780223982030965
0.00017803137190520936
0.0001780403465120037
0.00017804932202359583
0.00017857893673964878
0.00017861734160661835
0.0001802509037354249
0.00018242859732270795
0.000182451447760174
0.00018247844208382882
0.00018251727267195214
0.00018255611978817537
0.00018302740173639382
0.0001830358736452044
0.00018304434633829395
0.00018305281981576183
0.0001830982818590444
0.0001831437664875155
0.00018318927371800553
0.0001831977606179215
0.00018320624830417442
0.000183214736776881
0.0001832602792848323
0.00018326877276480535
0.0001832772670320499
0.00018328576208664622
0.0001836221546334339
0.00018364961845657092
0.00018428934746394742
0.0001846347454167302
0.0001846923774313735
0.00018475004543283966
0.0001852922753862015
0.00018533036324650792
0.0001853684667670825
0.0001855062865963434
0.00018563553887530733
0.00018629777581571309
0.0001863415884124371
0.0001871430859350645
0.00018719256384643277
0.00018774750458701474
0.00018781235649236206
0.00018787725321180634
0.0001879421947918028
0.00018800718127891892
0.00018892037841915636
0.00018896679048116001
0.00018897479486538638
0.00018898279992771847
0.00018899080566820155
0.00018903725234169704
0.00018904526269600697
0.00018909173614126216
0.00018909975111337695
0.00018910776676494236
0.00018911578309599534
0.0001891622912214365
0.0001891703121754911
0.0001891783338097427
0.00018918635612425464
0.00018919437911912618
0.00018920240279446114
0.00018921042715032264
0.0001892184521867924
0.00018922647790398046
0.00018923450430197828
0.00018928107084077242
0.0001892891018704573
0.00018929713358160354
0.0001895252882603342
0.00018956719110858213
0.00019084740282630485
0.00019119085569599235
0.00019172623761200727
0.00019185515128404754
0.00019266559678369604
0.00019349838175534116
0.0001935453911859902
0.00019359242346158044
0.0001936394785988013
0.00019368655661429832
0.00019454383778763675
0.00019455128693585884
0.0001945587366545344
0.00019456618694369847
0.0001945736378034242
0.00019458108923377753
0.00019458854123481458
0.00019459599380663525
0.00019460344694925783
0.00019461090066279934
0.0001946183549472843
0.00019462580980279196
0.0001946730371531576
0.00019468049619818006
0.0001946879558147527
0.00019469541600297362
0.0001947028767629079
0.00019471033809458397
0.00019471779999811654
0.00019472526247352537
0.00019473272552091242
0.00019474018914033162
0.00019474765333183985
0.00019475511809551372
0.00019480240822404582
0.00019484972132196316
0.00019485719391178745
0.00019486466707471393
0.0001948721408108489
0.00019487961512023038
0.0001952039795801915
0.00019589910547145305
0.00019666608403180955
0.00019683663571960175
0.00019706190177293974
0.00019845544573816512
0.00019920083866821475
0.00019920864869576787
0.000199216459335718
0.0001992242705881264
0.00019923208245306015
0.00019923989493058315
0.00019994195090587233
0.0001999487783420601
0.00019995560624450735
0.00019996243461323918
0.0001999692634483375
0.0001999760927498101
0.00019998292251772565
0.00019998975275212138
0.00019999658345306746
0.0002000034146205753
0.00020001024625472118
0.00020001707835555653
0.0002000239109231107
0.0002000307439574435
0.00020039996437426786
0.00020158189761060295
0.00020166510350257176
0.00020170802705082375
0.0002017459159453842
0.00020212507921681068
0.00020304761803412034
0.00020321483803417326
0.00020390194012502434
0.0002039501382457539
0.00020458014925709247
0.00020462518904084534
0.00020518207968064225
0.00020529698536829517
0.0002053031371360096
0.0002053514852850454
0.00020535764031914694
0.00020536379572218928
0.00020536995149422936
0.00020537610763527418
0.00020538226414536912
0.00020538842102455726
0.00020539457827284583
0.00020540073589029787
0.00020540689387690765
0.00020541305223274248
0.000205419210957841
0.0002054253700521933
0.0002054315295158728
0.00020543768934890767
0.00020544384955131743
0.00020545001012312367
0.00020545617106440423
0.00020546233237513447
0.00020626488356724127
0.0002081764519881166
0.00020821725842640968
0.00020861437788544416
0.00020940682389824496
0.00020944177752204164
0.00020949048237500187
0.00020953920988333287
0.00020957420771565427
0.00020958170877196744
0.0002097514939195037
0.00021014255642405724
0.0002102125580461023
0.00021071786649462998
0.00021072329527855926
0.00021077216692442385
0.00021077759850641334
0.00021078303036832169
0.00021078846251017396
0.00021079389493199488
0.0002107993276338163
0.0002108047606156413
0.00021081019387749503
0.00021081562741940755
0.00021082106124139223
0.00021082649534346615
0.00021083192972565795
0.0002108808517753052
0.0002108862889598784
0.00021089172642481515
0.00021089716417012916
0.00021090260219583948
0.0002109080405019616
0.00021091347908854408
0.00021091891795557596
0.00021092435710310542
0.00021092979653115063
0.00021093523623971037
0.00021094067622883853
0.00021094611649852258
0.00021126785120789682
0.0002114854359812755
0.00021206191396296696
0.00021268833142293764
0.00021341570148731464
0.00021349244754894278
0.00021383136353714905
0.00021384161279680667
0.00021385186303894696
0.00021414631640891978
0.00021481422740674648
0.00021527814319868046
0.0002152849076317577
0.0002152916724899361
0.00021571568280766125
0.0002157213721438091
0.00021572706178005487
0.00021613299800898972
0.00021613765169376024
0.00021614230557890672
0.0002161469596644428
0.00021615161395041808
0.00021615626843679044
0.00021616092312362592
0.00021616557801089806
0.00021617023309864955
0.00021617488838687038
0.00021617954387556933
0.00021618419956479794
0.00021618885545451473
0.00021619351154479228
0.00021619816783558922
0.00021620282432694893
0.0002162074810188766
0.00021621213791138768
0.00021621679500448415
0.00021622145229820798
0.00021622610979253707
0.00021623076748749422
0.00021623542538310307
0.00021624008347937638
0.0002162447417763213
0.00021624940027394695
0.00021625405897227255
0.0002182513456240607
0.00021826483293858792
0.0002187046386723683
0.0002187521154379668
0.0002188835646957463
0.00021894752395112038
0.00021961400751836508
0.0002200207654782952
0.0002200665025174268
0.00022010786309844494
0.00022013268690959472
0.00022016579403499775
0.00022019891111928072
0.0002209014364592441
0.0002209074025999303
0.00022122716646207178
0.00022123204208325257
0.00022130422641147696
0.0002213764578554933
0.00022168253916089107
0.00022168637056923393
0.00022169020211002238
0.0002216940337832227
0.000221697865588897
0.00022170169752699253
0.00022170552959755957
0.0002217093618005767
0.00022171319413606796
0.00022171702660402827
0.00022172085920447814
0.0002217246919374192
0.00022172852480286003
0.00022173235780079882
0.00022173619093125092
0.0002217400241942225
0.0002217438575897104
0.00022214940794946982
0.00022217069296909202
0.00022220150745877855
0.00022222280246277852
0.00022286163687226308
0.00022291155273687201
0.00022355092758748231
0.00022473454319187763
0.00022560027606182548
0.0002260141731524402
0.00022604719581980967
0.0002260887541736611
0.00022657788907200975
0.0002266130119196086
0.00022661812780564076
0.00022662324392263886
0.00022662836027063983
0.00022663347684961165
0.0002268484442093074
0.00022685245624916146
0.00022705776077202398
0.0002270607112029352
0.00022706366171049627
0.0002270666122947489
0.00022706956295567211
0.00022707251369327502
0.00022707546450755517
0.00022707841539852143
0.00022708136636617158
0.00022708431741052295
0.00022708726853156212
0.0002270902197292896
0.00022709317100372424
0.00022709612235486483
0.00022709907378271125
0.00022710202528727918
0.00022710497686854154
0.00022714721375891866
0.00022785798695401603
0.0002282241968671411
0.000228887867758329
0.00022925939388287415
0.00023030021182752244
0.00023039675606498697
0.0002304471383105283
0.00023049754259338138
0.0002305632750760367
0.00023171124599757477
0.00023201368649323418
0.00023214145120471988
0.00023224539254709258
0.00023238985272010644
0.00023243613495562066
0.0002324824356278239
0.0002326074937965515
0.00023261171211131672
0.00023272128199689727
0.00023275844193324758
0.00023289492150822483
0.00023289694776277734
0.00023289897405258912
0.00023290100037767105
0.000232903026737999
0.00023290505313358544
0.0002329070795644239
0.00023290910603052776
0.00023291113253190337
0.00023291315906851556
0.00023291518564040416
0.0002329172122475561
0.0002329192388899829
0.00023296991641487045
0.0002329719439744736
0.00023297397156936802
0.00023297599919953012
0.00023297802686499626
0.00023298005456576142
0.00023298208230181625
0.00023298411007314858
0.0002329861378797881
0.00023298816572172364
0.00023299019359895954
0.00023340427623259666
0.00023506272164725502
0.00023511346541185346
0.00023541060534722547
0.00023564186265345946
0.0002367750769325477
0.00023718037883618104
0.00023817415149159722
0.00023818383933230683
0.00023820757787296543
0.00023820861610953362
0.0002382595007903609
0.00023826053947955734
0.000238261578177801
0.0002382626168850981
0.0002382636556014403
0.00023826469432684235
0.00023826573306130476
0.00023826677180482814
0.00023826781055740097
0.00023826884931902985
0.00023826988808971835
0.00023827092686947582
0.00023827196565827708
0.00023827300445612018
0.0002382740432630357
0.00023827508207900657
0.00023827612090403615
0.0002382771597381302
0.00023827819858126617
0.0002382792374334641
0.000238280276294733
0.00023828131516504097
0.00023828235404440955
0.00023828339293284855
0.0002382844318303278
0.00023828547073687588
0.0002382865096524842
0.000238287548577142
0.00023828858751087837
0.00023995598747780103
0.0002407190304131793
0.0002412258048161419
0.00024261083874039648
0.00024377451569279046
0.000244194815830609
0.0002450308617225531
0.0002452389747257406
0.00024577736937013287
0.000245941458820884
0.0002466895763543977
0.0002472561897883074
0.0002472742112583851
0.00024853158835581564
0.00024879768266032447
0.00024887429181833783
0.0002489509481642322
0.00024902765174160456
0.0002510575135247232
0.0002510764706454233
0.00025186639721625344
0.000252256109109504
0.0002529039332387327
0.0002529551294804984
0.0002544030361001348
0.00025506269631645856
0.0002550854056417765
0.00025549759705508266
0.00025705598935669066
0.00025715268231758467
0.00025780359837153643
0.00025783885168964566
0.00025801501653259143
0.0002580529696712242
0.00025847509874919473
0.0002597671026637335
0.00025979153674758404
0.0002611483650455425
0.00026120952212494456
0.00026175544014844267
0.0002634584861440376
0.0002638871277106287
0.00026390283728898293
0.0002650891552038126
0.00026514027971193767
0.00026683176379510305
0.0002688722968125172
0.0002691904621440899
0.00026922336037889076
0.00026923816720767396
0.00027031805863840026
0.0002703969379793596
0.0002704758633625002
0.00027255894471568215
0.00027256808646447485
0.00027260857872403845
0.0002726951940278562
0.0002738434183932322
0.00027388408322699784
0.0002746691208995067
0.00027512089226273945
0.0002758763376429021
0.0002767479762287106
0.00027958408021743484
0.0002810749295020886
0.0002811132398291581
0.0002811813436436172
0.0002827002085449043
0.00028327678219947555
0.0002833227102024368
0.00028431381170459336
0.0002844999430606749
0.0002857703946199457
0.0002858127905439236
0.00028585695973128443
0.0002859636073167244
0.0002866842193011477
0.0002886731296603142
0.0002894450820066815
0.00028985749576323594
0.00029127844195761494
0.00029149405161385257
0.0002915009144753533
0.0002915077776599524
0.0002929254958271221
0.0002963761147293372
0.00029662252620547
0.0002966321014983074
0.00029668181176093264
0.00029671146342518333
0.00029727714182735106
0.0002972959429102174
0.0002973147463710452
0.00029733355221028005
0.00030196330579383327
0.0003024006033673876
0.0003024183672241511
0.00030720213423506866
0.0003106417295824019
0.00032272749876471164
0.00032273683627149043
0.0003227461743185223
0.00032419638573133626
0.0003328893530081613
0.00033293451556328185
0.0003379896773049997
0.0003379988487037731
0.00034809781225990887
0.00036054841111351826
0.0004843351167211394
0.000484335116721132
0.00048433511672112654
0.00048433511672113576
0.0004843351167211297
0.00048433511672113863
0.00048433511672113045
0.0004843351167211264
0.0004843351167211357
0.0004843351167211296
0.00048433511672113863
0.00048433511672113034
0.0004843351167211264
0.00048433511672113565
0.0004843351167211296
0.0004843351167211385
0.00048433511672113034
0.0004843351167211264
0.00048433511672113565
0.0004843351167211296
0.00048433511672113847
0.0004843351167211299
0.00048433511672112654
0.0004843351167211357
0.0004843351167211296
0.0004843351167211385
0.00048433511672113034
0.00048433511672112595
0.0004843351167211357
0.0004843351167211296
0.0004843351167211385
0.00048433511672113034
0.00048433511672112595
0.0004843351167211357
0.0004843351167211296
0.0004843351167211385
0.00048433511672113034
0.00048433511672112595
0.0004843351167211357
0.0004843351167211296
0.0004843351167211385
0.00048433511672113034
0.00048433511672112595
0.0004843351167211357
0.0004843351167211296
0.0004843351167211385
0.00048433511672113034
0.00048433511672112595
0.00048433511672113565
0.0004843351167211296
0.00048433511672113847
0.0004843351167211299
0.0004843351167211264
0.00048433511672113565
0.0004843351167211296
0.00048433511672113847
0.0004843351167211299
0.0004843351167211264
0.00048433511672113565
0.0004843351167211296
0.00048433511672113847
0.0004843351167211299
0.0004843351167211264
0.00048433511672113565
0.0004843351167211296
0.00048433511672113847
0.0004843351167211299
0.0004843351167211264
0.00048433511672113565
0.00048433511672112947
0.00048433511672113847
0.0004843351167211299
0.0004843351167211264
0.00048433511672113565
0.0004843351167211294
0.00048433511672113803
0.00048433511672112985
0.00048433511672113863
0.00048433511672113034
0.00048433511672112595
0.00048433511672113565
0.00048433511672112947
0.00048433511672113847
0.00048433511672112985
0.00048433511672113863
0.00048433511672113034
0.00048433511672112595
0.00048433511672113565
0.0004843351167211296
0.00048433511672113847
0.00048433511672112985
0.00048433511672113863
0.00048433511672113034
0.00048433511672112595
0.00048433511672113565
0.0004843351167211296
0.00048433511672113847
0.00048433511672112985
0.00048433511672113863
0.00048433511672113034
0.00048433511672112595
0.00048433511672113565
0.0004843351167211296
0.00048433511672113847
0.00048433511672112985
0.00048433511672113863
0.00048433511672113034
0.00048433511672112595
0.00048433511672113565
0.0004843351167211296
0.00048433511672113847
0.00048433511672112985
0.00048433511672113863
0.00048433511672113034
0.00048433511672112595
0.00048433511672113565
0.0004843351167211296
0.00048433511672113847
0.00048433511672112985
0.00048433511672113863
0.00048433511672113034
0.00048433511672112595
0.00048433511672113565
0.0004843351167211296
0.00048433511672113847
0.00048433511672112985
0.00048433511672113863
0.00048433511672113034
0.00048433511672112595
0.00048433511672113565
0.0004843351167211296
0.00048433511672113847
0.00048433511672112985
0.00048433511672113863
0.00048433511672113034
0.00048433511672112595
0.00048433511672113565
0.0004843351167211296
0.00048433511672113847
0.0004843351167211299
0.0004843351167211264
0.00048433511672113565
0.0004843351167211294
0.00048433511672113803
0.00048433511672112985
0.00048433511672113863
0.00048433511672113034
0.00048433511672112595
0.00048433511672113565
0.0004843351167211296
0.00048433511672113847
0.00048433511672112985
0.00048433511672113863
0.00048433511672113034
0.00048433511672112595
0.00048433511672113565
0.0004843351167211296
0.00048433511672113847
0.00048433511672112985
0.00048433511672113863
0.00048433511672113034
0.00048433511672112595
0.00048433511672113565
0.0004843351167211296
0.00048433511672113847
0.0004843351167211299
0.00048433511672112595
0.00048433511672113565
0.0004843351167211296
0.00048433511672113847
0.00048433511672112985
0.00048433511672113863
0.00048433511672113034
0.00048433511672112595
0.00048433511672113565
0.0004843351167211296
0.00048433511672113847
0.0004843351167211299
0.00048433511672112595
0.00048433511672113565
0.0004843351167211296
0.00048433511672113847
0.00048433511672112985
0.00048433511672113863
0.00048433511672113034
0.0004843351167211264
0.00048433511672113565
0.00048433511672112947
0.00048433511672113847
0.0004843351167211299
0.00048433511672112595
0.00048433511672113565
0.0004843351167211296
0.00048433511672113847
0.0004843351167211299
0.00048433511672112595
0.00048433511672113565
0.0004843351167211296
0.00048433511672113847
0.0004843351167211299
0.0004843351167211264
0.00048433511672113565
0.00048433511672112947
0.00048433511672113847
0.0004843351167211299
0.00048433511672112595
0.00048433511672113565
0.0004843351167211296
0.00048433511672113847
0.0004843351167211299
0.0004843351167211264
0.00048433511672113565
0.00048433511672112947
0.00048433511672113847
0.0004843351167211299
0.00048433511672112595
0.00048433511672113565
0.0004843351167211296
0.00048433511672113847
0.0004843351167211299
0.0004843351167211264
0.00048433511672113565
0.00048433511672112947
0.00048433511672113847
0.0004843351167211299
0.00048433511672112595
0.00048433511672113565
0.0004843351167211296
0.00048433511672113847
0.0004843351167211299
0.00048433511672112595
0.00048433511672113565
0.0004843351167211296
0.00048433511672113847
0.0004843351167211299
0.00048433511672112595
0.00048433511672113565
0.0004843351167211296
0.00048433511672113847
0.0004843351167211299
0.00048433511672112595
0.00048433511672113565
0.0004843351167211296
0.00048433511672113847
0.0004843351167211299
0.00048433511672112595
0.00048433511672113565
0.0004843351167211296
0.00048433511672113847
0.0004843351167211299
0.00048433511672112595
0.00048433511672113565
0.0004843351167211296
0.00048433511672113847
0.0004843351167211299
0.0004843351167211264
0.00048433511672113565
0.00048433511672112947
0.00048433511672113847
0.0004843351167211299
0.00048433511672112595
0.00048433511672113565
0.0004843351167211296
0.00048433511672113847
0.0004843351167211299
0.0004843351167211264
0.00048433511672113565
0.00048433511672112947
0.00048433511672113847
0.0004843351167211299
0.00048433511672112595
0.00048433511672113565
0.0004843351167211296
0.00048433511672113847
0.0004843351167211299
0.0004843351167211264
0.00048433511672113565
0.00048433511672112947
0.00048433511672113847
0.0004843351167211299
0.00048433511672112595
0.00048433511672113565
0.0004843351167211296
0.00048433511672113847
0.0004843351167211299
0.0004843351167211264
0.00048433511672113565
0.00048433511672112947
0.00048433511672113847
0.0004843351167211299
0.00048433511672112595
0.00048433511672113565
0.0004843351167211296
0.00048433511672113847
0.0004843351167211299
0.0004843351167211264
0.00048433511672113565
0.00048433511672112947
0.00048433511672113847
0.0004843351167211299
0.00048433511672112595
0.00048433511672113565
0.0004843351167211296
0.00048433511672113847
0.0004843351167211299
0.0004843351167211264
0.00048433511672113565
0.00048433511672112947
0.00048433511672113847
0.0004843351167211299
0.00048433511672112595
0.00048433511672113565
0.0004843351167211296
0.00048433511672113847
0.0004843351167211299
0.0004843351167211264
0.00048433511672113565
0.00048433511672112947
0.00048433511672113847
0.0004843351167211299
0.00048433511672112595
0.00048433511672113565
0.0004843351167211296
0.00048433511672113847
0.0004843351167211299
0.0004843351167211264
0.00048433511672113565
0.00048433511672112947
0.00048433511672113847
0.0004843351167211299
0.00048433511672112595
0.00048433511672113565
0.0004843351167211296
0.00048433511672113847
0.0004843351167211299
0.0004843351167211264
0.00048433511672113565
0.00048433511672112947
0.00048433511672113847
0.0004843351167211299
0.00048433511672112595
0.00048433511672113565
0.0004843351167211296
0.00048433511672113847
0.0004843351167211299
0.0004843351167211264
0.00048433511672113565
0.00048433511672112947
0.00048433511672113847
0.0004843351167211299
0.00048433511672112595
0.00048433511672113565
0.0004843351167211296
0.00048433511672113847
0.0004843351167211299
0.0004843351167211264
0.00048433511672113565
0.00048433511672112947
0.00048433511672113847
0.0004843351167211299
0.00048433511672112595
0.00048433511672113565
0.0004843351167211296
0.00048433511672113847
0.0004843351167211299
0.0004843351167211264
0.00048433511672113565
0.00048433511672112947
0.00048433511672113847
0.0004843351167211299
0.00048433511672112595
0.00048433511672113565
0.0004843351167211296
0.00048433511672113847
0.0004843351167211299
0.0004843351167211264
0.00048433511672113565
0.00048433511672112947
0.00048433511672113847
0.0004843351167211299
0.00048433511672112595
0.00048433511672113565
0.0004843351167211296
0.00048433511672113847
0.0004843351167211299
0.0004843351167211264
0.00048433511672113565
0.00048433511672112947
0.00048433511672113847
0.0004843351167211299
0.00048433511672112595
0.00048433511672113565
0.0004843351167211296
0.00048433511672113847
0.0004843351167211299
0.0004843351167211264
0.00048433511672113565
0.00048433511672112947
0.00048433511672113847
0.0004843351167211299
0.00048433511672112595
0.00048433511672113565
0.0004843351167211296
0.00048433511672113847
0.0004843351167211299
0.00048433511672112595
0.00048433511672113565
0.0004843351167211296
0.00048433511672113847
0.0004843351167211299
0.00048433511672112595
0.00048433511672113565
0.0004843351167211296
0.00048433511672113847
0.0004843351167211299
0.00048433511672112595
0.00048433511672113565
0.0004843351167211296
0.00048433511672113847
0.0004843351167211299
0.00048433511672112595
0.00048433511672113565
0.0004843351167211296
0.00048433511672113847
0.0004843351167211299
0.00048433511672112595
0.00048433511672113565
0.0004843351167211296
0.00048433511672113847
0.0004843351167211299
0.00048433511672112595
0.00048433511672113565
0.0004843351167211296
0.00048433511672113847
0.0004843351167211299
0.00048433511672112595
0.00048433511672113565
0.0004843351167211296
0.00048433511672113847
0.0004843351167211299
0.00048433511672112595
0.00048433511672113565
0.0004843351167211296
0.00048433511672113847
0.0004843351167211299
0.00048433511672112595
0.00048433511672113565
0.0004843351167211296
0.00048433511672113847
0.0004843351167211299
0.00048433511672112595
0.00048433511672113565
0.0004843351167211296
0.00048433511672113847
0.0004843351167211299
0.00048433511672112595
0.00048433511672113565
0.0004843351167211296
0.00048433511672113847
0.00048433511672112985
0.00048433511672113863
0.00048433511672113034
0.00048433511672112595
0.00048433511672113565
0.0004843351167211296
0.00048433511672113847
0.0004843351167211299
0.00048433511672112595
0.00048433511672113565
0.0004843351167211296
0.00048433511672113847
0.00048433511672112985
0.00048433511672113863
0.00048433511672113034
0.00048433511672112595
0.00048433511672113565
0.0004843351167211296
0.00048433511672113847
0.00048433511672112985
0.00048433511672113863
0.00048433511672113034
0.00048433511672112595
0.00048433511672113565
0.00048433511672112947
0.00048433511672113847
0.00048433511672112985
0.00048433511672113863
0.00048433511672113034
0.00048433511672112595
0.00048433511672113565
0.0004843351167211296
0.00048433511672113847
0.0004843351167211299
0.00048433511672112595
0.00048433511672113565
0.0004843351167211296
0.00048433511672113847
0.0004843351167211299
0.00048433511672112595
0.00048433511672113565
0.0004843351167211296
0.00048433511672113847
0.0004843351167211299
0.00048433511672112595
0.00048433511672113565
0.0004843351167211296
0.00048433511672113847
0.00048433511672112985
0.00048433511672113863
0.00048433511672113034
0.00048433511672112595
0.00048433511672113565
0.0004843351167211296
0.00048433511672113847
0.0004843351167211299
0.00048433511672112595
0.00048433511672113565
0.0004843351167211296
0.00048433511672113847
0.00048433511672112985
0.00048433511672113863
0.00048433511672113034
0.00048433511672112595
0.00048433511672113565
0.0004843351167211296
0.00048433511672113847
0.0004843351167211299
0.00048433511672112595
0.00048433511672113565
0.0004843351167211296
0.00048433511672113847
0.00048433511672112985
0.00048433511672113863
0.00048433511672113034
0.00048433511672112595
0.00048433511672113565
0.0004843351167211296
0.00048433511672113847
0.0004843351167211299
0.0004843351167211264
0.00048433511672113565
0.0004843351167211296
0.00048433511672113847
0.0004843351167211299
0.0004843351167211264
0.00048433511672113565
0.0004843351167211296
0.00048433511672113847
0.0004843351167211299
0.00048433511672112595
0.0004843351167211357
0.0004843351167211296
0.00048433511672113847
0.0004843351167211299
0.00048433511672112595
0.0004843351167211357
0.0004843351167211296
0.00048433511672113847
0.0004843351167211299
0.00048433511672112595
0.0004843351167211357
0.0004843351167211296
0.00048433511672113847
0.0004843351167211299
0.00048433511672112595
0.0004843351167211357
0.0004843351167211296
0.00048433511672113847
0.0004843351167211299
0.00048433511672112595
0.0004843351167211357
0.0004843351167211296
0.00048433511672113847
0.0004843351167211299
0.00048433511672112595
0.00048433511672113576
0.0004843351167211296
0.00048433511672113847
0.0004843351167211299
0.0004843351167211264
0.00048433511672113565
0.0004843351167211296
0.00048433511672113847
0.0004843351167211299
0.00048433511672112595
0.00048433511672113576
0.0004843351167211296
0.00048433511672113847
0.0004843351167211299
0.0004843351167211264
0.00048433511672113565
0.0004843351167211296
0.00048433511672113847
0.0004843351167211299
0.00048433511672112595
0.0004843351167211357
0.0004843351167211296
0.00048433511672113847
0.0004843351167211299
0.00048433511672112595
0.00048433511672113576
0.0004843351167211296
0.00048433511672113847
0.0004843351167211299
0.0004843351167211264
0.00048433511672113565
0.0004843351167211296
0.00048433511672113847
0.0004843351167211299
0.00048433511672112595
0.0004843351167211357
0.0004843351167211296
0.00048433511672113847
0.0004843351167211299
0.00048433511672112595
0.0004843351167211357
0.0004843351167211296
0.00048433511672113803
0.00048433511672112985
0.00048433511672113863
0.00048433511672113034
0.00048433511672112595
0.00048433511672113565
0.0004843351167211296
0.00048433511672113847
0.0004843351167211299
0.00048433511672112595
0.0004843351167211357
0.0004843351167211296
0.00048433511672113803
0.00048433511672112985
0.00048433511672113863
0.00048433511672113034
0.00048433511672112595
0.00048433511672113565
0.0004843351167211296
0.00048433511672113847
0.0004843351167211299
0.00048433511672112595
0.0004843351167211357
0.0004843351167211296
0.00048433511672113803
0.00048433511672112985
0.00048433511672113863
0.00048433511672113034
0.00048433511672112595
0.00048433511672113565
0.0004843351167211296
0.00048433511672113847
0.0004843351167211299
0.00048433511672112595
0.00048433511672113565
0.0004843351167211296
0.00048433511672113847
0.0004843351167211299
0.00048433511672112595
0.00048433511672113565
0.0004843351167211296
0.00048433511672113847
0.0004843351167211299
0.00048433511672112595
0.00048433511672113565
0.0004843351167211296
0.00048433511672113847
0.0004843351167211299
0.00048433511672112595
0.00048433511672113565
0.0004843351167211296
0.00048433511672113803
0.00048433511672112985
0.0004843351167211385
0.0004843351167211299
0.00048433511672112595
0.0004843351167211357
0.0004843351167211296
0.00048433511672113803
0.00048433511672112985
0.0004843351167211385
0.0004843351167211299
0.00048433511672112595
0.0004843351167211357
0.0004843351167211296
0.00048433511672113803
0.0004843351167211297
0.00048433511672113847
0.0004843351167211299
0.00048433511672112595
0.0004843351167211357
0.0004843351167211296
0.00048433511672113803
0.00048433511672112985
0.00048433511672113847
0.0004843351167211299
0.00048433511672112595
0.00048433511672113565
0.0004843351167211296
0.00048433511672113803
0.0004843351167211297
0.00048433511672113847
0.0004843351167211299
0.00048433511672112595
0.00048433511672113565
0.0004843351167211296
0.00048433511672113803
0.0004843351167211297
0.00048433511672113847
0.0004843351167211299
0.00048433511672112595
0.00048433511672113565
0.0004843351167211296
0.00048433511672113803
0.0004843351167211297
0.00048433511672113847
0.0004843351167211299
0.00048433511672112595
0.00048433511672113565
0.00048433511672112947
0.00048433511672113803
0.0004843351167211297
0.00048433511672113847
0.0004843351167211299
0.00048433511672112595
0.00048433511672113565
0.0004843351167211296
0.00048433511672113803
0.0004843351167211297
0.00048433511672113847
0.0004843351167211299
0.00048433511672112595
0.00048433511672113565
0.00048433511672112947
0.0004843351167211379
0.0004843351167211297
0.00048433511672113847
0.0004843351167211299
0.00048433511672112595
0.00048433511672113565
0.00048433511672112947
0.00048433511672113803
0.0004843351167211297
0.00048433511672113847
0.0004843351167211299
0.00048433511672112595
0.0004843351167211357
0.0004843351167211296
0.00048433511672113803
0.0004843351167211297
0.0004843351167211385
0.0004843351167211299
0.0004843351167211264
0.00048433511672113565
0.0004843351167211296
0.00048433511672113803
0.00048433511672112985
0.00048433511672113863
0.00048433511672113034
0.00048433511672112595
0.00048433511672113565
0.0004843351167211296
0.00048433511672113803
0.00048433511672112985
0.00048433511672113863
0.00048433511672113034
0.00048433511672112595
0.0004843351167211357
0.0004843351167211296
0.00048433511672113803
0.00048433511672112985
0.00048433511672113863
0.00048433511672113034
0.00048433511672112595
0.0004843351167211357
0.0004843351167211296
0.00048433511672113803
0.00048433511672112985
0.00048433511672113863
0.00048433511672113034
0.00048433511672112595
0.00048433511672113576
0.0004843351167211296
0.00048433511672113847
0.0004843351167211299
0.00048433511672112595
0.00048433511672113576
0.0004843351167211296
0.00048433511672113847
0.0004843351167211299
0.00048433511672112595
0.00048433511672113576
0.0004843351167211296
0.00048433511672113847
0.0004843351167211299
0.0004843351167211264
0.0004843351167211357
0.0004843351167211296
0.00048433511672113847
0.0004843351167211299
0.0004843351167211264
0.0004843351167211357
0.0004843351167211296
0.00048433511672113847
0.0004843351167211299
0.0004843351167211264
0.0004843351167211357
0.0004843351167211296
0.00048433511672113847
0.0004843351167211299
0.0004843351167211264
0.0004843351167211357
0.0004843351167211296
0.00048433511672113847
0.0004843351167211299
0.0004843351167211264
0.0004843351167211357
0.0004843351167211296
0.00048433511672113847
0.0004843351167211299
0.0004843351167211264
0.0004843351167211357
0.0004843351167211296
0.00048433511672113847
0.0004843351167211299
0.0004843351167211264
0.0004843351167211357
0.0004843351167211296
0.00048433511672113847
0.0004843351167211299
0.0004843351167211264
0.0004843351167211357
0.0004843351167211296
0.00048433511672113847
0.0004843351167211299
0.0004843351167211264
0.0004843351167211357
0.0004843351167211296
0.00048433511672113847
0.0004843351167211299
0.0004843351167211264
0.0004843351167211357
0.0004843351167211296
0.00048433511672113847
0.0004843351167211299
0.0004843351167211264
0.0004843351167211357
0.0004843351167211296
0.00048433511672113847
0.0004843351167211299
0.0004843351167211264
0.0004843351167211357
0.0004843351167211296
0.00048433511672113847
0.0004843351167211299
0.0004843351167211264
0.0004843351167211357
0.0004843351167211296
0.00048433511672113847
0.0004843351167211299
0.0004843351167211264
0.0004843351167211357
0.0004843351167211296
0.00048433511672113847
0.0004843351167211299
0.0004843351167211264
0.0004843351167211357
0.0004843351167211296
0.00048433511672113847
0.0004843351167211299
0.0004843351167211264
0.0004843351167211357
0.0004843351167211296
0.00048433511672113847
0.0004843351167211299
0.0004843351167211264
0.0004843351167211357
0.0004843351167211296
0.00048433511672113847
0.0004843351167211299
0.0004843351167211264
0.00048433511672113576
0.0004843351167211296
0.00048433511672113847
0.0004843351167211299
0.0004843351167211264
0.00048433511672113576
0.0004843351167211296
0.00048433511672113847
0.0004843351167211299
0.0004843351167211264
0.00048433511672113576
0.0004843351167211296
0.00048433511672113847
0.0004843351167211299
0.0004843351167211264
0.00048433511672113576
0.0004843351167211296
0.00048433511672113847
0.0004843351167211299
0.0004843351167211264
0.00048433511672113576
0.0004843351167211296
0.00048433511672113847
0.0004843351167211299
0.0004843351167211264
0.00048433511672113576
0.0004843351167211296
0.00048433511672113847
0.0004843351167211299
0.0004843351167211264
0.00048433511672113576
0.0004843351167211296
0.00048433511672113847
0.0004843351167211299
0.0004843351167211264
0.00048433511672113576
0.0004843351167211296
0.00048433511672113847
0.0004843351167211299
0.0004843351167211264
0.00048433511672113576
0.0004843351167211296
0.00048433511672113847
0.00048433511672113034
0.00048433511672112595
0.0004843351167211357
0.0004843351167211296
0.00048433511672113847
0.0004843351167211299
0.0004843351167211264
0.00048433511672113576
0.0004843351167211296
0.00048433511672113847
0.00048433511672113034
0.00048433511672112595
0.0004843351167211357
0.0004843351167211296
0.00048433511672113847
0.0004843351167211299
0.0004843351167211264
0.00048433511672113576
0.0004843351167211296
0.00048433511672113847
0.0004843351167211299
0.0004843351167211264
0.0004843351167211357
0.0004843351167211296
0.00048433511672113847
0.0004843351167211299
0.0004843351167211264
0.00048433511672113576
0.0004843351167211296
0.00048433511672113847
0.0004843351167211299
0.0004843351167211264
0.00048433511672113576
0.0004843351167211296
0.00048433511672113847
0.0004843351167211299
0.0004843351167211264
0.00048433511672113576
0.0004843351167211296
0.00048433511672113847
0.0004843351167211299
0.0004843351167211264
0.00048433511672113576
0.0004843351167211296
0.00048433511672113847
0.0004843351167211299
0.0004843351167211264
0.00048433511672113576
0.0004843351167211296
0.00048433511672113847
0.0004843351167211299
0.0004843351167211264
0.00048433511672113576
0.0004843351167211296
0.00048433511672113847
0.0004843351167211299
0.0004843351167211264
0.00048433511672113576
0.0004843351167211296
0.00048433511672113847
0.0004843351167211299
0.0004843351167211264
0.00048433511672113576
0.0004843351167211296
0.00048433511672113847
0.0004843351167211299
0.0004843351167211264
0.00048433511672113576
0.0004843351167211296
0.00048433511672113847
0.0004843351167211299
0.0004843351167211264
0.00048433511672113576
0.0004843351167211296
0.00048433511672113847
0.0004843351167211299
0.0004843351167211264
0.00048433511672113576
0.0004843351167211296
0.00048433511672113847
0.00048433511672113034
0.00048433511672112595
0.0004843351167211357
0.0004843351167211296
0.00048433511672113847
0.0004843351167211299
0.0004843351167211264
0.00048433511672113576
0.0004843351167211296
0.00048433511672113847
0.0004843351167211299
0.0004843351167211264
0.00048433511672113576
0.0004843351167211296
0.00048433511672113847
0.00048433511672113034
0.00048433511672112595
0.0004843351167211357
0.0004843351167211296
0.00048433511672113847
0.0004843351167211299
0.0004843351167211264
0.00048433511672113576
0.0004843351167211296
0.00048433511672113847
0.0004843351167211299
0.0004843351167211264
0.00048433511672113576
0.0004843351167211296
0.00048433511672113847
0.00048433511672113034
0.00048433511672112595
0.0004843351167211357
0.0004843351167211296
0.00048433511672113847
0.0004843351167211299
0.0004843351167211264
0.00048433511672113576
0.0004843351167211296
0.00048433511672113847
0.0004843351167211299
0.0004843351167211264
0.00048433511672113576
0.0004843351167211296
0.00048433511672113847
0.00048433511672113034
0.00048433511672112595
0.0004843351167211357
0.0004843351167211296
0.00048433511672113847
0.0004843351167211299
0.0004843351167211264
0.00048433511672113576
0.0004843351167211296
0.00048433511672113847
0.0004843351167211299
0.0004843351167211264
0.00048433511672113576
0.0004843351167211296
0.00048433511672113847
0.00048433511672113034
0.00048433511672112595
0.0004843351167211357
0.0004843351167211296
0.00048433511672113847
0.0004843351167211299
0.0004843351167211264
0.00048433511672113576
0.0004843351167211296
0.00048433511672113847
0.0004843351167211299
0.0004843351167211264
0.00048433511672113576
0.0004843351167211296
0.00048433511672113847
0.00048433511672113034
0.00048433511672112595
0.0004843351167211357
0.0004843351167211296
0.00048433511672113847
0.0004843351167211299
0.0004843351167211264
0.00048433511672113576
0.0004843351167211296
0.00048433511672113847
0.0004843351167211299
0.0004843351167211264
0.00048433511672113576
0.0004843351167211296
0.00048433511672113847
0.00048433511672113034
0.00048433511672112595
0.0004843351167211357
0.0004843351167211296
0.00048433511672113847
0.0004843351167211299
0.0004843351167211264
0.00048433511672113576
0.0004843351167211296
0.00048433511672113847
0.0004843351167211299
0.0004843351167211264
0.00048433511672113576
0.0004843351167211296
0.00048433511672113847
0.00048433511672113034
0.00048433511672112595
0.0004843351167211357
0.0004843351167211296
0.00048433511672113847
0.0004843351167211299
0.0004843351167211264
0.00048433511672113576
0.0004843351167211296
0.00048433511672113847
0.0004843351167211299
0.0004843351167211264
0.00048433511672113576
0.0004843351167211296
0.00048433511672113847
0.0004843351167211299
0.0004843351167211264
0.00048433511672113576
0.0004843351167211296
0.00048433511672113847
0.0004843351167211299
0.0004843351167211264
0.00048433511672113576
0.0004843351167211296
0.00048433511672113847
0.0004843351167211299
0.0004843351167211264
0.0004843351167211357
0.0004843351167211296
0.00048433511672113847
0.0004843351167211299
0.0004843351167211264
0.00048433511672113565
0.0004843351167211296
0.00048433511672113847
0.0004843351167211299
0.0004843351167211264
0.00048433511672113565
0.00048433511672112947
0.00048433511672113803
0.00048433511672112985
0.00048433511672113863
0.00048433511672113034
0.00048433511672112595
0.0004843351167211357
0.0004843351167211296
0.00048433511672113847
0.0004843351167211299
0.0004843351167211264
0.00048433511672113565
0.0004843351167211296
0.00048433511672113847
0.0004843351167211299
0.0004843351167211264
0.00048433511672113565
0.00048433511672112947
0.00048433511672113803
0.0004843351167211299
0.0004843351167211264
0.00048433511672113565
0.0004843351167211294
0.00048433511672113803
0.0004843351167211297
0.00048433511672113863
0.00048433511672113034
0.00048433511672112595
0.00048433511672113565
0.0004843351167211296
0.00048433511672113847
0.0004843351167211299
0.00048433511672112595
0.0004843351167211357
0.0004843351167211296
0.00048433511672113847
0.0004843351167211299
0.0004843351167211264
0.00048433511672113565
0.0004843351167211296
0.00048433511672113847
0.0004843351167211299
0.0004843351167211264
0.00048433511672113565
0.0004843351167211296
0.00048433511672113847
0.0004843351167211299
0.0004843351167211264
0.00048433511672113565
0.00048433511672112947
0.00048433511672113803
0.0004843351167211299
0.00048433511672112595
0.0004843351167211357
0.0004843351167211296
0.00048433511672113847
0.0004843351167211299
0.0004843351167211264
0.00048433511672113565
0.00048433511672112947
0.00048433511672113803
0.0004843351167211299
0.00048433511672112595
0.0004843351167211357
0.0004843351167211296
0.00048433511672113803
0.0004843351167211299
0.00048433511672112595
0.0004843351167211357
0.0004843351167211296
0.00048433511672113803
0.0004843351167211299
0.00048433511672112595
0.0004843351167211357
0.0004843351167211296
0.00048433511672113803
0.0004843351167211299
0.00048433511672112595
0.0004843351167211357
0.0004843351167211296
0.00048433511672113803
0.0004843351167211299
0.00048433511672112595
0.0004843351167211357
0.0004843351167211296
0.00048433511672113803
0.0004843351167211299
0.00048433511672112595
0.0004843351167211357
0.0004843351167211296
0.00048433511672113803
0.0004843351167211299
0.00048433511672112595
0.0004843351167211357
0.0004843351167211296
0.00048433511672113847
0.0004843351167211299
0.0004843351167211264
0.00048433511672113565
0.0004843351167211296
0.00048433511672113847
0.0004843351167211299
0.0004843351167211264
0.00048433511672113565
0.0004843351167211296
0.00048433511672113847
0.0004843351167211299
0.0004843351167211264
0.00048433511672113565
0.00048433511672112947
0.00048433511672113803
0.0004843351167211299
0.00048433511672112595
0.0004843351167211357
0.0004843351167211296
0.00048433511672113847
0.0004843351167211299
0.0004843351167211264
0.00048433511672113565
0.00048433511672112947
0.00048433511672113803
0.00048433511672112985
0.00048433511672113863
0.00048433511672113034
0.0004843351167211264
0.00048433511672113565
0.00048433511672112947
0.00048433511672113803
0.0004843351167211299
0.00048433511672112595
0.0004843351167211357
0.0004843351167211296
0.00048433511672113847
0.0004843351167211299
0.00048433511672112595
0.0004843351167211357
0.0004843351167211296
0.00048433511672113847
0.0004843351167211299
0.0004843351167211264
0.00048433511672113565
0.00048433511672112947
0.00048433511672113803
0.0004843351167211299
0.00048433511672112595
0.0004843351167211357
0.0004843351167211296
0.00048433511672113847
0.0004843351167211299
0.0004843351167211264
0.00048433511672113565
0.00048433511672112947
0.00048433511672113803
0.0004843351167211299
0.00048433511672112595
0.00048433511672113565
0.00048433511672112947
0.00048433511672113803
0.0004843351167211299
0.00048433511672112595
0.00048433511672113565
0.0004843351167211296
0.00048433511672113847
0.0004843351167211299
0.00048433511672112595
0.00048433511672113565
0.0004843351167211296
0.00048433511672113847
0.0004843351167211299
0.0004843351167211264
0.00048433511672113565
0.00048433511672112947
0.00048433511672113803
0.0004843351167211299
0.00048433511672112595
0.00048433511672113565
0.00048433511672112947
0.00048433511672113803
0.0004843351167211299
0.00048433511672112595
0.00048433511672113565
0.0004843351167211296
0.00048433511672113803
0.0004843351167211299
0.00048433511672112595
0.00048433511672113565
0.00048433511672112947
0.00048433511672113803
0.0004843351167211299
0.00048433511672112595
0.00048433511672113565
0.0004843351167211296
0.00048433511672113803
0.0004843351167211299
0.00048433511672112595
0.00048433511672113565
0.0004843351167211296
0.00048433511672113803
0.0004843351167211299
0.0004843351167211264
0.00048433511672113565
0.00048433511672112947
0.00048433511672113803
0.0004843351167211299
0.00048433511672112595
0.00048433511672113565
0.0004843351167211296
0.00048433511672113803
0.0004843351167211299
0.0004843351167211264
0.00048433511672113565
0.00048433511672112947
0.00048433511672113803
0.0004843351167211299
0.00048433511672112595
0.00048433511672113565
0.0004843351167211296
0.00048433511672113803
0.0004843351167211299
0.0004843351167211264
0.00048433511672113565
0.00048433511672112947
0.00048433511672113803
0.00048433511672112985
0.00048433511672113863
0.00048433511672113034
0.0004843351167211264
0.00048433511672113565
0.00048433511672112947
0.00048433511672113803
0.0004843351167211299
0.0004843351167211264
0.00048433511672113565
0.00048433511672112947
0.00048433511672113803
0.0004843351167211299
0.0004843351167211264
0.00048433511672113565
0.00048433511672112947
0.00048433511672113803
0.00048433511672112985
0.00048433511672113863
0.00048433511672113034
0.00048433511672112595
0.00048433511672113565
0.00048433511672112947
0.00048433511672113803
0.0004843351167211299
0.0004843351167211264
0.00048433511672113565
0.00048433511672112947
0.00048433511672113803
0.00048433511672112985
0.00048433511672113863
0.00048433511672113034
0.00048433511672112595
0.00048433511672113565
0.00048433511672112947
0.00048433511672113803
0.0004843351167211299
0.0004843351167211264
0.00048433511672113565
0.00048433511672112947
0.00048433511672113803
0.00048433511672112985
0.00048433511672113863
0.00048433511672113034
0.00048433511672112595
0.0004843351167211357
0.0004843351167211296
0.00048433511672113847
0.0004843351167211299
0.0004843351167211264
0.00048433511672113565
0.00048433511672112947
0.00048433511672113803
0.0004843351167211299
0.0004843351167211264
0.00048433511672113565
0.00048433511672112947
0.00048433511672113803
0.0004843351167211299
0.0004843351167211264
0.00048433511672113565
0.00048433511672112947
0.00048433511672113803
0.0004843351167211299
0.0004843351167211264
0.00048433511672113565
0.00048433511672112947
0.00048433511672113803
0.00048433511672112985
0.00048433511672113863
0.00048433511672113034
0.00048433511672112595
0.0004843351167211357
0.0004843351167211296
0.00048433511672113847
0.0004843351167211299
0.0004843351167211264
0.00048433511672113565
0.00048433511672112947
0.00048433511672113803
0.0004843351167211299
0.0004843351167211264
0.00048433511672113565
0.00048433511672112947
0.00048433511672113803
0.0004843351167211299
0.00048433511672112595
0.0004843351167211357
0.0004843351167211296
0.00048433511672113847
0.0004843351167211299
0.0004843351167211264
0.00048433511672113565
0.00048433511672112947
0.00048433511672113803
0.0004843351167211299
0.00048433511672112595
0.0004843351167211357
0.0004843351167211296
0.00048433511672113847
0.0004843351167211299
0.0004843351167211264
0.00048433511672113565
0.00048433511672112947
0.00048433511672113803
0.0004843351167211299
0.00048433511672112595
0.0004843351167211357
0.0004843351167211296
0.00048433511672113847
0.0004843351167211299
0.0004843351167211264
0.00048433511672113565
0.00048433511672112947
0.00048433511672113803
0.00048433511672112985
0.00048433511672113863
0.00048433511672113034
0.00048433511672112595
0.0004843351167211357
0.0004843351167211296
0.00048433511672113847
0.0004843351167211299
0.0004843351167211264
0.00048433511672113565
0.00048433511672112947
0.00048433511672113803
0.0004843351167211299
0.0004843351167211264
0.00048433511672113565
0.00048433511672112947
0.00048433511672113803
0.0004843351167211299
0.00048433511672112595
0.0004843351167211357
0.0004843351167211296
0.00048433511672113847
0.0004843351167211299
0.0004843351167211264
0.00048433511672113565
0.00048433511672112947
0.00048433511672113803
0.0004843351167211299
0.00048433511672112595
0.0004843351167211357
0.0004843351167211296
0.00048433511672113847
0.0004843351167211299
0.0004843351167211264
0.00048433511672113565
0.00048433511672112947
0.00048433511672113803
0.0004843351167211299
0.00048433511672112595
0.0004843351167211357
0.0004843351167211296
0.00048433511672113847
0.0004843351167211299
0.0004843351167211264
0.00048433511672113565
0.00048433511672112947
0.00048433511672113803
0.0004843351167211299
0.00048433511672112595
0.0004843351167211357
0.0004843351167211296
0.00048433511672113847
0.0004843351167211299
0.0004843351167211264
0.00048433511672113565
0.00048433511672112947
0.00048433511672113803
0.0004843351167211299
0.00048433511672112595
0.0004843351167211357
0.0004843351167211296
0.00048433511672113847
0.0004843351167211299
0.0004843351167211264
0.00048433511672113565
0.00048433511672112947
0.00048433511672113803
0.0004843351167211299
0.00048433511672112595
0.00048433511672113565
0.00048433511672112947
0.00048433511672113803
0.0004843351167211299
0.00048433511672112595
0.00048433511672113565
0.00048433511672112947
0.00048433511672113803
0.0004843351167211299
0.00048433511672112595
0.00048433511672113565
0.00048433511672112947
0.00048433511672113803
0.0004843351167211299
0.00048433511672112595
0.00048433511672113565
0.0004843351167211296
0.00048433511672113847
0.0004843351167211299
0.00048433511672112595
0.00048433511672113565
0.0004843351167211296
0.00048433511672113847
0.0004843351167211299
0.0004843351167211264
0.00048433511672113565
0.00048433511672112947
0.00048433511672113803
0.00048433511672112985
0.00048433511672113863
0.00048433511672113034
0.00048433511672112595
0.00048433511672113565
0.0004843351167211296
0.00048433511672113847
0.0004843351167211299
0.0004843351167211264
0.00048433511672113565
0.00048433511672112947
0.00048433511672113803
0.0004843351167211299
0.0004843351167211264
0.00048433511672113565
0.00048433511672112947
0.00048433511672113803
0.00048433511672112985
0.00048433511672113863
0.00048433511672113034
0.00048433511672112595
0.00048433511672113565
0.0004843351167211296
0.00048433511672113847
0.0004843351167211299
0.0004843351167211264
0.0004843351167211357
0.0004843351167211296
0.00048433511672113847
0.0004843351167211299
0.0004843351167211264
0.00048433511672113565
0.0004843351167211296
0.00048433511672113847
0.0004843351167211299
0.0004843351167211264
0.00048433511672113565
0.0004843351167211296
0.00048433511672113847
0.0004843351167211299
0.0004843351167211264
0.00048433511672113565
0.00048433511672112947
0.00048433511672113803
0.00048433511672112985
0.00048433511672113863
0.00048433511672113034
0.00048433511672112595
0.0004843351167211357
0.0004843351167211296
0.00048433511672113847
0.0004843351167211299
0.0004843351167211264
0.00048433511672113565
0.0004843351167211296
0.00048433511672113847
0.0004843351167211299
0.0004843351167211264
0.00048433511672113565
0.00048433511672112947
0.00048433511672113803
0.00048433511672112985
0.00048433511672113863
0.00048433511672113034
0.00048433511672112595
0.00048433511672113565
0.0004843351167211296
0.00048433511672113847
0.0004843351167211299
0.00048433511672112595
0.0004843351167211357
0.0004843351167211296
0.00048433511672113847
0.0004843351167211299
0.0004843351167211264
0.00048433511672113565
0.00048433511672112947
0.00048433511672113803
0.0004843351167211299
0.00048433511672112595
0.0004843351167211357
0.0004843351167211296
0.00048433511672113847
0.0004843351167211299
0.00048433511672112595
0.0004843351167211357
0.0004843351167211296
0.00048433511672113847
0.0004843351167211299
0.0004843351167211264
0.00048433511672113565
0.00048433511672112947
0.00048433511672113803
0.0004843351167211299
0.00048433511672112595
0.0004843351167211357
0.0004843351167211296
0.00048433511672113847
0.0004843351167211299
0.0004843351167211264
0.00048433511672113565
0.0004843351167211294
0.00048433511672113803
0.00048433511672112985
0.00048433511672113863
0.00048433511672113034
0.00048433511672112595
0.0004843351167211357
0.0004843351167211296
0.00048433511672113847
0.0004843351167211299
0.0004843351167211264
0.00048433511672113565
