[164, [44]]
[165, [44]]
[166, [44]]
[167, [44]]
[212, [44]]
[213, [44]]
[214, [44]]
[215, [44]]
[220, [44]]
[221, [44]]
[222, [44]]
[223, [44]]
[260, [44]]
[261, [44]]
[262, [44]]
[263, [44]]
[268, [44]]
[269, [44]]
[270, [44]]
[271, [44]]
[276, [44]]
[277, [44]]
[278, [44]]
[279, [44]]
[324, [14, 39]]
[325, [14, 39]]
[326, [14, 39]]
[327, [14, 39]]
[332, [14, 39, 49]]
[333, [14, 39, 49]]
[334, [14, 39, 49]]
[335, [14, 39, 49]]
[372, [39]]
[373, [39]]
[374, [39]]
[375, [39]]
[380, [39, 49]]
[381, [39, 49]]
[382, [39, 49]]
[383, [39, 49]]
[388, [39, 40, 49]]
[389, [39, 40, 49]]
[390, [39, 40, 49]]
[391, [39, 40, 49]]
[420, [39]]
[421, [39]]
[422, [39]]
[423, [39]]
[428, [39, 49]]
[429, [39, 49]]
[430, [39, 49]]
[431, [39, 49]]
[436, [39, 40, 49]]
[437, [39, 40, 49]]
[438, [39, 40, 49]]
[439, [39, 40, 49]]
[444, [39, 40, 49]]
[445, [39, 40, 49]]
[446, [39, 40, 49]]
[447, [39, 40, 49]]
[476, [49]]
[477, [49]]
[478, [49]]
[479, [49]]
[484, [40, 49]]
[485, [40, 49]]
[486, [40, 49]]
[487, [40, 49]]
[492, [40, 49]]
[493, [40, 49]]
[494, [40, 49]]
[495, [40, 49]]
[500, [40, 49]]
[501, [40, 49]]
[502, [40, 49]]
[503, [40, 49]]
[596, [48]]
[597, [48]]
[598, [48]]
[599, [48]]
[604, [33, 45, 46, 48]]
[605, [33, 45, 46, 48]]
[606, [33, 45, 46, 48]]
[607, [33, 45, 46, 48]]
[612, [33, 34, 45, 46, 48]]
[613, [33, 34, 45, 46, 48]]
[614, [33, 34, 45, 46, 48]]
[615, [33, 34, 45, 46, 48]]
[644, [48]]
[645, [48]]
[646, [48]]
[647, [48]]
[652, [33, 45, 46, 48]]
[653, [33, 45, 46, 48]]
[654, [33, 45, 46, 48]]
[655, [33, 45, 46, 48]]
[660, [33, 34, 45, 46, 48]]
[661, [33, 34, 45, 46, 48]]
[662, [33, 34, 45, 46, 48]]
[663, [33, 34, 45, 46, 48]]
[668, [33, 34, 45, 46, 48]]
[669, [33, 34, 45, 46, 48]]
[670, [33, 34, 45, 46, 48]]
[671, [33, 34, 45, 46, 48]]
[700, [45, 46]]
[701, [45, 46]]
[702, [45, 46]]
[703, [45, 46]]
[708, [34, 45, 46]]
[709, [34, 45, 46]]
[710, [34, 45, 46]]
[711, [34, 45, 46]]
[716, [34, 45, 46]]
[717, [34, 45, 46]]
[718, [34, 45, 46]]
[719, [34, 45, 46]]
[724, [34, 45, 46]]
[725, [34, 45, 46]]
[726, [34, 45, 46]]
[727, [34, 45, 46]]
[756, [34]]
[757, [34]]
[758, [34]]
[759, [34]]
[764, [34]]
[765, [34]]
[766, [34]]
[767, [34]]
[772, [34]]
[773, [34]]
[774, [34]]
[775, [34]]
[780, [34]]
[781, [34]]
[782, [34]]
[783, [34]]
[868, [41]]
[869, [41]]
[870, [41]]
[871, [41]]
[876, [41]]
[877, [41]]
[878, [41]]
[879, [41]]
[884, [41]]
[885, [41]]
[886, [41]]
[887, [41]]
[892, [15, 36, 41, 47]]
[893, [15, 36, 41, 47]]
[894, [15, 36, 41, 47]]
[895, [15, 36, 41, 47]]
[916, [41]]
[917, [41]]
[918, [41]]
[919, [41]]
[924, [41]]
[925, [41]]
[926, [41]]
[927, [41]]
[932, [41]]
[933, [41]]
[934, [41]]
[935, [41]]
[940, [15, 36, 41, 47]]
[941, [15, 36, 41, 47]]
[942, [15, 36, 41, 47]]
[943, [15, 36, 41, 47]]
[948, [3, 15, 36, 37, 38, 41, 43, 47]]
[949, [3, 15, 36, 37, 38, 41, 43, 47]]
[950, [3, 15, 36, 37, 38, 41, 43, 47]]
[951, [3, 15, 36, 37, 38, 41, 43, 47]]
[964, [41]]
[965, [41]]
[966, [41]]
[967, [41]]
[972, [41]]
[973, [41]]
[974, [41]]
[975, [41]]
[980, [41]]
[981, [41]]
[982, [41]]
[983, [41]]
[988, [15, 36, 41, 47]]
[989, [15, 36, 41, 47]]
[990, [15, 36, 41, 47]]
[991, [15, 36, 41, 47]]
[996, [3, 15, 36, 37, 38, 41, 43, 47]]
[997, [3, 15, 36, 37, 38, 41, 43, 47]]
[998, [3, 15, 36, 37, 38, 41, 43, 47]]
[999, [3, 15, 36, 37, 38, 41, 43, 47]]
[1004, [3, 15, 32, 36, 37, 38, 41, 43, 47]]
[1005, [3, 15, 32, 36, 37, 38, 41, 43, 47]]
[1006, [3, 15, 32, 36, 37, 38, 41, 43, 47]]
[1007, [3, 15, 32, 36, 37, 38, 41, 43, 47]]
[1012, [41]]
[1013, [41]]
[1014, [41]]
[1015, [41]]
[1020, [41]]
[1021, [41]]
[1022, [41]]
[1023, [41]]
[1028, [41]]
[1029, [41]]
[1030, [41]]
[1031, [41]]
[1036, [36, 41]]
[1037, [36, 41]]
[1038, [36, 41]]
[1039, [36, 41]]
[1044, [3, 36, 37, 38, 41, 43]]
[1045, [3, 36, 37, 38, 41, 43]]
[1046, [3, 36, 37, 38, 41, 43]]
[1047, [3, 36, 37, 38, 41, 43]]
[1052, [3, 32, 36, 37, 38, 41, 43]]
[1053, [3, 32, 36, 37, 38, 41, 43]]
[1054, [3, 32, 36, 37, 38, 41, 43]]
[1055, [3, 32, 36, 37, 38, 41, 43]]
[1060, [3, 32, 36, 37, 38, 41, 43]]
[1061, [3, 32, 36, 37, 38, 41, 43]]
[1062, [3, 32, 36, 37, 38, 41, 43]]
[1063, [3, 32, 36, 37, 38, 41, 43]]
[1100, [32]]
[1101, [32]]
[1102, [32]]
[1103, [32]]
[1108, [32]]
[1109, [32]]
[1110, [32]]
[1111, [32]]
[1116, [32]]
[1117, [32]]
[1118, [32]]
[1119, [32]]
