[186, 0]
[270, 0]
[282, 0]
[442, 0]
[641, 0]
[665, 0]
[725, 0]
[809, 0]
[945, 0]
[957, 0]
[354, 1.268047998660765e-11]
[366, 1.2684854696505817e-11]
[378, 1.2689232425949929e-11]
[438, 1.2693613178069373e-11]
[454, 1.2697996955994858e-11]
[466, 1.270238376286402e-11]
[478, 1.270677360181627e-11]
[526, 1.2711166475995731e-11]
[538, 1.2715562388552843e-11]
[550, 3.5664991205534846e-06]
[562, 3.5664991205534846e-06]
[574, 3.5664991205534846e-06]
[726, 3.5664991205534846e-06]
[821, 3.6408011855650153e-06]
[1385, 3.6408011855650153e-06]
[653, 3.7182650405770364e-06]
[749, 3.7182650405770364e-06]
[761, 3.7182650405770364e-06]
[814, 3.7182650405770364e-06]
[833, 3.7182650405770364e-06]
[845, 3.7182650405770364e-06]
[857, 3.7182650405770364e-06]
[669, 4.262401387978554e-06]
[633, 7.132998241106969e-06]
[810, 7.132998241106969e-06]
[905, 7.132998241106969e-06]
[737, 7.281602371130031e-06]
[909, 7.281602371130031e-06]
[917, 7.281602371130031e-06]
[929, 7.281602371130031e-06]
[941, 7.281602371130031e-06]
[953, 7.281602371130031e-06]
[921, 7.436530081154073e-06]
[933, 7.436530081154073e-06]
[1397, 7.436530081154073e-06]
[1409, 7.436530081154073e-06]
[1421, 7.436530081154073e-06]
[1433, 7.436530081154073e-06]
[1229, 7.767042529205367e-06]
[1313, 7.767042529205367e-06]
[1325, 7.767042529205367e-06]
[1337, 7.767042529205367e-06]
[753, 8.321831281291465e-06]
[765, 8.321831281291465e-06]
[717, 1.0699497361660454e-05]
[1205, 1.0699497361660454e-05]
[70, 1.0922403556695046e-05]
[642, 1.0922403556695046e-05]
[654, 1.115479512173111e-05]
[94, 1.13972906678557e-05]
[1217, 1.13972906678557e-05]
[1301, 1.13972906678557e-05]
[1241, 1.1650563793808052e-05]
[849, 1.1915349334576412e-05]
[861, 1.1915349334576412e-05]
[741, 1.2192450481892143e-05]
[657, 1.2482746921937196e-05]
[154, 1.4265996482213939e-05]
[238, 1.4265996482213939e-05]
[534, 1.4265996482213939e-05]
[546, 1.4265996482213939e-05]
[558, 1.4265996482213939e-05]
[570, 1.4265996482213939e-05]
[1289, 1.4265996482213939e-05]
[1481, 1.4265996482213939e-05]
[1493, 1.4265996482213939e-05]
[1505, 1.4265996482213939e-05]
[1517, 1.4265996482213939e-05]
[1529, 1.4265996482213939e-05]
[166, 1.4563204742260061e-05]
[250, 1.4563204742260061e-05]
[738, 1.4563204742260061e-05]
[822, 1.4563204742260061e-05]
[1386, 1.4563204742260061e-05]
[82, 1.4873060162308146e-05]
[178, 1.4873060162308146e-05]
[762, 1.4873060162308146e-05]
[190, 1.5196387557140934e-05]
[666, 1.5196387557140934e-05]
[826, 1.5534085058410735e-05]
[645, 1.5887132446101882e-05]
[837, 1.5887132446101882e-05]
[522, 1.7832495602767424e-05]
[906, 1.7832495602767424e-05]
[346, 1.8204005927825075e-05]
[262, 1.859132520288518e-05]
[750, 1.859132520288518e-05]
[1398, 1.859132520288518e-05]
[274, 1.8995484446426168e-05]
[729, 1.9417606323013417e-05]
[646, 1.985891555762735e-05]
[334, 2.139899472332091e-05]
[846, 2.230959024346222e-05]
[858, 2.230959024346222e-05]
[825, 2.33011275876161e-05]
[1230, 2.33011275876161e-05]
[1314, 2.33011275876161e-05]
[1206, 2.4965493843874393e-05]
[1482, 2.4965493843874393e-05]
[1494, 2.4965493843874393e-05]
[1605, 2.4965493843874393e-05]
[1617, 2.4965493843874393e-05]
[1629, 2.4965493843874393e-05]
[658, 2.4965493843874396e-05]
[918, 2.5485608298955102e-05]
[1410, 2.6027855284039257e-05]
[1218, 2.6593678224996632e-05]
[1326, 2.7184648852218783e-05]
[718, 2.8531992964427877e-05]
[1290, 2.8531992964427877e-05]
[1689, 2.8531992964427877e-05]
[1701, 2.8531992964427877e-05]
[1713, 2.8531992964427877e-05]
[1725, 2.8531992964427877e-05]
[2597, 2.8531992964427877e-05]
[179, 2.9746120324616295e-05]
[813, 2.9746120324616295e-05]
[834, 2.9746120324616295e-05]
[1302, 3.0392775114281865e-05]
[634, 3.209849208498136e-05]
[1593, 3.209849208498136e-05]
[1677, 3.209849208498136e-05]
[2513, 3.209849208498136e-05]
[2741, 3.209849208498136e-05]
[2753, 3.209849208498136e-05]
[2765, 3.209849208498136e-05]
[2777, 3.209849208498136e-05]
[2825, 3.209849208498136e-05]
[2837, 3.209849208498136e-05]
[2849, 3.209849208498136e-05]
[2861, 3.209849208498136e-05]
[2873, 3.209849208498136e-05]
[910, 3.276721067008513e-05]
[1422, 3.346438536519333e-05]
[1434, 3.346438536519333e-05]
[670, 3.4099211103828435e-05]
[2459, 3.41918720035671e-05]
[2543, 3.41918720035671e-05]
[730, 3.4951691381424155e-05]
[2555, 3.4951691381424155e-05]
[1282, 3.566499120553485e-05]
[2166, 3.566499120553485e-05]
[838, 3.706997570757106e-05]
[2375, 3.799096889285233e-05]
[1242, 3.883521264602684e-05]
[1450, 3.9231490326088336e-05]
[1594, 3.9231490326088336e-05]
[2165, 3.9231490326088336e-05]
[2177, 3.9231490326088336e-05]
[2189, 3.9231490326088336e-05]
[2201, 3.9231490326088336e-05]
[2429, 3.9231490326088336e-05]
[1294, 4.004881304121516e-05]
[286, 4.179006578213756e-05]
[1366, 4.2797989446641824e-05]
[1378, 4.2797989446641824e-05]
[1462, 4.2797989446641824e-05]
[2261, 4.2797989446641824e-05]
[2273, 4.2797989446641824e-05]
[2285, 4.2797989446641824e-05]
[2297, 4.2797989446641824e-05]
[2746, 4.2797989446641824e-05]
[2843, 4.2797989446641824e-05]
[2855, 4.2797989446641824e-05]
[2867, 4.2797989446641824e-05]
[2879, 4.2797989446641824e-05]
[850, 4.5013541930622005e-05]
[766, 4.577007204710305e-05]
[2249, 4.636448856719531e-05]
[167, 4.7330415412345184e-05]
[922, 4.833744552750148e-05]
[742, 4.935039480765867e-05]
[450, 4.99309876877488e-05]
[462, 4.99309876877488e-05]
[474, 4.99309876877488e-05]
[1858, 4.99309876877488e-05]
[2509, 4.99309876877488e-05]
[2593, 4.99309876877488e-05]
[2609, 4.99309876877488e-05]
[2745, 4.99309876877488e-05]
[2757, 4.99309876877488e-05]
[2769, 4.99309876877488e-05]
[2781, 4.99309876877488e-05]
[2831, 4.99309876877488e-05]
[2841, 4.99309876877488e-05]
[2853, 4.99309876877488e-05]
[2865, 4.99309876877488e-05]
[2877, 4.99309876877488e-05]
[862, 5.295710815367294e-05]
[2567, 5.341454496828938e-05]
[1854, 5.349748680830229e-05]
[2345, 5.349748680830229e-05]
[2350, 5.349748680830229e-05]
[2357, 5.349748680830229e-05]
[2441, 5.349748680830229e-05]
[2525, 5.349748680830229e-05]
[2601, 5.349748680830229e-05]
[2742, 5.349748680830229e-05]
[2829, 5.349748680830229e-05]
[1338, 5.436929770443755e-05]
[754, 5.513213223855596e-05]
[1774, 5.7063985928855774e-05]
[1866, 5.7063985928855774e-05]
[1870, 5.7063985928855774e-05]
[1942, 5.7063985928855774e-05]
[1950, 5.7063985928855774e-05]
[1954, 5.7063985928855774e-05]
[2022, 5.7063985928855774e-05]
[2026, 5.7063985928855774e-05]
[2341, 5.7063985928855774e-05]
[2425, 5.7063985928855774e-05]
[2621, 5.7063985928855774e-05]
[2170, 5.8252818969040225e-05]
[1222, 5.825281896904023e-05]
[1306, 5.825281896904023e-05]
[2669, 5.9492240649232596e-05]
[2681, 5.9492240649232596e-05]
[1198, 6.063048504940926e-05]
[1474, 6.063048504940926e-05]
[1770, 6.063048504940926e-05]
[1938, 6.063048504940926e-05]
[2034, 6.063048504940926e-05]
[2038, 6.063048504940926e-05]
[2426, 6.063048504940926e-05]
[2434, 6.063048504940926e-05]
[2594, 6.063048504940926e-05]
[2598, 6.063048504940926e-05]
[2602, 6.063048504940926e-05]
[2633, 6.063048504940926e-05]
[1246, 6.172024866957834e-05]
[71, 6.189362015460524e-05]
[2645, 6.189362015460524e-05]
[83, 6.321050568980963e-05]
[2657, 6.321050568980963e-05]
[269, 6.419698416996275e-05]
[281, 6.419698416996275e-05]
[2349, 6.419698416996275e-05]
[2362, 6.419698416996275e-05]
[2430, 6.419698416996275e-05]
[2446, 6.419698416996275e-05]
[2517, 6.419698416996275e-05]
[2518, 6.419698416996275e-05]
[1330, 6.539817514195788e-05]
[2579, 6.553442134017026e-05]
[185, 6.776348329051623e-05]
[353, 6.776348329051623e-05]
[365, 6.776348329051623e-05]
[377, 6.776348329051623e-05]
[1786, 6.776348329051623e-05]
[2050, 6.776348329051623e-05]
[2346, 6.776348329051623e-05]
[2433, 6.776348329051623e-05]
[2438, 6.776348329051623e-05]
[2442, 6.776348329051623e-05]
[2510, 6.776348329051623e-05]
[2514, 6.776348329051623e-05]
[2522, 6.776348329051623e-05]
[2526, 6.776348329051623e-05]
[2530, 6.776348329051623e-05]
[2606, 6.776348329051623e-05]
[2610, 6.776348329051623e-05]
[2614, 6.776348329051623e-05]
[2618, 6.776348329051623e-05]
[2622, 6.776348329051623e-05]
[2626, 6.776348329051623e-05]
[2471, 6.884424059977481e-05]
[1210, 6.917522252573528e-05]
[2591, 6.990338276284827e-05]
[1486, 7.06470357709637e-05]
[1782, 7.132998241106971e-05]
[1878, 7.132998241106971e-05]
[1962, 7.132998241106971e-05]
[2046, 7.132998241106971e-05]
[2353, 7.132998241106971e-05]
[2358, 7.132998241106971e-05]
[2437, 7.132998241106971e-05]
[2521, 7.132998241106971e-05]
[2534, 7.132998241106971e-05]
[2605, 7.132998241106971e-05]
[1342, 7.142905183108505e-05]
[251, 7.28160237113003e-05]
[2058, 7.28160237113003e-05]
[2062, 7.28160237113003e-05]
[1390, 7.31258791313484e-05]
[1917, 7.342282390889447e-05]
[1498, 7.373529577144297e-05]
[1895, 7.489648153162316e-05]
[271, 7.489648153162319e-05]
[449, 7.489648153162319e-05]
[461, 7.489648153162319e-05]
[473, 7.489648153162319e-05]
[521, 7.489648153162319e-05]
[533, 7.489648153162319e-05]
[545, 7.489648153162319e-05]
[557, 7.489648153162319e-05]
[569, 7.489648153162319e-05]
[1794, 7.489648153162319e-05]
[2342, 7.489648153162319e-05]
[2354, 7.489648153162319e-05]
[2366, 7.489648153162319e-05]
[2474, 7.489648153162319e-05]
[2486, 7.489648153162319e-05]
[2603, 7.489648153162319e-05]
[2634, 7.489648153162319e-05]
[2642, 7.489648153162319e-05]
[1883, 7.598193778570466e-05]
[2651, 7.645682489686532e-05]
[2074, 7.779944593207368e-05]
[2661, 7.808356585211776e-05]
[2673, 7.808356585211776e-05]
[2685, 7.808356585211776e-05]
[437, 7.846298065217667e-05]
[2378, 7.846298065217667e-05]
[2450, 7.846298065217667e-05]
[2462, 7.846298065217667e-05]
[2529, 7.846298065217667e-05]
[2546, 7.846298065217667e-05]
[2607, 7.846298065217667e-05]
[2613, 7.846298065217667e-05]
[2630, 7.846298065217667e-05]
[2747, 7.846298065217667e-05]
[2759, 7.846298065217667e-05]
[2771, 7.846298065217667e-05]
[2783, 7.846298065217667e-05]
[1811, 7.90573971722689e-05]
[1799, 7.978103467498989e-05]
[1880, 7.978103467498989e-05]
[2070, 8.075958993435122e-05]
[2387, 8.075958993435124e-05]
[2383, 8.155394655665635e-05]
[95, 8.168058311963253e-05]
[1247, 8.183134093269936e-05]
[2361, 8.202947977273015e-05]
[2363, 8.202947977273015e-05]
[2389, 8.202947977273015e-05]
[2473, 8.202947977273015e-05]
[2531, 8.202947977273015e-05]
[2545, 8.202947977273015e-05]
[2557, 8.202947977273015e-05]
[2615, 8.202947977273015e-05]
[2627, 8.202947977273015e-05]
[2641, 8.202947977273015e-05]
[1234, 8.335362714269173e-05]
[1318, 8.335362714269173e-05]
[1914, 8.335362714269173e-05]
[2649, 8.373842726799536e-05]
[1426, 8.507977507320351e-05]
[1438, 8.507977507320351e-05]
[2539, 8.547968000891776e-05]
[2365, 8.559597889328363e-05]
[2377, 8.559597889328363e-05]
[2445, 8.559597889328363e-05]
[2449, 8.559597889328363e-05]
[2461, 8.559597889328363e-05]
[2533, 8.559597889328363e-05]
[2625, 8.559597889328363e-05]
[2639, 8.559597889328363e-05]
[2456, 8.737922845356035e-05]
[2015, 8.752758028455111e-05]
[1818, 8.84194573637218e-05]
[1902, 8.84194573637218e-05]
[1979, 8.84194573637218e-05]
[1518, 8.916247801383712e-05]
[1530, 8.916247801383712e-05]
[2447, 8.916247801383712e-05]
[2485, 8.916247801383712e-05]
[2617, 8.916247801383712e-05]
[2629, 8.916247801383712e-05]
[2637, 8.916247801383712e-05]
[2638, 8.916247801383712e-05]
[2643, 8.916247801383712e-05]
[2551, 8.932098908586172e-05]
[2575, 8.945968627388325e-05]
[2495, 9.044516629403616e-05]
[1439, 9.044516629403618e-05]
[1816, 9.049991518404468e-05]
[2483, 9.235203007286867e-05]
[1414, 9.247125808372123e-05]
[2025, 9.27289771343906e-05]
[2519, 9.27289771343906e-05]
[2569, 9.27289771343906e-05]
[2581, 9.27289771343906e-05]
[2653, 9.27289771343906e-05]
[2665, 9.27289771343906e-05]
[2677, 9.27289771343906e-05]
[2537, 9.307787378748822e-05]
[2491, 9.362060191452898e-05]
[1402, 9.405604657459652e-05]
[2093, 9.463663945468662e-05]
[2105, 9.463663945468662e-05]
[1900, 9.466083082469041e-05]
[942, 9.466083082469042e-05]
[954, 9.466083082469042e-05]
[2646, 9.466083082469042e-05]
[1506, 9.629547625494408e-05]
[1941, 9.629547625494408e-05]
[2351, 9.629547625494408e-05]
[2390, 9.629547625494408e-05]
[2435, 9.629547625494408e-05]
[1999, 9.661443146084723e-05]
[2399, 9.661443146084723e-05]
[1967, 9.687697067677346e-05]
[2395, 9.812019673522723e-05]
[2479, 9.812019673522723e-05]
[643, 9.830163201025544e-05]
[2059, 9.830163201025544e-05]
[2081, 9.870078961531735e-05]
[2563, 9.870078961531735e-05]
[1319, 9.898243223194642e-05]
[1773, 9.986197537549756e-05]
[1857, 9.986197537549756e-05]
[1869, 9.986197537549756e-05]
[1953, 9.986197537549756e-05]
[2037, 9.986197537549756e-05]
[2580, 9.986197537549756e-05]
[2595, 9.986197537549756e-05]
[2619, 9.986197537549756e-05]
[2631, 9.986197537549756e-05]
[2652, 9.986197537549756e-05]
[2827, 9.986197537549756e-05]
[2839, 9.986197537549756e-05]
[2851, 9.986197537549756e-05]
[2863, 9.986197537549756e-05]
[2875, 9.986197537549756e-05]
[81, 0.00010039315609557994]
[2453, 0.00010067606756605869]
[2467, 0.00010097155287966977]
[1991, 0.00010152634163175589]
[2573, 0.00010194243319582044]
[2585, 0.00010194243319582044]
[165, 0.00010194243319582046]
[1211, 0.00010194243319582046]
[1295, 0.00010194243319582046]
[93, 0.00010257561601070128]
[153, 0.00010342847449605104]
[237, 0.00010342847449605104]
[1785, 0.00010342847449605104]
[2559, 0.00010342847449605104]
[2628, 0.00010342847449605104]
[1819, 0.00010402289101614331]
[177, 0.00010411142113615697]
[2663, 0.00010411142113615697]
[2675, 0.00010411142113615697]
[2687, 0.00010411142113615697]
[1331, 0.00010427375703189947]
[664, 0.00010447516445534392]
[2369, 0.00010447516445534392]
[1821, 0.00010468622539363753]
[2589, 0.0001048550741442724]
[1221, 0.00010485507414427245]
[1998, 0.00010513923423680433]
[2010, 0.00010513923423680433]
[69, 0.00010558323438138548]
[249, 0.00010558323438138548]
[930, 0.00010558323438138548]
[2489, 0.00010610334883646617]
[1343, 0.00010679683477657374]
[187, 0.00010699497361660452]
[333, 0.00010699497361660452]
[2475, 0.00010699497361660452]
[2511, 0.00010699497361660452]
[2523, 0.00010699497361660452]
[2535, 0.00010699497361660452]
[2493, 0.00010807430887677201]
[1808, 0.00010818380665678904]
[1903, 0.00010818380665678904]
[2371, 0.00010827426134462915]
[2455, 0.00010827426134462915]
[2538, 0.00010827426134462915]
[2061, 0.0001092240355669505]
[1235, 0.00010987523577900273]
[2069, 0.00010988599941887135]
[1300, 0.00011017380978927175]
[2262, 0.000110561472737158]
[2274, 0.000110561472737158]
[2286, 0.000110561472737158]
[2298, 0.000110561472737158]
[2439, 0.000110561472737158]
[2547, 0.000110561472737158]
[2556, 0.000110561472737158]
[2743, 0.000110561472737158]
[1904, 0.00011068035604117646]
[2561, 0.00011089324009720949]
[261, 0.00011154795121731104]
[655, 0.00011154795121731104]
[1882, 0.0001120733582339144]
[1966, 0.0001120733582339144]
[2542, 0.0001120733582339144]
[1809, 0.00011234472229743473]
[1893, 0.00011234472229743473]
[2001, 0.00011274739155298112]
[345, 0.00011286483675251552]
[2644, 0.00011286483675251552]
[2577, 0.00011359299698962842]
[1905, 0.00011359299698962854]
[2564, 0.00011379620449765994]
[1881, 0.00011397290667855698]
[1965, 0.00011397290667855698]
[1804, 0.00011397290667855702]
[80, 0.00011402679457769578]
[2049, 0.00011412797185771148]
[2250, 0.00011412797185771148]
[2379, 0.00011412797185771148]
[2451, 0.00011412797185771148]
[2463, 0.00011412797185771148]
[2484, 0.00011412797185771148]
[2487, 0.00011412797185771148]
[2755, 0.00011412797185771148]
[2767, 0.00011412797185771148]
[2779, 0.00011412797185771148]
[1915, 0.00011413763716698128]
[1996, 0.00011413763716698128]
[2393, 0.0001149573902578402]
[2477, 0.0001149573902578402]
[1415, 0.00011528355082684186]
[1509, 0.00011546540902791907]
[1521, 0.00011546540902791907]
[1533, 0.00011546540902791907]
[1986, 0.00011546540902791907]
[1798, 0.00011587245512319962]
[1890, 0.00011587245512319962]
[2458, 0.00011587245512319962]
[2057, 0.00011650563793808052]
[2648, 0.00011650563793808055]
[2248, 0.00011769447097826496]
[2391, 0.00011769447097826496]
[2571, 0.00011769447097826496]
[2582, 0.00011769447097826496]
[2599, 0.00011769447097826496]
[189, 0.00011777200356784221]
[273, 0.00011777200356784221]
[285, 0.00011777200356784221]
[1797, 0.00011777200356784221]
[1888, 0.00011777200356784225]
[2000, 0.00011808805746864863]
[2011, 0.00011840003855495983]
[369, 0.0001189844812984651]
[381, 0.0001189844812984651]
[2672, 0.0001189844812984651]
[2684, 0.0001189844812984651]
[1496, 0.00011902154041847089]
[1427, 0.00011957157577855627]
[1806, 0.00011967155201248486]
[1974, 0.00011967155201248486]
[2370, 0.00011967155201248486]
[2454, 0.00011967155201248486]
[2397, 0.00011982083901761935]
[2060, 0.00012014643912364557]
[2003, 0.00012016498310251931]
[1305, 0.00012038915920268317]
[2071, 0.00012047742104960601]
[1892, 0.00012066655357872623]
[525, 0.00012126097009881844]
[537, 0.00012126097009881844]
[549, 0.00012126097009881844]
[561, 0.00012126097009881844]
[573, 0.00012126097009881844]
[2021, 0.00012126097009881844]
[2033, 0.00012126097009881844]
[2178, 0.00012126097009881844]
[2190, 0.00012126097009881844]
[2202, 0.00012126097009881844]
[2343, 0.00012126097009881844]
[2367, 0.00012126097009881844]
[2427, 0.00012126097009881844]
[2632, 0.00012126097009881844]
[2640, 0.00012126097009881844]
[2664, 0.00012126097009881844]
[2676, 0.00012126097009881844]
[263, 0.00012146332465884977]
[1987, 0.00012170678248888768]
[2013, 0.00012194520507440852]
[2072, 0.0001225050976990115]
[357, 0.00012270274633904214]
[1388, 0.00012270274633904214]
[1391, 0.00012270274633904214]
[2572, 0.00012274701139904909]
[1497, 0.00012366628345919172]
[2168, 0.00012378724030921059]
[1403, 0.0001242468763392818]
[268, 0.00012482746921937192]
[441, 0.00012482746921937192]
[453, 0.00012482746921937192]
[465, 0.00012482746921937192]
[477, 0.00012482746921937192]
[1283, 0.00012482746921937192]
[1504, 0.00012482746921937192]
[2176, 0.00012482746921937192]
[2188, 0.00012482746921937192]
[2200, 0.00012482746921937192]
[2568, 0.00012482746921937192]
[2655, 0.00012482746921937192]
[2587, 0.00012482746921937198]
[652, 0.00012518158969942686]
[1907, 0.0001252435607834365]
[1216, 0.00012537019734641268]
[1972, 0.00012537019734641273]
[1989, 0.0001264918354756303]
[1820, 0.00012663656297617443]
[2488, 0.00012690792703969482]
[164, 0.0001274280414947756]
[820, 0.0001274280414947756]
[1384, 0.0001274280414947756]
[2267, 0.0001274280414947756]
[2279, 0.0001274280414947756]
[2291, 0.0001274280414947756]
[2303, 0.0001274280414947756]
[2549, 0.00012815620173188856]
[1199, 0.00012839396833992542]
[1676, 0.00012839396833992542]
[2431, 0.00012839396833992542]
[2667, 0.00012839396833992542]
[2679, 0.00012839396833992542]
[1976, 0.0001289883848600177]
[92, 0.00012916929423569798]
[1807, 0.00012916929423569798]
[1912, 0.00012929284210201617]
[2481, 0.0001307136425646757]
[2374, 0.00013106884268034055]
[191, 0.00013106884268034057]
[2541, 0.00013106884268034057]
[736, 0.0001310688426803406]
[2183, 0.0001310688426803406]
[2195, 0.0001310688426803406]
[2207, 0.0001310688426803406]
[1437, 0.00013183532714045946]
[1288, 0.0001319604674604789]
[1379, 0.0001319604674604789]
[2347, 0.0001319604674604789]
[2355, 0.0001319604674604789]
[2460, 0.0001319604674604789]
[2472, 0.0001319604674604789]
[2611, 0.0001319604674604789]
[2623, 0.0001319604674604789]
[1891, 0.00013296839112498322]
[1975, 0.00013296839112498322]
[748, 0.00013385754146077327]
[1396, 0.00013385754146077327]
[1977, 0.00013418952941082483]
[2373, 0.00013486793956962582]
[2457, 0.00013486793956962582]
[2565, 0.00013527814106099377]
[1823, 0.0001353604150923109]
[1280, 0.0001355269665810324]
[1367, 0.0001355269665810324]
[1516, 0.0001355269665810324]
[1528, 0.0001355269665810324]
[1604, 0.0001355269665810324]
[1616, 0.0001355269665810324]
[1628, 0.0001355269665810324]
[1780, 0.0001355269665810324]
[1784, 0.0001355269665810324]
[1852, 0.0001355269665810324]
[1937, 0.0001355269665810324]
[1949, 0.0001355269665810324]
[1963, 0.0001355269665810324]
[2023, 0.0001355269665810324]
[2359, 0.0001355269665810324]
[2544, 0.0001355269665810324]
[2381, 0.00013592324426109392]
[2465, 0.00013592324426109392]
[1916, 0.00013713684465628228]
[2476, 0.0001387616983415344]
[2560, 0.0001387616983415344]
[2085, 0.00013876484518641292]
[2097, 0.00013876484518641292]
[2109, 0.00013876484518641292]
[1451, 0.0001390934657015859]
[1463, 0.0001390934657015859]
[1483, 0.0001390934657015859]
[1769, 0.0001390934657015859]
[1853, 0.0001390934657015859]
[1865, 0.0001390934657015859]
[1867, 0.0001390934657015859]
[1939, 0.0001390934657015859]
[2035, 0.0001390934657015859]
[2045, 0.0001390934657015859]
[2047, 0.0001390934657015859]
[2515, 0.0001390934657015859]
[2636, 0.0001390934657015859]
[2830, 0.0001390934657015859]
[2095, 0.00013934229122162446]
[2107, 0.00013934229122162446]
[1307, 0.0001398067655256965]
[370, 0.00014005464986173503]
[382, 0.00014005464986173503]
[1389, 0.00014005464986173503]
[1810, 0.00014043090287179345]
[1894, 0.00014043090287179345]
[1978, 0.00014043090287179345]
[1400, 0.0001405034769818047]
[188, 0.00014056658490355366]
[1425, 0.00014103314066188686]
[2492, 0.00014103314066188694]
[1997, 0.000141606446111732]
[2009, 0.000141606446111732]
[2265, 0.0001419912462370356]
[2277, 0.0001419912462370356]
[2289, 0.0001419912462370356]
[2301, 0.0001419912462370356]
[928, 0.00014199124623703562]
[184, 0.0001426599648221394]
[632, 0.0001426599648221394]
[727, 0.0001426599648221394]
[808, 0.0001426599648221394]
[1480, 0.0001426599648221394]
[1495, 0.0001426599648221394]
[1781, 0.0001426599648221394]
[1856, 0.0001426599648221394]
[1879, 0.0001426599648221394]
[1951, 0.0001426599648221394]
[1961, 0.0001426599648221394]
[2027, 0.0001426599648221394]
[2036, 0.0001426599648221394]
[2263, 0.0001426599648221394]
[2275, 0.0001426599648221394]
[2287, 0.0001426599648221394]
[2299, 0.0001426599648221394]
[2348, 0.0001426599648221394]
[2443, 0.0001426599648221394]
[2527, 0.0001426599648221394]
[2570, 0.0001426599648221394]
[2758, 0.0001426599648221394]
[2770, 0.0001426599648221394]
[2782, 0.0001426599648221394]
[2073, 0.00014282584850216503]
[2392, 0.0001428258485021651]
[358, 0.00014377291490231208]
[2083, 0.00014398703426234528]
[1964, 0.0001443656817928389]
[2008, 0.00014444804703705102]
[812, 0.0001450123365825044]
[2169, 0.00014563204742260063]
[2181, 0.00014563204742260063]
[2193, 0.00014563204742260063]
[2205, 0.00014563204742260063]
[2253, 0.00014563204742260063]
[1460, 0.0001462264639426929]
[1475, 0.0001462264639426929]
[1688, 0.0001462264639426929]
[1690, 0.0001462264639426929]
[1700, 0.0001462264639426929]
[1702, 0.0001462264639426929]
[1712, 0.0001462264639426929]
[1714, 0.0001462264639426929]
[1724, 0.0001462264639426929]
[1726, 0.0001462264639426929]
[1771, 0.0001462264639426929]
[1877, 0.0001462264639426929]
[2039, 0.0001462264639426929]
[2051, 0.0001462264639426929]
[2167, 0.0001462264639426929]
[2251, 0.0001462264639426929]
[2260, 0.0001462264639426929]
[2272, 0.0001462264639426929]
[2284, 0.0001462264639426929]
[2296, 0.0001462264639426929]
[2532, 0.0001462264639426929]
[2583, 0.0001462264639426929]
[2604, 0.0001462264639426929]
[2666, 0.0001462264639426929]
[2678, 0.0001462264639426929]
[2744, 0.0001462264639426929]
[2842, 0.0001462264639426929]
[2854, 0.0001462264639426929]
[2866, 0.0001462264639426929]
[2878, 0.0001462264639426929]
[1988, 0.00014646423055072983]
[2385, 0.0001469559751264424]
[1485, 0.0001474911799428891]
[2550, 0.00014757380805490195]
[2584, 0.00014771250524292347]
[1420, 0.00014873060162308145]
[911, 0.00014927284860816563]
[919, 0.00014927284860816563]
[2264, 0.00014927284860816563]
[2276, 0.00014927284860816563]
[2288, 0.00014927284860816563]
[2300, 0.00014927284860816563]
[155, 0.00014979296306324638]
[1448, 0.00014979296306324638]
[1472, 0.00014979296306324638]
[1768, 0.00014979296306324638]
[1772, 0.00014979296306324638]
[1795, 0.00014979296306324638]
[1871, 0.00014979296306324638]
[1955, 0.00014979296306324638]
[1960, 0.00014979296306324638]
[2032, 0.00014979296306324638]
[2352, 0.00014979296306324638]
[2360, 0.00014979296306324638]
[2388, 0.00014979296306324638]
[2635, 0.00014979296306324638]
[667, 0.0001500643271267668]
[2469, 0.00015092775823796786]
[2082, 0.00015095414882342645]
[2094, 0.00015095414882342645]
[2106, 0.00015095414882342645]
[1484, 0.00015120944498346622]
[1341, 0.00015187342088356922]
[284, 0.0001519638755714094]
[356, 0.0001524488666636585]
[932, 0.0001524488666636585]
[1984, 0.00015291364979373064]
[2576, 0.00015291364979373064]
[2494, 0.00015329689202379007]
[152, 0.00015335946218379988]
[436, 0.00015335946218379988]
[439, 0.00015335946218379988]
[1197, 0.00015335946218379988]
[1281, 0.00015335946218379988]
[1519, 0.00015335946218379988]
[1531, 0.00015335946218379988]
[1783, 0.00015335946218379988]
[1793, 0.00015335946218379988]
[1855, 0.00015335946218379988]
[1943, 0.00015335946218379988]
[2020, 0.00015335946218379988]
[2344, 0.00015335946218379988]
[2356, 0.00015335946218379988]
[2364, 0.00015335946218379988]
[2428, 0.00015335946218379988]
[2432, 0.00015335946218379988]
[2436, 0.00015335946218379988]
[2512, 0.00015335946218379988]
[2740, 0.00015335946218379988]
[2826, 0.00015335946218379988]
[1985, 0.0001539538787038921]
[1228, 0.00015534085058410729]
[2466, 0.0001553408505841073]
[1413, 0.00015561242549771588]
[260, 0.00015616713170423554]
[368, 0.00015616713170423554]
[380, 0.00015616713170423554]
[920, 0.00015616713170423554]
[947, 0.00015616713170423554]
[959, 0.00015616713170423554]
[2396, 0.0001562880508925471]
[344, 0.00015655445097929565]
[1209, 0.00015655445097929567]
[239, 0.00015692596130435337]
[440, 0.00015692596130435337]
[1365, 0.00015692596130435337]
[1376, 0.00015692596130435337]
[1507, 0.00015692596130435337]
[1595, 0.00015692596130435337]
[1606, 0.00015692596130435337]
[1618, 0.00015692596130435337]
[1630, 0.00015692596130435337]
[1859, 0.00015692596130435337]
[1948, 0.00015692596130435337]
[1952, 0.00015692596130435337]
[2024, 0.00015692596130435337]
[2164, 0.00015692596130435337]
[2179, 0.00015692596130435337]
[2191, 0.00015692596130435337]
[2203, 0.00015692596130435337]
[2424, 0.00015692596130435337]
[2440, 0.00015692596130435337]
[2508, 0.00015692596130435337]
[2558, 0.00015692596130435337]
[2608, 0.00015692596130435337]
[2612, 0.00015692596130435337]
[2616, 0.00015692596130435337]
[2754, 0.00015692596130435337]
[2766, 0.00015692596130435337]
[2778, 0.00015692596130435337]
[1919, 0.00015716125117688987]
[2588, 0.0001572826112164086]
[1328, 0.00015768226673116504]
[767, 0.00015811479434453776]
[934, 0.0001586459750646202]
[1913, 0.0001586560516636462]
[839, 0.0001588713244610188]
[851, 0.0001588713244610188]
[863, 0.0001588713244610188]
[1499, 0.00015908244914468795]
[275, 0.00015956206934997994]
[371, 0.00015988539674481259]
[383, 0.00015988539674481259]
[935, 0.00015988539674481259]
[908, 0.00016019525216486065]
[931, 0.00016019525216486065]
[1208, 0.00016019525216486065]
[236, 0.00016049246042490687]
[335, 0.00016049246042490687]
[364, 0.00016049246042490687]
[367, 0.00016049246042490687]
[376, 0.00016049246042490687]
[379, 0.00016049246042490687]
[811, 0.00016049246042490687]
[1207, 0.00016049246042490687]
[1377, 0.00016049246042490687]
[1449, 0.00016049246042490687]
[1461, 0.00016049246042490687]
[1678, 0.00016049246042490687]
[1679, 0.00016049246042490687]
[1691, 0.00016049246042490687]
[1703, 0.00016049246042490687]
[1715, 0.00016049246042490687]
[1727, 0.00016049246042490687]
[1787, 0.00016049246042490687]
[2620, 0.00016049246042490687]
[2654, 0.00016049246042490687]
[2752, 0.00016049246042490687]
[2764, 0.00016049246042490687]
[2776, 0.00016049246042490687]
[2838, 0.00016049246042490687]
[2850, 0.00016049246042490687]
[2862, 0.00016049246042490687]
[2874, 0.00016049246042490687]
[671, 0.00016197125274318517]
[2084, 0.00016197125274318517]
[1244, 0.00016227570998518347]
[755, 0.0001622757099851835]
[1487, 0.00016236424010519727]
[2660, 0.0001623642401051973]
[2068, 0.00016284310757254427]
[1220, 0.00016310789311331264]
[1240, 0.00016310789311331264]
[1312, 0.00016310789311331264]
[1324, 0.00016310789311331264]
[2553, 0.00016310789311331267]
[1906, 0.0001631078931133127]
[859, 0.00016360366178538963]
[1435, 0.00016360366178538963]
[943, 0.00016383605335042566]
[955, 0.00016383605335042566]
[1293, 0.00016383605335042572]
[2650, 0.00016383605335042572]
[332, 0.00016405895954546036]
[443, 0.00016405895954546036]
[455, 0.00016405895954546036]
[467, 0.00016405895954546036]
[479, 0.00016405895954546036]
[539, 0.00016405895954546036]
[551, 0.00016405895954546036]
[563, 0.00016405895954546036]
[575, 0.00016405895954546036]
[716, 0.00016405895954546036]
[1196, 0.00016405895954546036]
[1291, 0.00016405895954546036]
[1473, 0.00016405895954546036]
[1592, 0.00016405895954546036]
[2340, 0.00016405895954546036]
[2376, 0.00016405895954546036]
[2624, 0.00016405895954546036]
[656, 0.00016435616780550638]
[1511, 0.00016435616780550638]
[1523, 0.00016435616780550638]
[1535, 0.00016435616780550638]
[1317, 0.00016481285366850412]
[2480, 0.00016481285366850423]
[1973, 0.00016526071468390768]
[751, 0.0001660825051457743]
[2398, 0.00016670725428538348]
[824, 0.00016699141437791532]
[2382, 0.00016699141437791535]
[2554, 0.00016699141437791535]
[760, 0.00016732192682596667]
[2658, 0.00016732192682596667]
[2670, 0.00016732192682596667]
[2674, 0.00016732192682596667]
[2682, 0.00016732192682596667]
[2686, 0.00016732192682596667]
[940, 0.00016747685453599067]
[952, 0.00016747685453599067]
[355, 0.00016762545866601386]
[527, 0.00016762545866601386]
[719, 0.00016762545866601386]
[907, 0.00016762545866601386]
[1607, 0.00016762545866601386]
[1619, 0.00016762545866601386]
[1631, 0.00016762545866601386]
[1936, 0.00016762545866601386]
[2044, 0.00016762545866601386]
[2048, 0.00016762545866601386]
[2516, 0.00016762545866601386]
[2528, 0.00016762545866601386]
[2600, 0.00016762545866601386]
[2840, 0.00016762545866601386]
[2852, 0.00016762545866601386]
[2864, 0.00016762545866601386]
[2876, 0.00016762545866601386]
[1232, 0.00016765445459382327]
[860, 0.0001681388183879116]
[1401, 0.00016837193522612954]
[2014, 0.0001688243836674901]
[1889, 0.00016905981157319292]
[1990, 0.00016976535813834596]
[946, 0.00016980077018635128]
[958, 0.00016980077018635128]
[2668, 0.0001698007701863514]
[2680, 0.0001698007701863514]
[2490, 0.000170597541266475]
[647, 0.0001707866737955952]
[2464, 0.00017087493564251795]
[2002, 0.0001709013093013608]
[2098, 0.00017096965567336205]
[2110, 0.00017096965567336205]
[2482, 0.00017096965567336205]
[359, 0.00017104019186654372]
[2662, 0.00017104019186654372]
[2647, 0.00017111765572155568]
[1329, 0.0001711252249547897]
[352, 0.00017119195778656735]
[448, 0.00017119195778656735]
[460, 0.00017119195778656735]
[472, 0.00017119195778656735]
[535, 0.00017119195778656735]
[547, 0.00017119195778656735]
[559, 0.00017119195778656735]
[571, 0.00017119195778656735]
[635, 0.00017119195778656735]
[904, 0.00017119195778656735]
[1204, 0.00017119195778656735]
[1364, 0.00017119195778656735]
[1492, 0.00017119195778656735]
[1792, 0.00017119195778656735]
[1864, 0.00017119195778656735]
[1868, 0.00017119195778656735]
[1876, 0.00017119195778656735]
[2448, 0.00017119195778656735]
[2520, 0.00017119195778656735]
[2756, 0.00017119195778656735]
[2768, 0.00017119195778656735]
[2780, 0.00017119195778656735]
[2824, 0.00017119195778656735]
[2828, 0.00017119195778656735]
[2012, 0.00017149471662532387]
[1522, 0.00017267799908679784]
[1534, 0.00017267799908679784]
[287, 0.00017285890846247828]
[2394, 0.00017301667826685036]
[1233, 0.00017381125659868106]
[1340, 0.00017406497096701307]
[1223, 0.00017475845690712063]
[659, 0.00017475845690712068]
[1901, 0.00017475845690712074]
[280, 0.00017475845690712084]
[283, 0.00017475845690712084]
[451, 0.00017475845690712084]
[452, 0.00017475845690712084]
[463, 0.00017475845690712084]
[464, 0.00017475845690712084]
[475, 0.00017475845690712084]
[476, 0.00017475845690712084]
[520, 0.00017475845690712084]
[523, 0.00017475845690712084]
[524, 0.00017475845690712084]
[532, 0.00017475845690712084]
[536, 0.00017475845690712084]
[544, 0.00017475845690712084]
[548, 0.00017475845690712084]
[556, 0.00017475845690712084]
[560, 0.00017475845690712084]
[568, 0.00017475845690712084]
[572, 0.00017475845690712084]
[724, 0.00017475845690712084]
[1775, 0.00017475845690712084]
[1940, 0.00017475845690712084]
[2444, 0.00017475845690712084]
[2524, 0.00017475845690712084]
[2592, 0.00017475845690712084]
[2596, 0.00017475845690712084]
[2836, 0.00017475845690712084]
[2848, 0.00017475845690712084]
[2860, 0.00017475845690712084]
[2872, 0.00017475845690712084]
[1412, 0.0001759805440183593]
[2478, 0.00017650023554739095]
[1510, 0.00017683891472744357]
[1424, 0.00017782439474759652]
[1336, 0.0001786419781717234]
[1817, 0.00017891937254776647]
[2086, 0.00017949445844931918]
[1245, 0.00017961285848787405]
[1316, 0.00017996805860353904]
[2386, 0.000180054167722488]
[2075, 0.00018056438570802178]
[2671, 0.00018095556530808252]
[2683, 0.00018095556530808252]
[2087, 0.0001818624592204185]
[2266, 0.00018204005927825083]
[2278, 0.00018204005927825083]
[2290, 0.00018204005927825083]
[2302, 0.00018204005927825083]
[2562, 0.00018346735010847223]
[2566, 0.00018346735010847223]
[2468, 0.00018402595083401337]
[1805, 0.00018425619913033385]
[1432, 0.00018467383034865943]
[176, 0.00018467383034865949]
[640, 0.00018568086046381565]
[2099, 0.00018612486060839707]
[2111, 0.00018612486060839707]
[2380, 0.00018640902070092867]
[1918, 0.00018750126105659848]
[743, 0.000187531500269103]
[836, 0.00018799773394553892]
[848, 0.00018799773394553892]
[2092, 0.000188112093149193]
[2104, 0.000188112093149193]
[2659, 0.0001883920953892366]
[2255, 0.00018932166164938068]
[2056, 0.00018932166164938074]
[2548, 0.00019029254196553135]
[2552, 0.00019029254196553135]
[2470, 0.0001906455893532226]
[2536, 0.00019185439290890453]
[835, 0.0001921103604298136]
[844, 0.0001921103604298136]
[2171, 0.00019296246283494566]
[68, 0.0001929624628349457]
[827, 0.00019417606323013405]
[2368, 0.00019565348979818978]
[1408, 0.0001958286254703906]
[763, 0.00019582862547039065]
[847, 0.00019582862547039065]
[2182, 0.0001966032640205109]
[2194, 0.0001966032640205109]
[2206, 0.0001966032640205109]
[1243, 0.0001980595844947367]
[1339, 0.0001980595844947367]
[728, 0.00019805958449473679]
[1822, 0.0001981158674116151]
[2096, 0.0001989120647723326]
[2108, 0.0001989120647723326]
[2540, 0.00019945258668747502]
[2586, 0.00019972395075099512]
[2254, 0.00020024406520607592]
[1436, 0.00020081892855116504]
[1508, 0.0002028446374814794]
[2384, 0.00020388486639164068]
[752, 0.00020388486639164085]
[248, 0.00020388486639164087]
[740, 0.0002049492866718061]
[2590, 0.00020534118686586672]
[2578, 0.00020534118686586677]
[668, 0.00020601606708563026]
[2080, 0.00020611047243198618]
[1423, 0.0002069834205921218]
[1520, 0.00020700555312212513]
[1532, 0.00020700555312212513]
[1796, 0.00020705078046604552]
[2063, 0.00020752566757720572]
[272, 0.00020895032891068784]
[856, 0.0002094622639525064]
[1304, 0.00020971014828854485]
[923, 0.00021070168563269885]
[1219, 0.00021084987735533073]
[1303, 0.00021084987735533073]
[2372, 0.00021084987735533076]
[644, 0.0002118284326146917]
[2574, 0.0002142871554932552]
[832, 0.0002144199506732758]
[944, 0.0002144199506732758]
[956, 0.0002144199506732758]
[1399, 0.0002144199506732759]
[2252, 0.00021480726994833597]
[2180, 0.000214807269948336]
[2192, 0.000214807269948336]
[2204, 0.000214807269948336]
[815, 0.0002181382157138529]
[347, 0.00021844807113390074]
[2452, 0.00021844807113390125]
[1411, 0.00022185648075442998]
[2656, 0.0002243353241148146]
[731, 0.00023301127587616082]
[1231, 0.00023301127587616082]
[1327, 0.00023301127587616082]
[764, 0.0002340515047863224]
[1292, 0.0002402928782472909]
[916, 0.00024029287824729102]
[823, 0.0002439336794328558]
[1387, 0.0002439336794328558]
[739, 0.00025121528180398585]
[1315, 0.0002601959247283797]
[0, 0.00034951691381424115]
[1, 0.00034951691381424115]
[2, 0.00034951691381424115]
[3, 0.00034951691381424115]
[4, 0.00034951691381424115]
[5, 0.00034951691381424115]
[6, 0.00034951691381424115]
[7, 0.00034951691381424115]
[8, 0.00034951691381424115]
[9, 0.00034951691381424115]
[10, 0.00034951691381424115]
[11, 0.00034951691381424115]
[12, 0.00034951691381424115]
[13, 0.00034951691381424115]
[14, 0.00034951691381424115]
[15, 0.00034951691381424115]
[16, 0.00034951691381424115]
[17, 0.00034951691381424115]
[18, 0.00034951691381424115]
[19, 0.00034951691381424115]
[20, 0.00034951691381424115]
[21, 0.00034951691381424115]
[22, 0.00034951691381424115]
[23, 0.00034951691381424115]
[24, 0.00034951691381424115]
[25, 0.00034951691381424115]
[26, 0.00034951691381424115]
[27, 0.00034951691381424115]
[28, 0.00034951691381424115]
[29, 0.00034951691381424115]
[30, 0.00034951691381424115]
[31, 0.00034951691381424115]
[32, 0.00034951691381424115]
[33, 0.00034951691381424115]
[34, 0.00034951691381424115]
[35, 0.00034951691381424115]
[36, 0.00034951691381424115]
[37, 0.00034951691381424115]
[38, 0.00034951691381424115]
[39, 0.00034951691381424115]
[40, 0.00034951691381424115]
[41, 0.00034951691381424115]
[42, 0.00034951691381424115]
[43, 0.00034951691381424115]
[44, 0.00034951691381424115]
[45, 0.00034951691381424115]
[46, 0.00034951691381424115]
[47, 0.00034951691381424115]
[48, 0.00034951691381424115]
[49, 0.00034951691381424115]
[50, 0.00034951691381424115]
[51, 0.00034951691381424115]
[52, 0.00034951691381424115]
[53, 0.00034951691381424115]
[54, 0.00034951691381424115]
[55, 0.00034951691381424115]
[56, 0.00034951691381424115]
[57, 0.00034951691381424115]
[58, 0.00034951691381424115]
[59, 0.00034951691381424115]
[60, 0.00034951691381424115]
[61, 0.00034951691381424115]
[62, 0.00034951691381424115]
[63, 0.00034951691381424115]
[64, 0.00034951691381424115]
[65, 0.00034951691381424115]
[66, 0.00034951691381424115]
[67, 0.00034951691381424115]
[72, 0.00034951691381424115]
[73, 0.00034951691381424115]
[74, 0.00034951691381424115]
[75, 0.00034951691381424115]
[76, 0.00034951691381424115]
[77, 0.00034951691381424115]
[78, 0.00034951691381424115]
[79, 0.00034951691381424115]
[84, 0.00034951691381424115]
[85, 0.00034951691381424115]
[86, 0.00034951691381424115]
[87, 0.00034951691381424115]
[88, 0.00034951691381424115]
[89, 0.00034951691381424115]
[90, 0.00034951691381424115]
[91, 0.00034951691381424115]
[96, 0.00034951691381424115]
[97, 0.00034951691381424115]
[98, 0.00034951691381424115]
[99, 0.00034951691381424115]
[100, 0.00034951691381424115]
[101, 0.00034951691381424115]
[102, 0.00034951691381424115]
[103, 0.00034951691381424115]
[104, 0.00034951691381424115]
[105, 0.00034951691381424115]
[106, 0.00034951691381424115]
[107, 0.00034951691381424115]
[108, 0.00034951691381424115]
[109, 0.00034951691381424115]
[110, 0.00034951691381424115]
[111, 0.00034951691381424115]
[112, 0.00034951691381424115]
[113, 0.00034951691381424115]
[114, 0.00034951691381424115]
[115, 0.00034951691381424115]
[116, 0.00034951691381424115]
[117, 0.00034951691381424115]
[118, 0.00034951691381424115]
[119, 0.00034951691381424115]
[120, 0.00034951691381424115]
[121, 0.00034951691381424115]
[122, 0.00034951691381424115]
[123, 0.00034951691381424115]
[124, 0.00034951691381424115]
[125, 0.00034951691381424115]
[126, 0.00034951691381424115]
[127, 0.00034951691381424115]
[128, 0.00034951691381424115]
[129, 0.00034951691381424115]
[130, 0.00034951691381424115]
[131, 0.00034951691381424115]
[132, 0.00034951691381424115]
[133, 0.00034951691381424115]
[134, 0.00034951691381424115]
[135, 0.00034951691381424115]
[136, 0.00034951691381424115]
[137, 0.00034951691381424115]
[138, 0.00034951691381424115]
[139, 0.00034951691381424115]
[140, 0.00034951691381424115]
[141, 0.00034951691381424115]
[142, 0.00034951691381424115]
[143, 0.00034951691381424115]
[144, 0.00034951691381424115]
[145, 0.00034951691381424115]
[146, 0.00034951691381424115]
[147, 0.00034951691381424115]
[148, 0.00034951691381424115]
[149, 0.00034951691381424115]
[150, 0.00034951691381424115]
[151, 0.00034951691381424115]
[156, 0.00034951691381424115]
[157, 0.00034951691381424115]
[158, 0.00034951691381424115]
[159, 0.00034951691381424115]
[160, 0.00034951691381424115]
[161, 0.00034951691381424115]
[162, 0.00034951691381424115]
[163, 0.00034951691381424115]
[168, 0.00034951691381424115]
[169, 0.00034951691381424115]
[170, 0.00034951691381424115]
[171, 0.00034951691381424115]
[172, 0.00034951691381424115]
[173, 0.00034951691381424115]
[174, 0.00034951691381424115]
[175, 0.00034951691381424115]
[180, 0.00034951691381424115]
[181, 0.00034951691381424115]
[182, 0.00034951691381424115]
[183, 0.00034951691381424115]
[192, 0.00034951691381424115]
[193, 0.00034951691381424115]
[194, 0.00034951691381424115]
[195, 0.00034951691381424115]
[196, 0.00034951691381424115]
[197, 0.00034951691381424115]
[198, 0.00034951691381424115]
[199, 0.00034951691381424115]
[200, 0.00034951691381424115]
[201, 0.00034951691381424115]
[202, 0.00034951691381424115]
[203, 0.00034951691381424115]
[204, 0.00034951691381424115]
[205, 0.00034951691381424115]
[206, 0.00034951691381424115]
[207, 0.00034951691381424115]
[208, 0.00034951691381424115]
[209, 0.00034951691381424115]
[210, 0.00034951691381424115]
[211, 0.00034951691381424115]
[212, 0.00034951691381424115]
[213, 0.00034951691381424115]
[214, 0.00034951691381424115]
[215, 0.00034951691381424115]
[216, 0.00034951691381424115]
[217, 0.00034951691381424115]
[218, 0.00034951691381424115]
[219, 0.00034951691381424115]
[220, 0.00034951691381424115]
[221, 0.00034951691381424115]
[222, 0.00034951691381424115]
[223, 0.00034951691381424115]
[224, 0.00034951691381424115]
[225, 0.00034951691381424115]
[226, 0.00034951691381424115]
[227, 0.00034951691381424115]
[228, 0.00034951691381424115]
[229, 0.00034951691381424115]
[230, 0.00034951691381424115]
[231, 0.00034951691381424115]
[232, 0.00034951691381424115]
[233, 0.00034951691381424115]
[234, 0.00034951691381424115]
[235, 0.00034951691381424115]
[240, 0.00034951691381424115]
[241, 0.00034951691381424115]
[242, 0.00034951691381424115]
[243, 0.00034951691381424115]
[244, 0.00034951691381424115]
[245, 0.00034951691381424115]
[246, 0.00034951691381424115]
[247, 0.00034951691381424115]
[252, 0.00034951691381424115]
[253, 0.00034951691381424115]
[254, 0.00034951691381424115]
[255, 0.00034951691381424115]
[256, 0.00034951691381424115]
[257, 0.00034951691381424115]
[258, 0.00034951691381424115]
[259, 0.00034951691381424115]
[264, 0.00034951691381424115]
[265, 0.00034951691381424115]
[266, 0.00034951691381424115]
[267, 0.00034951691381424115]
[276, 0.00034951691381424115]
[277, 0.00034951691381424115]
[278, 0.00034951691381424115]
[279, 0.00034951691381424115]
[288, 0.00034951691381424115]
[289, 0.00034951691381424115]
[290, 0.00034951691381424115]
[291, 0.00034951691381424115]
[292, 0.00034951691381424115]
[293, 0.00034951691381424115]
[294, 0.00034951691381424115]
[295, 0.00034951691381424115]
[296, 0.00034951691381424115]
[297, 0.00034951691381424115]
[298, 0.00034951691381424115]
[299, 0.00034951691381424115]
[300, 0.00034951691381424115]
[301, 0.00034951691381424115]
[302, 0.00034951691381424115]
[303, 0.00034951691381424115]
[304, 0.00034951691381424115]
[305, 0.00034951691381424115]
[306, 0.00034951691381424115]
[307, 0.00034951691381424115]
[308, 0.00034951691381424115]
[309, 0.00034951691381424115]
[310, 0.00034951691381424115]
[311, 0.00034951691381424115]
[312, 0.00034951691381424115]
[313, 0.00034951691381424115]
[314, 0.00034951691381424115]
[315, 0.00034951691381424115]
[316, 0.00034951691381424115]
[317, 0.00034951691381424115]
[318, 0.00034951691381424115]
[319, 0.00034951691381424115]
[320, 0.00034951691381424115]
[321, 0.00034951691381424115]
[322, 0.00034951691381424115]
[323, 0.00034951691381424115]
[324, 0.00034951691381424115]
[325, 0.00034951691381424115]
[326, 0.00034951691381424115]
[327, 0.00034951691381424115]
[328, 0.00034951691381424115]
[329, 0.00034951691381424115]
[330, 0.00034951691381424115]
[331, 0.00034951691381424115]
[336, 0.00034951691381424115]
[337, 0.00034951691381424115]
[338, 0.00034951691381424115]
[339, 0.00034951691381424115]
[340, 0.00034951691381424115]
[341, 0.00034951691381424115]
[342, 0.00034951691381424115]
[343, 0.00034951691381424115]
[348, 0.00034951691381424115]
[349, 0.00034951691381424115]
[350, 0.00034951691381424115]
[351, 0.00034951691381424115]
[360, 0.00034951691381424115]
[361, 0.00034951691381424115]
[362, 0.00034951691381424115]
[363, 0.00034951691381424115]
[372, 0.00034951691381424115]
[373, 0.00034951691381424115]
[374, 0.00034951691381424115]
[375, 0.00034951691381424115]
[384, 0.00034951691381424115]
[385, 0.00034951691381424115]
[386, 0.00034951691381424115]
[387, 0.00034951691381424115]
[388, 0.00034951691381424115]
[389, 0.00034951691381424115]
[390, 0.00034951691381424115]
[391, 0.00034951691381424115]
[392, 0.00034951691381424115]
[393, 0.00034951691381424115]
[394, 0.00034951691381424115]
[395, 0.00034951691381424115]
[396, 0.00034951691381424115]
[397, 0.00034951691381424115]
[398, 0.00034951691381424115]
[399, 0.00034951691381424115]
[400, 0.00034951691381424115]
[401, 0.00034951691381424115]
[402, 0.00034951691381424115]
[403, 0.00034951691381424115]
[404, 0.00034951691381424115]
[405, 0.00034951691381424115]
[406, 0.00034951691381424115]
[407, 0.00034951691381424115]
[408, 0.00034951691381424115]
[409, 0.00034951691381424115]
[410, 0.00034951691381424115]
[411, 0.00034951691381424115]
[412, 0.00034951691381424115]
[413, 0.00034951691381424115]
[414, 0.00034951691381424115]
[415, 0.00034951691381424115]
[416, 0.00034951691381424115]
[417, 0.00034951691381424115]
[418, 0.00034951691381424115]
[419, 0.00034951691381424115]
[420, 0.00034951691381424115]
[421, 0.00034951691381424115]
[422, 0.00034951691381424115]
[423, 0.00034951691381424115]
[424, 0.00034951691381424115]
[425, 0.00034951691381424115]
[426, 0.00034951691381424115]
[427, 0.00034951691381424115]
[428, 0.00034951691381424115]
[429, 0.00034951691381424115]
[430, 0.00034951691381424115]
[431, 0.00034951691381424115]
[432, 0.00034951691381424115]
[433, 0.00034951691381424115]
[434, 0.00034951691381424115]
[435, 0.00034951691381424115]
[444, 0.00034951691381424115]
[445, 0.00034951691381424115]
[446, 0.00034951691381424115]
[447, 0.00034951691381424115]
[456, 0.00034951691381424115]
[457, 0.00034951691381424115]
[458, 0.00034951691381424115]
[459, 0.00034951691381424115]
[468, 0.00034951691381424115]
[469, 0.00034951691381424115]
[470, 0.00034951691381424115]
[471, 0.00034951691381424115]
[480, 0.00034951691381424115]
[481, 0.00034951691381424115]
[482, 0.00034951691381424115]
[483, 0.00034951691381424115]
[484, 0.00034951691381424115]
[485, 0.00034951691381424115]
[486, 0.00034951691381424115]
[487, 0.00034951691381424115]
[488, 0.00034951691381424115]
[489, 0.00034951691381424115]
[490, 0.00034951691381424115]
[491, 0.00034951691381424115]
[492, 0.00034951691381424115]
[493, 0.00034951691381424115]
[494, 0.00034951691381424115]
[495, 0.00034951691381424115]
[496, 0.00034951691381424115]
[497, 0.00034951691381424115]
[498, 0.00034951691381424115]
[499, 0.00034951691381424115]
[500, 0.00034951691381424115]
[501, 0.00034951691381424115]
[502, 0.00034951691381424115]
[503, 0.00034951691381424115]
[504, 0.00034951691381424115]
[505, 0.00034951691381424115]
[506, 0.00034951691381424115]
[507, 0.00034951691381424115]
[508, 0.00034951691381424115]
[509, 0.00034951691381424115]
[510, 0.00034951691381424115]
[511, 0.00034951691381424115]
[512, 0.00034951691381424115]
[513, 0.00034951691381424115]
[514, 0.00034951691381424115]
[515, 0.00034951691381424115]
[516, 0.00034951691381424115]
[517, 0.00034951691381424115]
[518, 0.00034951691381424115]
[519, 0.00034951691381424115]
[528, 0.00034951691381424115]
[529, 0.00034951691381424115]
[530, 0.00034951691381424115]
[531, 0.00034951691381424115]
[540, 0.00034951691381424115]
[541, 0.00034951691381424115]
[542, 0.00034951691381424115]
[543, 0.00034951691381424115]
[552, 0.00034951691381424115]
[553, 0.00034951691381424115]
[554, 0.00034951691381424115]
[555, 0.00034951691381424115]
[564, 0.00034951691381424115]
[565, 0.00034951691381424115]
[566, 0.00034951691381424115]
[567, 0.00034951691381424115]
[576, 0.00034951691381424115]
[577, 0.00034951691381424115]
[578, 0.00034951691381424115]
[579, 0.00034951691381424115]
[580, 0.00034951691381424115]
[581, 0.00034951691381424115]
[582, 0.00034951691381424115]
[583, 0.00034951691381424115]
[584, 0.00034951691381424115]
[585, 0.00034951691381424115]
[586, 0.00034951691381424115]
[587, 0.00034951691381424115]
[588, 0.00034951691381424115]
[589, 0.00034951691381424115]
[590, 0.00034951691381424115]
[591, 0.00034951691381424115]
[592, 0.00034951691381424115]
[593, 0.00034951691381424115]
[594, 0.00034951691381424115]
[595, 0.00034951691381424115]
[596, 0.00034951691381424115]
[597, 0.00034951691381424115]
[598, 0.00034951691381424115]
[599, 0.00034951691381424115]
[600, 0.00034951691381424115]
[601, 0.00034951691381424115]
[602, 0.00034951691381424115]
[603, 0.00034951691381424115]
[604, 0.00034951691381424115]
[605, 0.00034951691381424115]
[606, 0.00034951691381424115]
[607, 0.00034951691381424115]
[608, 0.00034951691381424115]
[609, 0.00034951691381424115]
[610, 0.00034951691381424115]
[611, 0.00034951691381424115]
[612, 0.00034951691381424115]
[613, 0.00034951691381424115]
[614, 0.00034951691381424115]
[615, 0.00034951691381424115]
[616, 0.00034951691381424115]
[617, 0.00034951691381424115]
[618, 0.00034951691381424115]
[619, 0.00034951691381424115]
[620, 0.00034951691381424115]
[621, 0.00034951691381424115]
[622, 0.00034951691381424115]
[623, 0.00034951691381424115]
[624, 0.00034951691381424115]
[625, 0.00034951691381424115]
[626, 0.00034951691381424115]
[627, 0.00034951691381424115]
[628, 0.00034951691381424115]
[629, 0.00034951691381424115]
[630, 0.00034951691381424115]
[631, 0.00034951691381424115]
[636, 0.00034951691381424115]
[637, 0.00034951691381424115]
[638, 0.00034951691381424115]
[639, 0.00034951691381424115]
[648, 0.00034951691381424115]
[649, 0.00034951691381424115]
[650, 0.00034951691381424115]
[651, 0.00034951691381424115]
[660, 0.00034951691381424115]
[661, 0.00034951691381424115]
[662, 0.00034951691381424115]
[663, 0.00034951691381424115]
[672, 0.00034951691381424115]
[673, 0.00034951691381424115]
[674, 0.00034951691381424115]
[675, 0.00034951691381424115]
[676, 0.00034951691381424115]
[677, 0.00034951691381424115]
[678, 0.00034951691381424115]
[679, 0.00034951691381424115]
[680, 0.00034951691381424115]
[681, 0.00034951691381424115]
[682, 0.00034951691381424115]
[683, 0.00034951691381424115]
[684, 0.00034951691381424115]
[685, 0.00034951691381424115]
[686, 0.00034951691381424115]
[687, 0.00034951691381424115]
[688, 0.00034951691381424115]
[689, 0.00034951691381424115]
[690, 0.00034951691381424115]
[691, 0.00034951691381424115]
[692, 0.00034951691381424115]
[693, 0.00034951691381424115]
[694, 0.00034951691381424115]
[695, 0.00034951691381424115]
[696, 0.00034951691381424115]
[697, 0.00034951691381424115]
[698, 0.00034951691381424115]
[699, 0.00034951691381424115]
[700, 0.00034951691381424115]
[701, 0.00034951691381424115]
[702, 0.00034951691381424115]
[703, 0.00034951691381424115]
[704, 0.00034951691381424115]
[705, 0.00034951691381424115]
[706, 0.00034951691381424115]
[707, 0.00034951691381424115]
[708, 0.00034951691381424115]
[709, 0.00034951691381424115]
[710, 0.00034951691381424115]
[711, 0.00034951691381424115]
[712, 0.00034951691381424115]
[713, 0.00034951691381424115]
[714, 0.00034951691381424115]
[715, 0.00034951691381424115]
[720, 0.00034951691381424115]
[721, 0.00034951691381424115]
[722, 0.00034951691381424115]
[723, 0.00034951691381424115]
[732, 0.00034951691381424115]
[733, 0.00034951691381424115]
[734, 0.00034951691381424115]
[735, 0.00034951691381424115]
[744, 0.00034951691381424115]
[745, 0.00034951691381424115]
[746, 0.00034951691381424115]
[747, 0.00034951691381424115]
[756, 0.00034951691381424115]
[757, 0.00034951691381424115]
[758, 0.00034951691381424115]
[759, 0.00034951691381424115]
[768, 0.00034951691381424115]
[769, 0.00034951691381424115]
[770, 0.00034951691381424115]
[771, 0.00034951691381424115]
[772, 0.00034951691381424115]
[773, 0.00034951691381424115]
[774, 0.00034951691381424115]
[775, 0.00034951691381424115]
[776, 0.00034951691381424115]
[777, 0.00034951691381424115]
[778, 0.00034951691381424115]
[779, 0.00034951691381424115]
[780, 0.00034951691381424115]
[781, 0.00034951691381424115]
[782, 0.00034951691381424115]
[783, 0.00034951691381424115]
[784, 0.00034951691381424115]
[785, 0.00034951691381424115]
[786, 0.00034951691381424115]
[787, 0.00034951691381424115]
[788, 0.00034951691381424115]
[789, 0.00034951691381424115]
[790, 0.00034951691381424115]
[791, 0.00034951691381424115]
[792, 0.00034951691381424115]
[793, 0.00034951691381424115]
[794, 0.00034951691381424115]
[795, 0.00034951691381424115]
[796, 0.00034951691381424115]
[797, 0.00034951691381424115]
[798, 0.00034951691381424115]
[799, 0.00034951691381424115]
[800, 0.00034951691381424115]
[801, 0.00034951691381424115]
[802, 0.00034951691381424115]
[803, 0.00034951691381424115]
[804, 0.00034951691381424115]
[805, 0.00034951691381424115]
[806, 0.00034951691381424115]
[807, 0.00034951691381424115]
[816, 0.00034951691381424115]
[817, 0.00034951691381424115]
[818, 0.00034951691381424115]
[819, 0.00034951691381424115]
[828, 0.00034951691381424115]
[829, 0.00034951691381424115]
[830, 0.00034951691381424115]
[831, 0.00034951691381424115]
[840, 0.00034951691381424115]
[841, 0.00034951691381424115]
[842, 0.00034951691381424115]
[843, 0.00034951691381424115]
[852, 0.00034951691381424115]
[853, 0.00034951691381424115]
[854, 0.00034951691381424115]
[855, 0.00034951691381424115]
[864, 0.00034951691381424115]
[865, 0.00034951691381424115]
[866, 0.00034951691381424115]
[867, 0.00034951691381424115]
[868, 0.00034951691381424115]
[869, 0.00034951691381424115]
[870, 0.00034951691381424115]
[871, 0.00034951691381424115]
[872, 0.00034951691381424115]
[873, 0.00034951691381424115]
[874, 0.00034951691381424115]
[875, 0.00034951691381424115]
[876, 0.00034951691381424115]
[877, 0.00034951691381424115]
[878, 0.00034951691381424115]
[879, 0.00034951691381424115]
[880, 0.00034951691381424115]
[881, 0.00034951691381424115]
[882, 0.00034951691381424115]
[883, 0.00034951691381424115]
[884, 0.00034951691381424115]
[885, 0.00034951691381424115]
[886, 0.00034951691381424115]
[887, 0.00034951691381424115]
[888, 0.00034951691381424115]
[889, 0.00034951691381424115]
[890, 0.00034951691381424115]
[891, 0.00034951691381424115]
[892, 0.00034951691381424115]
[893, 0.00034951691381424115]
[894, 0.00034951691381424115]
[895, 0.00034951691381424115]
[896, 0.00034951691381424115]
[897, 0.00034951691381424115]
[898, 0.00034951691381424115]
[899, 0.00034951691381424115]
[900, 0.00034951691381424115]
[901, 0.00034951691381424115]
[902, 0.00034951691381424115]
[903, 0.00034951691381424115]
[912, 0.00034951691381424115]
[913, 0.00034951691381424115]
[914, 0.00034951691381424115]
[915, 0.00034951691381424115]
[924, 0.00034951691381424115]
[925, 0.00034951691381424115]
[926, 0.00034951691381424115]
[927, 0.00034951691381424115]
[936, 0.00034951691381424115]
[937, 0.00034951691381424115]
[938, 0.00034951691381424115]
[939, 0.00034951691381424115]
[948, 0.00034951691381424115]
[949, 0.00034951691381424115]
[950, 0.00034951691381424115]
[951, 0.00034951691381424115]
[960, 0.00034951691381424115]
[961, 0.00034951691381424115]
[962, 0.00034951691381424115]
[963, 0.00034951691381424115]
[964, 0.00034951691381424115]
[965, 0.00034951691381424115]
[966, 0.00034951691381424115]
[967, 0.00034951691381424115]
[968, 0.00034951691381424115]
[969, 0.00034951691381424115]
[970, 0.00034951691381424115]
[971, 0.00034951691381424115]
[972, 0.00034951691381424115]
[973, 0.00034951691381424115]
[974, 0.00034951691381424115]
[975, 0.00034951691381424115]
[976, 0.00034951691381424115]
[977, 0.00034951691381424115]
[978, 0.00034951691381424115]
[979, 0.00034951691381424115]
[980, 0.00034951691381424115]
[981, 0.00034951691381424115]
[982, 0.00034951691381424115]
[983, 0.00034951691381424115]
[984, 0.00034951691381424115]
[985, 0.00034951691381424115]
[986, 0.00034951691381424115]
[987, 0.00034951691381424115]
[988, 0.00034951691381424115]
[989, 0.00034951691381424115]
[990, 0.00034951691381424115]
[991, 0.00034951691381424115]
[992, 0.00034951691381424115]
[993, 0.00034951691381424115]
[994, 0.00034951691381424115]
[995, 0.00034951691381424115]
[996, 0.00034951691381424115]
[997, 0.00034951691381424115]
[998, 0.00034951691381424115]
[999, 0.00034951691381424115]
[1000, 0.00034951691381424115]
[1001, 0.00034951691381424115]
[1002, 0.00034951691381424115]
[1003, 0.00034951691381424115]
[1004, 0.00034951691381424115]
[1005, 0.00034951691381424115]
[1006, 0.00034951691381424115]
[1007, 0.00034951691381424115]
[1008, 0.00034951691381424115]
[1009, 0.00034951691381424115]
[1010, 0.00034951691381424115]
[1011, 0.00034951691381424115]
[1012, 0.00034951691381424115]
[1013, 0.00034951691381424115]
[1014, 0.00034951691381424115]
[1015, 0.00034951691381424115]
[1016, 0.00034951691381424115]
[1017, 0.00034951691381424115]
[1018, 0.00034951691381424115]
[1019, 0.00034951691381424115]
[1020, 0.00034951691381424115]
[1021, 0.00034951691381424115]
[1022, 0.00034951691381424115]
[1023, 0.00034951691381424115]
[1024, 0.00034951691381424115]
[1025, 0.00034951691381424115]
[1026, 0.00034951691381424115]
[1027, 0.00034951691381424115]
[1028, 0.00034951691381424115]
[1029, 0.00034951691381424115]
[1030, 0.00034951691381424115]
[1031, 0.00034951691381424115]
[1032, 0.00034951691381424115]
[1033, 0.00034951691381424115]
[1034, 0.00034951691381424115]
[1035, 0.00034951691381424115]
[1036, 0.00034951691381424115]
[1037, 0.00034951691381424115]
[1038, 0.00034951691381424115]
[1039, 0.00034951691381424115]
[1040, 0.00034951691381424115]
[1041, 0.00034951691381424115]
[1042, 0.00034951691381424115]
[1043, 0.00034951691381424115]
[1044, 0.00034951691381424115]
[1045, 0.00034951691381424115]
[1046, 0.00034951691381424115]
[1047, 0.00034951691381424115]
[1048, 0.00034951691381424115]
[1049, 0.00034951691381424115]
[1050, 0.00034951691381424115]
[1051, 0.00034951691381424115]
[1052, 0.00034951691381424115]
[1053, 0.00034951691381424115]
[1054, 0.00034951691381424115]
[1055, 0.00034951691381424115]
[1056, 0.00034951691381424115]
[1057, 0.00034951691381424115]
[1058, 0.00034951691381424115]
[1059, 0.00034951691381424115]
[1060, 0.00034951691381424115]
[1061, 0.00034951691381424115]
[1062, 0.00034951691381424115]
[1063, 0.00034951691381424115]
[1064, 0.00034951691381424115]
[1065, 0.00034951691381424115]
[1066, 0.00034951691381424115]
[1067, 0.00034951691381424115]
[1068, 0.00034951691381424115]
[1069, 0.00034951691381424115]
[1070, 0.00034951691381424115]
[1071, 0.00034951691381424115]
[1072, 0.00034951691381424115]
[1073, 0.00034951691381424115]
[1074, 0.00034951691381424115]
[1075, 0.00034951691381424115]
[1076, 0.00034951691381424115]
[1077, 0.00034951691381424115]
[1078, 0.00034951691381424115]
[1079, 0.00034951691381424115]
[1080, 0.00034951691381424115]
[1081, 0.00034951691381424115]
[1082, 0.00034951691381424115]
[1083, 0.00034951691381424115]
[1084, 0.00034951691381424115]
[1085, 0.00034951691381424115]
[1086, 0.00034951691381424115]
[1087, 0.00034951691381424115]
[1088, 0.00034951691381424115]
[1089, 0.00034951691381424115]
[1090, 0.00034951691381424115]
[1091, 0.00034951691381424115]
[1092, 0.00034951691381424115]
[1093, 0.00034951691381424115]
[1094, 0.00034951691381424115]
[1095, 0.00034951691381424115]
[1096, 0.00034951691381424115]
[1097, 0.00034951691381424115]
[1098, 0.00034951691381424115]
[1099, 0.00034951691381424115]
[1100, 0.00034951691381424115]
[1101, 0.00034951691381424115]
[1102, 0.00034951691381424115]
[1103, 0.00034951691381424115]
[1104, 0.00034951691381424115]
[1105, 0.00034951691381424115]
[1106, 0.00034951691381424115]
[1107, 0.00034951691381424115]
[1108, 0.00034951691381424115]
[1109, 0.00034951691381424115]
[1110, 0.00034951691381424115]
[1111, 0.00034951691381424115]
[1112, 0.00034951691381424115]
[1113, 0.00034951691381424115]
[1114, 0.00034951691381424115]
[1115, 0.00034951691381424115]
[1116, 0.00034951691381424115]
[1117, 0.00034951691381424115]
[1118, 0.00034951691381424115]
[1119, 0.00034951691381424115]
[1120, 0.00034951691381424115]
[1121, 0.00034951691381424115]
[1122, 0.00034951691381424115]
[1123, 0.00034951691381424115]
[1124, 0.00034951691381424115]
[1125, 0.00034951691381424115]
[1126, 0.00034951691381424115]
[1127, 0.00034951691381424115]
[1128, 0.00034951691381424115]
[1129, 0.00034951691381424115]
[1130, 0.00034951691381424115]
[1131, 0.00034951691381424115]
[1132, 0.00034951691381424115]
[1133, 0.00034951691381424115]
[1134, 0.00034951691381424115]
[1135, 0.00034951691381424115]
[1136, 0.00034951691381424115]
[1137, 0.00034951691381424115]
[1138, 0.00034951691381424115]
[1139, 0.00034951691381424115]
[1140, 0.00034951691381424115]
[1141, 0.00034951691381424115]
[1142, 0.00034951691381424115]
[1143, 0.00034951691381424115]
[1144, 0.00034951691381424115]
[1145, 0.00034951691381424115]
[1146, 0.00034951691381424115]
[1147, 0.00034951691381424115]
[1148, 0.00034951691381424115]
[1149, 0.00034951691381424115]
[1150, 0.00034951691381424115]
[1151, 0.00034951691381424115]
[1152, 0.00034951691381424115]
[1153, 0.00034951691381424115]
[1154, 0.00034951691381424115]
[1155, 0.00034951691381424115]
[1156, 0.00034951691381424115]
[1157, 0.00034951691381424115]
[1158, 0.00034951691381424115]
[1159, 0.00034951691381424115]
[1160, 0.00034951691381424115]
[1161, 0.00034951691381424115]
[1162, 0.00034951691381424115]
[1163, 0.00034951691381424115]
[1164, 0.00034951691381424115]
[1165, 0.00034951691381424115]
[1166, 0.00034951691381424115]
[1167, 0.00034951691381424115]
[1168, 0.00034951691381424115]
[1169, 0.00034951691381424115]
[1170, 0.00034951691381424115]
[1171, 0.00034951691381424115]
[1172, 0.00034951691381424115]
[1173, 0.00034951691381424115]
[1174, 0.00034951691381424115]
[1175, 0.00034951691381424115]
[1176, 0.00034951691381424115]
[1177, 0.00034951691381424115]
[1178, 0.00034951691381424115]
[1179, 0.00034951691381424115]
[1180, 0.00034951691381424115]
[1181, 0.00034951691381424115]
[1182, 0.00034951691381424115]
[1183, 0.00034951691381424115]
[1184, 0.00034951691381424115]
[1185, 0.00034951691381424115]
[1186, 0.00034951691381424115]
[1187, 0.00034951691381424115]
[1188, 0.00034951691381424115]
[1189, 0.00034951691381424115]
[1190, 0.00034951691381424115]
[1191, 0.00034951691381424115]
[1192, 0.00034951691381424115]
[1193, 0.00034951691381424115]
[1194, 0.00034951691381424115]
[1195, 0.00034951691381424115]
[1200, 0.00034951691381424115]
[1201, 0.00034951691381424115]
[1202, 0.00034951691381424115]
[1203, 0.00034951691381424115]
[1212, 0.00034951691381424115]
[1213, 0.00034951691381424115]
[1214, 0.00034951691381424115]
[1215, 0.00034951691381424115]
[1224, 0.00034951691381424115]
[1225, 0.00034951691381424115]
[1226, 0.00034951691381424115]
[1227, 0.00034951691381424115]
[1236, 0.00034951691381424115]
[1237, 0.00034951691381424115]
[1238, 0.00034951691381424115]
[1239, 0.00034951691381424115]
[1248, 0.00034951691381424115]
[1249, 0.00034951691381424115]
[1250, 0.00034951691381424115]
[1251, 0.00034951691381424115]
[1252, 0.00034951691381424115]
[1253, 0.00034951691381424115]
[1254, 0.00034951691381424115]
[1255, 0.00034951691381424115]
[1256, 0.00034951691381424115]
[1257, 0.00034951691381424115]
[1258, 0.00034951691381424115]
[1259, 0.00034951691381424115]
[1260, 0.00034951691381424115]
[1261, 0.00034951691381424115]
[1262, 0.00034951691381424115]
[1263, 0.00034951691381424115]
[1264, 0.00034951691381424115]
[1265, 0.00034951691381424115]
[1266, 0.00034951691381424115]
[1267, 0.00034951691381424115]
[1268, 0.00034951691381424115]
[1269, 0.00034951691381424115]
[1270, 0.00034951691381424115]
[1271, 0.00034951691381424115]
[1272, 0.00034951691381424115]
[1273, 0.00034951691381424115]
[1274, 0.00034951691381424115]
[1275, 0.00034951691381424115]
[1276, 0.00034951691381424115]
[1277, 0.00034951691381424115]
[1278, 0.00034951691381424115]
[1279, 0.00034951691381424115]
[1284, 0.00034951691381424115]
[1285, 0.00034951691381424115]
[1286, 0.00034951691381424115]
[1287, 0.00034951691381424115]
[1296, 0.00034951691381424115]
[1297, 0.00034951691381424115]
[1298, 0.00034951691381424115]
[1299, 0.00034951691381424115]
[1308, 0.00034951691381424115]
[1309, 0.00034951691381424115]
[1310, 0.00034951691381424115]
[1311, 0.00034951691381424115]
[1320, 0.00034951691381424115]
[1321, 0.00034951691381424115]
[1322, 0.00034951691381424115]
[1323, 0.00034951691381424115]
[1332, 0.00034951691381424115]
[1333, 0.00034951691381424115]
[1334, 0.00034951691381424115]
[1335, 0.00034951691381424115]
[1344, 0.00034951691381424115]
[1345, 0.00034951691381424115]
[1346, 0.00034951691381424115]
[1347, 0.00034951691381424115]
[1348, 0.00034951691381424115]
[1349, 0.00034951691381424115]
[1350, 0.00034951691381424115]
[1351, 0.00034951691381424115]
[1352, 0.00034951691381424115]
[1353, 0.00034951691381424115]
[1354, 0.00034951691381424115]
[1355, 0.00034951691381424115]
[1356, 0.00034951691381424115]
[1357, 0.00034951691381424115]
[1358, 0.00034951691381424115]
[1359, 0.00034951691381424115]
[1360, 0.00034951691381424115]
[1361, 0.00034951691381424115]
[1362, 0.00034951691381424115]
[1363, 0.00034951691381424115]
[1368, 0.00034951691381424115]
[1369, 0.00034951691381424115]
[1370, 0.00034951691381424115]
[1371, 0.00034951691381424115]
[1372, 0.00034951691381424115]
[1373, 0.00034951691381424115]
[1374, 0.00034951691381424115]
[1375, 0.00034951691381424115]
[1380, 0.00034951691381424115]
[1381, 0.00034951691381424115]
[1382, 0.00034951691381424115]
[1383, 0.00034951691381424115]
[1392, 0.00034951691381424115]
[1393, 0.00034951691381424115]
[1394, 0.00034951691381424115]
[1395, 0.00034951691381424115]
[1404, 0.00034951691381424115]
[1405, 0.00034951691381424115]
[1406, 0.00034951691381424115]
[1407, 0.00034951691381424115]
[1416, 0.00034951691381424115]
[1417, 0.00034951691381424115]
[1418, 0.00034951691381424115]
[1419, 0.00034951691381424115]
[1428, 0.00034951691381424115]
[1429, 0.00034951691381424115]
[1430, 0.00034951691381424115]
[1431, 0.00034951691381424115]
[1440, 0.00034951691381424115]
[1441, 0.00034951691381424115]
[1442, 0.00034951691381424115]
[1443, 0.00034951691381424115]
[1444, 0.00034951691381424115]
[1445, 0.00034951691381424115]
[1446, 0.00034951691381424115]
[1447, 0.00034951691381424115]
[1452, 0.00034951691381424115]
[1453, 0.00034951691381424115]
[1454, 0.00034951691381424115]
[1455, 0.00034951691381424115]
[1456, 0.00034951691381424115]
[1457, 0.00034951691381424115]
[1458, 0.00034951691381424115]
[1459, 0.00034951691381424115]
[1464, 0.00034951691381424115]
[1465, 0.00034951691381424115]
[1466, 0.00034951691381424115]
[1467, 0.00034951691381424115]
[1468, 0.00034951691381424115]
[1469, 0.00034951691381424115]
[1470, 0.00034951691381424115]
[1471, 0.00034951691381424115]
[1476, 0.00034951691381424115]
[1477, 0.00034951691381424115]
[1478, 0.00034951691381424115]
[1479, 0.00034951691381424115]
[1488, 0.00034951691381424115]
[1489, 0.00034951691381424115]
[1490, 0.00034951691381424115]
[1491, 0.00034951691381424115]
[1500, 0.00034951691381424115]
[1501, 0.00034951691381424115]
[1502, 0.00034951691381424115]
[1503, 0.00034951691381424115]
[1512, 0.00034951691381424115]
[1513, 0.00034951691381424115]
[1514, 0.00034951691381424115]
[1515, 0.00034951691381424115]
[1524, 0.00034951691381424115]
[1525, 0.00034951691381424115]
[1526, 0.00034951691381424115]
[1527, 0.00034951691381424115]
[1536, 0.00034951691381424115]
[1537, 0.00034951691381424115]
[1538, 0.00034951691381424115]
[1539, 0.00034951691381424115]
[1540, 0.00034951691381424115]
[1541, 0.00034951691381424115]
[1542, 0.00034951691381424115]
[1543, 0.00034951691381424115]
[1544, 0.00034951691381424115]
[1545, 0.00034951691381424115]
[1546, 0.00034951691381424115]
[1547, 0.00034951691381424115]
[1548, 0.00034951691381424115]
[1549, 0.00034951691381424115]
[1550, 0.00034951691381424115]
[1551, 0.00034951691381424115]
[1552, 0.00034951691381424115]
[1553, 0.00034951691381424115]
[1554, 0.00034951691381424115]
[1555, 0.00034951691381424115]
[1556, 0.00034951691381424115]
[1557, 0.00034951691381424115]
[1558, 0.00034951691381424115]
[1559, 0.00034951691381424115]
[1560, 0.00034951691381424115]
[1561, 0.00034951691381424115]
[1562, 0.00034951691381424115]
[1563, 0.00034951691381424115]
[1564, 0.00034951691381424115]
[1565, 0.00034951691381424115]
[1566, 0.00034951691381424115]
[1567, 0.00034951691381424115]
[1568, 0.00034951691381424115]
[1569, 0.00034951691381424115]
[1570, 0.00034951691381424115]
[1571, 0.00034951691381424115]
[1572, 0.00034951691381424115]
[1573, 0.00034951691381424115]
[1574, 0.00034951691381424115]
[1575, 0.00034951691381424115]
[1576, 0.00034951691381424115]
[1577, 0.00034951691381424115]
[1578, 0.00034951691381424115]
[1579, 0.00034951691381424115]
[1580, 0.00034951691381424115]
[1581, 0.00034951691381424115]
[1582, 0.00034951691381424115]
[1583, 0.00034951691381424115]
[1584, 0.00034951691381424115]
[1585, 0.00034951691381424115]
[1586, 0.00034951691381424115]
[1587, 0.00034951691381424115]
[1588, 0.00034951691381424115]
[1589, 0.00034951691381424115]
[1590, 0.00034951691381424115]
[1591, 0.00034951691381424115]
[1596, 0.00034951691381424115]
[1597, 0.00034951691381424115]
[1598, 0.00034951691381424115]
[1599, 0.00034951691381424115]
[1600, 0.00034951691381424115]
[1601, 0.00034951691381424115]
[1602, 0.00034951691381424115]
[1603, 0.00034951691381424115]
[1608, 0.00034951691381424115]
[1609, 0.00034951691381424115]
[1610, 0.00034951691381424115]
[1611, 0.00034951691381424115]
[1612, 0.00034951691381424115]
[1613, 0.00034951691381424115]
[1614, 0.00034951691381424115]
[1615, 0.00034951691381424115]
[1620, 0.00034951691381424115]
[1621, 0.00034951691381424115]
[1622, 0.00034951691381424115]
[1623, 0.00034951691381424115]
[1624, 0.00034951691381424115]
[1625, 0.00034951691381424115]
[1626, 0.00034951691381424115]
[1627, 0.00034951691381424115]
[1632, 0.00034951691381424115]
[1633, 0.00034951691381424115]
[1634, 0.00034951691381424115]
[1635, 0.00034951691381424115]
[1636, 0.00034951691381424115]
[1637, 0.00034951691381424115]
[1638, 0.00034951691381424115]
[1639, 0.00034951691381424115]
[1640, 0.00034951691381424115]
[1641, 0.00034951691381424115]
[1642, 0.00034951691381424115]
[1643, 0.00034951691381424115]
[1644, 0.00034951691381424115]
[1645, 0.00034951691381424115]
[1646, 0.00034951691381424115]
[1647, 0.00034951691381424115]
[1648, 0.00034951691381424115]
[1649, 0.00034951691381424115]
[1650, 0.00034951691381424115]
[1651, 0.00034951691381424115]
[1652, 0.00034951691381424115]
[1653, 0.00034951691381424115]
[1654, 0.00034951691381424115]
[1655, 0.00034951691381424115]
[1656, 0.00034951691381424115]
[1657, 0.00034951691381424115]
[1658, 0.00034951691381424115]
[1659, 0.00034951691381424115]
[1660, 0.00034951691381424115]
[1661, 0.00034951691381424115]
[1662, 0.00034951691381424115]
[1663, 0.00034951691381424115]
[1664, 0.00034951691381424115]
[1665, 0.00034951691381424115]
[1666, 0.00034951691381424115]
[1667, 0.00034951691381424115]
[1668, 0.00034951691381424115]
[1669, 0.00034951691381424115]
[1670, 0.00034951691381424115]
[1671, 0.00034951691381424115]
[1672, 0.00034951691381424115]
[1673, 0.00034951691381424115]
[1674, 0.00034951691381424115]
[1675, 0.00034951691381424115]
[1680, 0.00034951691381424115]
[1681, 0.00034951691381424115]
[1682, 0.00034951691381424115]
[1683, 0.00034951691381424115]
[1684, 0.00034951691381424115]
[1685, 0.00034951691381424115]
[1686, 0.00034951691381424115]
[1687, 0.00034951691381424115]
[1692, 0.00034951691381424115]
[1693, 0.00034951691381424115]
[1694, 0.00034951691381424115]
[1695, 0.00034951691381424115]
[1696, 0.00034951691381424115]
[1697, 0.00034951691381424115]
[1698, 0.00034951691381424115]
[1699, 0.00034951691381424115]
[1704, 0.00034951691381424115]
[1705, 0.00034951691381424115]
[1706, 0.00034951691381424115]
[1707, 0.00034951691381424115]
[1708, 0.00034951691381424115]
[1709, 0.00034951691381424115]
[1710, 0.00034951691381424115]
[1711, 0.00034951691381424115]
[1716, 0.00034951691381424115]
[1717, 0.00034951691381424115]
[1718, 0.00034951691381424115]
[1719, 0.00034951691381424115]
[1720, 0.00034951691381424115]
[1721, 0.00034951691381424115]
[1722, 0.00034951691381424115]
[1723, 0.00034951691381424115]
[1728, 0.00034951691381424115]
[1729, 0.00034951691381424115]
[1730, 0.00034951691381424115]
[1731, 0.00034951691381424115]
[1732, 0.00034951691381424115]
[1733, 0.00034951691381424115]
[1734, 0.00034951691381424115]
[1735, 0.00034951691381424115]
[1736, 0.00034951691381424115]
[1737, 0.00034951691381424115]
[1738, 0.00034951691381424115]
[1739, 0.00034951691381424115]
[1740, 0.00034951691381424115]
[1741, 0.00034951691381424115]
[1742, 0.00034951691381424115]
[1743, 0.00034951691381424115]
[1744, 0.00034951691381424115]
[1745, 0.00034951691381424115]
[1746, 0.00034951691381424115]
[1747, 0.00034951691381424115]
[1748, 0.00034951691381424115]
[1749, 0.00034951691381424115]
[1750, 0.00034951691381424115]
[1751, 0.00034951691381424115]
[1752, 0.00034951691381424115]
[1753, 0.00034951691381424115]
[1754, 0.00034951691381424115]
[1755, 0.00034951691381424115]
[1756, 0.00034951691381424115]
[1757, 0.00034951691381424115]
[1758, 0.00034951691381424115]
[1759, 0.00034951691381424115]
[1760, 0.00034951691381424115]
[1761, 0.00034951691381424115]
[1762, 0.00034951691381424115]
[1763, 0.00034951691381424115]
[1764, 0.00034951691381424115]
[1765, 0.00034951691381424115]
[1766, 0.00034951691381424115]
[1767, 0.00034951691381424115]
[1776, 0.00034951691381424115]
[1777, 0.00034951691381424115]
[1778, 0.00034951691381424115]
[1779, 0.00034951691381424115]
[1788, 0.00034951691381424115]
[1789, 0.00034951691381424115]
[1790, 0.00034951691381424115]
[1791, 0.00034951691381424115]
[1800, 0.00034951691381424115]
[1801, 0.00034951691381424115]
[1802, 0.00034951691381424115]
[1803, 0.00034951691381424115]
[1812, 0.00034951691381424115]
[1813, 0.00034951691381424115]
[1814, 0.00034951691381424115]
[1815, 0.00034951691381424115]
[1824, 0.00034951691381424115]
[1825, 0.00034951691381424115]
[1826, 0.00034951691381424115]
[1827, 0.00034951691381424115]
[1828, 0.00034951691381424115]
[1829, 0.00034951691381424115]
[1830, 0.00034951691381424115]
[1831, 0.00034951691381424115]
[1832, 0.00034951691381424115]
[1833, 0.00034951691381424115]
[1834, 0.00034951691381424115]
[1835, 0.00034951691381424115]
[1836, 0.00034951691381424115]
[1837, 0.00034951691381424115]
[1838, 0.00034951691381424115]
[1839, 0.00034951691381424115]
[1840, 0.00034951691381424115]
[1841, 0.00034951691381424115]
[1842, 0.00034951691381424115]
[1843, 0.00034951691381424115]
[1844, 0.00034951691381424115]
[1845, 0.00034951691381424115]
[1846, 0.00034951691381424115]
[1847, 0.00034951691381424115]
[1848, 0.00034951691381424115]
[1849, 0.00034951691381424115]
[1850, 0.00034951691381424115]
[1851, 0.00034951691381424115]
[1860, 0.00034951691381424115]
[1861, 0.00034951691381424115]
[1862, 0.00034951691381424115]
[1863, 0.00034951691381424115]
[1872, 0.00034951691381424115]
[1873, 0.00034951691381424115]
[1874, 0.00034951691381424115]
[1875, 0.00034951691381424115]
[1884, 0.00034951691381424115]
[1885, 0.00034951691381424115]
[1886, 0.00034951691381424115]
[1887, 0.00034951691381424115]
[1896, 0.00034951691381424115]
[1897, 0.00034951691381424115]
[1898, 0.00034951691381424115]
[1899, 0.00034951691381424115]
[1908, 0.00034951691381424115]
[1909, 0.00034951691381424115]
[1910, 0.00034951691381424115]
[1911, 0.00034951691381424115]
[1920, 0.00034951691381424115]
[1921, 0.00034951691381424115]
[1922, 0.00034951691381424115]
[1923, 0.00034951691381424115]
[1924, 0.00034951691381424115]
[1925, 0.00034951691381424115]
[1926, 0.00034951691381424115]
[1927, 0.00034951691381424115]
[1928, 0.00034951691381424115]
[1929, 0.00034951691381424115]
[1930, 0.00034951691381424115]
[1931, 0.00034951691381424115]
[1932, 0.00034951691381424115]
[1933, 0.00034951691381424115]
[1934, 0.00034951691381424115]
[1935, 0.00034951691381424115]
[1944, 0.00034951691381424115]
[1945, 0.00034951691381424115]
[1946, 0.00034951691381424115]
[1947, 0.00034951691381424115]
[1956, 0.00034951691381424115]
[1957, 0.00034951691381424115]
[1958, 0.00034951691381424115]
[1959, 0.00034951691381424115]
[1968, 0.00034951691381424115]
[1969, 0.00034951691381424115]
[1970, 0.00034951691381424115]
[1971, 0.00034951691381424115]
[1980, 0.00034951691381424115]
[1981, 0.00034951691381424115]
[1982, 0.00034951691381424115]
[1983, 0.00034951691381424115]
[1992, 0.00034951691381424115]
[1993, 0.00034951691381424115]
[1994, 0.00034951691381424115]
[1995, 0.00034951691381424115]
[2004, 0.00034951691381424115]
[2005, 0.00034951691381424115]
[2006, 0.00034951691381424115]
[2007, 0.00034951691381424115]
[2016, 0.00034951691381424115]
[2017, 0.00034951691381424115]
[2018, 0.00034951691381424115]
[2019, 0.00034951691381424115]
[2028, 0.00034951691381424115]
[2029, 0.00034951691381424115]
[2030, 0.00034951691381424115]
[2031, 0.00034951691381424115]
[2040, 0.00034951691381424115]
[2041, 0.00034951691381424115]
[2042, 0.00034951691381424115]
[2043, 0.00034951691381424115]
[2052, 0.00034951691381424115]
[2053, 0.00034951691381424115]
[2054, 0.00034951691381424115]
[2055, 0.00034951691381424115]
[2064, 0.00034951691381424115]
[2065, 0.00034951691381424115]
[2066, 0.00034951691381424115]
[2067, 0.00034951691381424115]
[2076, 0.00034951691381424115]
[2077, 0.00034951691381424115]
[2078, 0.00034951691381424115]
[2079, 0.00034951691381424115]
[2088, 0.00034951691381424115]
[2089, 0.00034951691381424115]
[2090, 0.00034951691381424115]
[2091, 0.00034951691381424115]
[2100, 0.00034951691381424115]
[2101, 0.00034951691381424115]
[2102, 0.00034951691381424115]
[2103, 0.00034951691381424115]
[2112, 0.00034951691381424115]
[2113, 0.00034951691381424115]
[2114, 0.00034951691381424115]
[2115, 0.00034951691381424115]
[2116, 0.00034951691381424115]
[2117, 0.00034951691381424115]
[2118, 0.00034951691381424115]
[2119, 0.00034951691381424115]
[2120, 0.00034951691381424115]
[2121, 0.00034951691381424115]
[2122, 0.00034951691381424115]
[2123, 0.00034951691381424115]
[2124, 0.00034951691381424115]
[2125, 0.00034951691381424115]
[2126, 0.00034951691381424115]
[2127, 0.00034951691381424115]
[2128, 0.00034951691381424115]
[2129, 0.00034951691381424115]
[2130, 0.00034951691381424115]
[2131, 0.00034951691381424115]
[2132, 0.00034951691381424115]
[2133, 0.00034951691381424115]
[2134, 0.00034951691381424115]
[2135, 0.00034951691381424115]
[2136, 0.00034951691381424115]
[2137, 0.00034951691381424115]
[2138, 0.00034951691381424115]
[2139, 0.00034951691381424115]
[2140, 0.00034951691381424115]
[2141, 0.00034951691381424115]
[2142, 0.00034951691381424115]
[2143, 0.00034951691381424115]
[2144, 0.00034951691381424115]
[2145, 0.00034951691381424115]
[2146, 0.00034951691381424115]
[2147, 0.00034951691381424115]
[2148, 0.00034951691381424115]
[2149, 0.00034951691381424115]
[2150, 0.00034951691381424115]
[2151, 0.00034951691381424115]
[2152, 0.00034951691381424115]
[2153, 0.00034951691381424115]
[2154, 0.00034951691381424115]
[2155, 0.00034951691381424115]
[2156, 0.00034951691381424115]
[2157, 0.00034951691381424115]
[2158, 0.00034951691381424115]
[2159, 0.00034951691381424115]
[2160, 0.00034951691381424115]
[2161, 0.00034951691381424115]
[2162, 0.00034951691381424115]
[2163, 0.00034951691381424115]
[2172, 0.00034951691381424115]
[2173, 0.00034951691381424115]
[2174, 0.00034951691381424115]
[2175, 0.00034951691381424115]
[2184, 0.00034951691381424115]
[2185, 0.00034951691381424115]
[2186, 0.00034951691381424115]
[2187, 0.00034951691381424115]
[2196, 0.00034951691381424115]
[2197, 0.00034951691381424115]
[2198, 0.00034951691381424115]
[2199, 0.00034951691381424115]
[2208, 0.00034951691381424115]
[2209, 0.00034951691381424115]
[2210, 0.00034951691381424115]
[2211, 0.00034951691381424115]
[2212, 0.00034951691381424115]
[2213, 0.00034951691381424115]
[2214, 0.00034951691381424115]
[2215, 0.00034951691381424115]
[2216, 0.00034951691381424115]
[2217, 0.00034951691381424115]
[2218, 0.00034951691381424115]
[2219, 0.00034951691381424115]
[2220, 0.00034951691381424115]
[2221, 0.00034951691381424115]
[2222, 0.00034951691381424115]
[2223, 0.00034951691381424115]
[2224, 0.00034951691381424115]
[2225, 0.00034951691381424115]
[2226, 0.00034951691381424115]
[2227, 0.00034951691381424115]
[2228, 0.00034951691381424115]
[2229, 0.00034951691381424115]
[2230, 0.00034951691381424115]
[2231, 0.00034951691381424115]
[2232, 0.00034951691381424115]
[2233, 0.00034951691381424115]
[2234, 0.00034951691381424115]
[2235, 0.00034951691381424115]
[2236, 0.00034951691381424115]
[2237, 0.00034951691381424115]
[2238, 0.00034951691381424115]
[2239, 0.00034951691381424115]
[2240, 0.00034951691381424115]
[2241, 0.00034951691381424115]
[2242, 0.00034951691381424115]
[2243, 0.00034951691381424115]
[2244, 0.00034951691381424115]
[2245, 0.00034951691381424115]
[2246, 0.00034951691381424115]
[2247, 0.00034951691381424115]
[2256, 0.00034951691381424115]
[2257, 0.00034951691381424115]
[2258, 0.00034951691381424115]
[2259, 0.00034951691381424115]
[2268, 0.00034951691381424115]
[2269, 0.00034951691381424115]
[2270, 0.00034951691381424115]
[2271, 0.00034951691381424115]
[2280, 0.00034951691381424115]
[2281, 0.00034951691381424115]
[2282, 0.00034951691381424115]
[2283, 0.00034951691381424115]
[2292, 0.00034951691381424115]
[2293, 0.00034951691381424115]
[2294, 0.00034951691381424115]
[2295, 0.00034951691381424115]
[2304, 0.00034951691381424115]
[2305, 0.00034951691381424115]
[2306, 0.00034951691381424115]
[2307, 0.00034951691381424115]
[2308, 0.00034951691381424115]
[2309, 0.00034951691381424115]
[2310, 0.00034951691381424115]
[2311, 0.00034951691381424115]
[2312, 0.00034951691381424115]
[2313, 0.00034951691381424115]
[2314, 0.00034951691381424115]
[2315, 0.00034951691381424115]
[2316, 0.00034951691381424115]
[2317, 0.00034951691381424115]
[2318, 0.00034951691381424115]
[2319, 0.00034951691381424115]
[2320, 0.00034951691381424115]
[2321, 0.00034951691381424115]
[2322, 0.00034951691381424115]
[2323, 0.00034951691381424115]
[2324, 0.00034951691381424115]
[2325, 0.00034951691381424115]
[2326, 0.00034951691381424115]
[2327, 0.00034951691381424115]
[2328, 0.00034951691381424115]
[2329, 0.00034951691381424115]
[2330, 0.00034951691381424115]
[2331, 0.00034951691381424115]
[2332, 0.00034951691381424115]
[2333, 0.00034951691381424115]
[2334, 0.00034951691381424115]
[2335, 0.00034951691381424115]
[2336, 0.00034951691381424115]
[2337, 0.00034951691381424115]
[2338, 0.00034951691381424115]
[2339, 0.00034951691381424115]
[2400, 0.00034951691381424115]
[2401, 0.00034951691381424115]
[2402, 0.00034951691381424115]
[2403, 0.00034951691381424115]
[2404, 0.00034951691381424115]
[2405, 0.00034951691381424115]
[2406, 0.00034951691381424115]
[2407, 0.00034951691381424115]
[2408, 0.00034951691381424115]
[2409, 0.00034951691381424115]
[2410, 0.00034951691381424115]
[2411, 0.00034951691381424115]
[2412, 0.00034951691381424115]
[2413, 0.00034951691381424115]
[2414, 0.00034951691381424115]
[2415, 0.00034951691381424115]
[2416, 0.00034951691381424115]
[2417, 0.00034951691381424115]
[2418, 0.00034951691381424115]
[2419, 0.00034951691381424115]
[2420, 0.00034951691381424115]
[2421, 0.00034951691381424115]
[2422, 0.00034951691381424115]
[2423, 0.00034951691381424115]
[2496, 0.00034951691381424115]
[2497, 0.00034951691381424115]
[2498, 0.00034951691381424115]
[2499, 0.00034951691381424115]
[2500, 0.00034951691381424115]
[2501, 0.00034951691381424115]
[2502, 0.00034951691381424115]
[2503, 0.00034951691381424115]
[2504, 0.00034951691381424115]
[2505, 0.00034951691381424115]
[2506, 0.00034951691381424115]
[2507, 0.00034951691381424115]
[2688, 0.00034951691381424115]
[2689, 0.00034951691381424115]
[2690, 0.00034951691381424115]
[2691, 0.00034951691381424115]
[2692, 0.00034951691381424115]
[2693, 0.00034951691381424115]
[2694, 0.00034951691381424115]
[2695, 0.00034951691381424115]
[2696, 0.00034951691381424115]
[2697, 0.00034951691381424115]
[2698, 0.00034951691381424115]
[2699, 0.00034951691381424115]
[2700, 0.00034951691381424115]
[2701, 0.00034951691381424115]
[2702, 0.00034951691381424115]
[2703, 0.00034951691381424115]
[2704, 0.00034951691381424115]
[2705, 0.00034951691381424115]
[2706, 0.00034951691381424115]
[2707, 0.00034951691381424115]
[2708, 0.00034951691381424115]
[2709, 0.00034951691381424115]
[2710, 0.00034951691381424115]
[2711, 0.00034951691381424115]
[2712, 0.00034951691381424115]
[2713, 0.00034951691381424115]
[2714, 0.00034951691381424115]
[2715, 0.00034951691381424115]
[2716, 0.00034951691381424115]
[2717, 0.00034951691381424115]
[2718, 0.00034951691381424115]
[2719, 0.00034951691381424115]
[2720, 0.00034951691381424115]
[2721, 0.00034951691381424115]
[2722, 0.00034951691381424115]
[2723, 0.00034951691381424115]
[2724, 0.00034951691381424115]
[2725, 0.00034951691381424115]
[2726, 0.00034951691381424115]
[2727, 0.00034951691381424115]
[2728, 0.00034951691381424115]
[2729, 0.00034951691381424115]
[2730, 0.00034951691381424115]
[2731, 0.00034951691381424115]
[2732, 0.00034951691381424115]
[2733, 0.00034951691381424115]
[2734, 0.00034951691381424115]
[2735, 0.00034951691381424115]
[2736, 0.00034951691381424115]
[2737, 0.00034951691381424115]
[2738, 0.00034951691381424115]
[2739, 0.00034951691381424115]
[2748, 0.00034951691381424115]
[2749, 0.00034951691381424115]
[2750, 0.00034951691381424115]
[2751, 0.00034951691381424115]
[2760, 0.00034951691381424115]
[2761, 0.00034951691381424115]
[2762, 0.00034951691381424115]
[2763, 0.00034951691381424115]
[2772, 0.00034951691381424115]
[2773, 0.00034951691381424115]
[2774, 0.00034951691381424115]
[2775, 0.00034951691381424115]
[2784, 0.00034951691381424115]
[2785, 0.00034951691381424115]
[2786, 0.00034951691381424115]
[2787, 0.00034951691381424115]
[2788, 0.00034951691381424115]
[2789, 0.00034951691381424115]
[2790, 0.00034951691381424115]
[2791, 0.00034951691381424115]
[2792, 0.00034951691381424115]
[2793, 0.00034951691381424115]
[2794, 0.00034951691381424115]
[2795, 0.00034951691381424115]
[2796, 0.00034951691381424115]
[2797, 0.00034951691381424115]
[2798, 0.00034951691381424115]
[2799, 0.00034951691381424115]
[2800, 0.00034951691381424115]
[2801, 0.00034951691381424115]
[2802, 0.00034951691381424115]
[2803, 0.00034951691381424115]
[2804, 0.00034951691381424115]
[2805, 0.00034951691381424115]
[2806, 0.00034951691381424115]
[2807, 0.00034951691381424115]
[2808, 0.00034951691381424115]
[2809, 0.00034951691381424115]
[2810, 0.00034951691381424115]
[2811, 0.00034951691381424115]
[2812, 0.00034951691381424115]
[2813, 0.00034951691381424115]
[2814, 0.00034951691381424115]
[2815, 0.00034951691381424115]
[2816, 0.00034951691381424115]
[2817, 0.00034951691381424115]
[2818, 0.00034951691381424115]
[2819, 0.00034951691381424115]
[2820, 0.00034951691381424115]
[2821, 0.00034951691381424115]
[2822, 0.00034951691381424115]
[2823, 0.00034951691381424115]
[2832, 0.00034951691381424115]
[2833, 0.00034951691381424115]
[2834, 0.00034951691381424115]
[2835, 0.00034951691381424115]
[2844, 0.00034951691381424115]
[2845, 0.00034951691381424115]
[2846, 0.00034951691381424115]
[2847, 0.00034951691381424115]
[2856, 0.00034951691381424115]
[2857, 0.00034951691381424115]
[2858, 0.00034951691381424115]
[2859, 0.00034951691381424115]
[2868, 0.00034951691381424115]
[2869, 0.00034951691381424115]
[2870, 0.00034951691381424115]
[2871, 0.00034951691381424115]
