[186, 0]
[270, 0]
[282, 0]
[442, 0]
[641, 0]
[665, 0]
[725, 0]
[809, 0]
[945, 0]
[957, 0]
[354, 1.303194928449995e-11]
[366, 1.3036445249762114e-11]
[378, 1.3040944318264028e-11]
[438, 1.3045446493221834e-11]
[454, 1.3049951777852993e-11]
[466, 1.3054460175382125e-11]
[478, 1.305897168903565e-11]
[526, 1.3063486322044834e-11]
[538, 1.3068004077647461e-11]
[550, 1.307252495908299e-11]
[562, 1.3077048969597087e-11]
[574, 1.3081576112438787e-11]
[726, 1.3086106390864796e-11]
[821, 1.3641765849795146e-11]
[1385, 1.3646492386097083e-11]
[653, 1.4238306196244534e-11]
[749, 1.4243241733929086e-11]
[761, 1.4248180694481528e-11]
[814, 1.4253123081466738e-11]
[833, 1.4258068898449344e-11]
[845, 1.4263018149002323e-11]
[857, 1.4267970836704562e-11]
[669, 1.8756045746314718e-11]
[633, 5.254467694389453e-11]
[810, 5.2562761140351846e-11]
[905, 5.258085778905299e-11]
[737, 5.4813428130173986e-11]
[909, 5.4832304457174535e-11]
[917, 5.4846570729181295e-11]
[929, 5.486546989383544e-11]
[941, 5.488438208756974e-11]
[953, 5.490330732387139e-11]
[921, 5.7284234341099373e-11]
[933, 5.730084112605585e-11]
[1397, 5.732061001896666e-11]
[1409, 5.7340392557149905e-11]
[1421, 5.736018875472918e-11]
[1433, 5.737999862584966e-11]
[1229, 6.261543186684397e-11]
[1313, 6.263705071639587e-11]
[1325, 6.265868449946297e-11]
[1337, 6.268033323152875e-11]
[753, 7.197937359437002e-11]
[765, 7.2004219430494e-11]
[717, 1.190687697059255e-10]
[1205, 1.191096115420252e-10]
[70, 1.241668274465106e-10]
[642, 1.2420941915865173e-10]
[654, 1.2959563957120473e-10]
[94, 1.3533791910853635e-10]
[1217, 1.353843253399296e-10]
[1301, 1.3543076340665253e-10]
[1241, 1.4156538243578624e-10]
[849, 1.4812412225961822e-10]
[861, 1.4817490456301273e-10]
[741, 1.552001503448585e-10]
[657, 1.6273442819898451e-10]
[154, 2.1262429789584935e-10]
[238, 2.1269678480478778e-10]
[534, 2.1276932115407107e-10]
[546, 2.1284190699425312e-10]
[558, 2.1291454237601743e-10]
[570, 2.1298722735009694e-10]
[1289, 2.1305996196729602e-10]
[1481, 2.1313274627849394e-10]
[1493, 2.1320558033464493e-10]
[1505, 2.1327846418675182e-10]
[1517, 2.1335139788588207e-10]
[1529, 2.134243814832179e-10]
[166, 2.224858719608132e-10]
[250, 2.2256196485829716e-10]
[738, 2.2263810982259574e-10]
[822, 2.2271430690716463e-10]
[1386, 2.227905561655616e-10]
[82, 2.3245151775142806e-10]
[178, 2.3253108150954816e-10]
[762, 2.3261069975221254e-10]
[190, 2.429173927396956e-10]
[826, 2.5400760329982265e-10]
[645, 2.6577561651411874e-10]
[837, 2.658664972362254e-10]
[522, 3.3507824284490105e-10]
[906, 3.3519223090514866e-10]
[346, 3.4942305766919234e-10]
[262, 3.6457437578364725e-10]
[1398, 3.648221893397768e-10]
[274, 3.8098607761567753e-10]
[750, 3.821617251500025e-06]
[666, 3.904580036639577e-06]
[729, 1.9955810907406627e-05]
[646, 2.0409352064393156e-05]
[334, 2.1992118142856282e-05]
[846, 2.292795295744592e-05]
[858, 2.292795295744592e-05]
[825, 2.394697308888795e-05]
[1230, 2.394697308888795e-05]
[1314, 2.394697308888795e-05]
[1206, 2.5657471166665662e-05]
[1482, 2.5657471166665662e-05]
[1494, 2.5657471166665662e-05]
[1605, 2.5657471166665662e-05]
[1617, 2.5657471166665662e-05]
[1629, 2.5657471166665662e-05]
[658, 2.5657471166665696e-05]
[918, 2.61920018159712e-05]
[1410, 2.6749278450353576e-05]
[1218, 2.7330784503622144e-05]
[1326, 2.7938135270369276e-05]
[718, 2.9322824190475042e-05]
[1290, 2.9322824190475042e-05]
[1689, 2.9322824190475042e-05]
[1701, 2.9322824190475042e-05]
[1713, 2.9322824190475042e-05]
[1725, 2.9322824190475042e-05]
[2597, 2.9322824190475042e-05]
[179, 3.0570603943261226e-05]
[813, 3.0570603943261226e-05]
[834, 3.0570603943261226e-05]
[1302, 3.123518228985388e-05]
[634, 3.298817721428442e-05]
[1593, 3.298817721428442e-05]
[1677, 3.298817721428442e-05]
[2513, 3.298817721428442e-05]
[2741, 3.298817721428442e-05]
[2753, 3.298817721428442e-05]
[2765, 3.298817721428442e-05]
[2777, 3.298817721428442e-05]
[2825, 3.298817721428442e-05]
[2837, 3.298817721428442e-05]
[2849, 3.298817721428442e-05]
[2861, 3.298817721428442e-05]
[2873, 3.298817721428442e-05]
[910, 3.367543090624869e-05]
[1422, 3.439192943616888e-05]
[1434, 3.439192943616888e-05]
[670, 3.5044350861787295e-05]
[2459, 3.513958007608562e-05]
[2543, 3.513958007608562e-05]
[730, 3.592045963333193e-05]
[2555, 3.592045963333193e-05]
[1282, 3.6653530238093805e-05]
[2166, 3.6653530238093805e-05]
[838, 3.8097457186867206e-05]
[2375, 3.9043977862317357e-05]
[1242, 3.991162181481326e-05]
[1450, 4.031888326190319e-05]
[1594, 4.031888326190319e-05]
[2165, 4.031888326190319e-05]
[2177, 4.031888326190319e-05]
[2189, 4.031888326190319e-05]
[2201, 4.031888326190319e-05]
[2429, 4.031888326190319e-05]
[1294, 4.115885999652618e-05]
[286, 4.2948375648549094e-05]
[1366, 4.398423628571257e-05]
[1378, 4.398423628571257e-05]
[1462, 4.398423628571257e-05]
[2261, 4.398423628571257e-05]
[2273, 4.398423628571257e-05]
[2285, 4.398423628571257e-05]
[2297, 4.398423628571257e-05]
[2746, 4.398423628571257e-05]
[2843, 4.398423628571257e-05]
[2855, 4.398423628571257e-05]
[2867, 4.398423628571257e-05]
[2879, 4.398423628571257e-05]
[850, 4.626119801262447e-05]
[766, 4.7038697138887104e-05]
[2249, 4.7649589309521955e-05]
[167, 4.8642289086803676e-05]
[922, 4.96772314077995e-05]
[742, 5.071825695736237e-05]
[450, 5.131494233333134e-05]
[462, 5.131494233333134e-05]
[474, 5.131494233333134e-05]
[1858, 5.131494233333134e-05]
[2509, 5.131494233333134e-05]
[2593, 5.131494233333134e-05]
[2609, 5.131494233333134e-05]
[2745, 5.131494233333134e-05]
[2757, 5.131494233333134e-05]
[2769, 5.131494233333134e-05]
[2781, 5.131494233333134e-05]
[2831, 5.131494233333134e-05]
[2841, 5.131494233333134e-05]
[2853, 5.131494233333134e-05]
[2865, 5.131494233333134e-05]
[2877, 5.131494233333134e-05]
[862, 5.442493883838173e-05]
[2567, 5.489505458914516e-05]
[1854, 5.498029535714072e-05]
[2345, 5.498029535714072e-05]
[2350, 5.498029535714072e-05]
[2357, 5.498029535714072e-05]
[2441, 5.498029535714072e-05]
[2525, 5.498029535714072e-05]
[2601, 5.498029535714072e-05]
[2742, 5.498029535714072e-05]
[2829, 5.498029535714072e-05]
[1338, 5.587627054073855e-05]
[754, 5.666024882638674e-05]
[1774, 5.8645648380950104e-05]
[1866, 5.8645648380950104e-05]
[1870, 5.8645648380950104e-05]
[1942, 5.8645648380950104e-05]
[1950, 5.8645648380950104e-05]
[1954, 5.8645648380950104e-05]
[2022, 5.8645648380950104e-05]
[2026, 5.8645648380950104e-05]
[2341, 5.8645648380950104e-05]
[2425, 5.8645648380950104e-05]
[2621, 5.8645648380950104e-05]
[1222, 5.9867432722219874e-05]
[1306, 5.9867432722219874e-05]
[2170, 5.9867432722219915e-05]
[2669, 6.114120788652245e-05]
[2681, 6.114120788652245e-05]
[1198, 6.231100140475948e-05]
[1474, 6.231100140475948e-05]
[1770, 6.231100140475948e-05]
[1938, 6.231100140475948e-05]
[2034, 6.231100140475948e-05]
[2038, 6.231100140475948e-05]
[2426, 6.231100140475948e-05]
[2434, 6.231100140475948e-05]
[2594, 6.231100140475948e-05]
[2598, 6.231100140475948e-05]
[2602, 6.231100140475948e-05]
[2633, 6.231100140475948e-05]
[1246, 6.343097038425679e-05]
[71, 6.360914726735866e-05]
[2645, 6.360914726735866e-05]
[83, 6.49625333794301e-05]
[2657, 6.49625333794301e-05]
[269, 6.597635442856886e-05]
[281, 6.597635442856886e-05]
[2349, 6.597635442856886e-05]
[2362, 6.597635442856886e-05]
[2430, 6.597635442856886e-05]
[2446, 6.597635442856886e-05]
[2517, 6.597635442856886e-05]
[2518, 6.597635442856886e-05]
[1330, 6.721083923076664e-05]
[2579, 6.735086181249737e-05]
[185, 6.964170745237823e-05]
[353, 6.964170745237823e-05]
[365, 6.964170745237823e-05]
[377, 6.964170745237823e-05]
[1786, 6.964170745237823e-05]
[2050, 6.964170745237823e-05]
[2346, 6.964170745237823e-05]
[2433, 6.964170745237823e-05]
[2438, 6.964170745237823e-05]
[2442, 6.964170745237823e-05]
[2510, 6.964170745237823e-05]
[2514, 6.964170745237823e-05]
[2522, 6.964170745237823e-05]
[2526, 6.964170745237823e-05]
[2530, 6.964170745237823e-05]
[2606, 6.964170745237823e-05]
[2610, 6.964170745237823e-05]
[2614, 6.964170745237823e-05]
[2618, 6.964170745237823e-05]
[2622, 6.964170745237823e-05]
[2626, 6.964170745237823e-05]
[2471, 7.075242048989626e-05]
[1210, 7.109257635763615e-05]
[2591, 7.184091926666385e-05]
[1486, 7.260518436524541e-05]
[1782, 7.330706047618761e-05]
[1878, 7.330706047618761e-05]
[1962, 7.330706047618761e-05]
[2046, 7.330706047618761e-05]
[2353, 7.330706047618761e-05]
[2358, 7.330706047618761e-05]
[2437, 7.330706047618761e-05]
[2521, 7.330706047618761e-05]
[2534, 7.330706047618761e-05]
[2605, 7.330706047618761e-05]
[1342, 7.34088758379601e-05]
[251, 7.48342909027749e-05]
[2058, 7.48342909027749e-05]
[2062, 7.48342909027749e-05]
[1390, 7.51527346938505e-05]
[1917, 7.545790999363129e-05]
[1498, 7.577904274805906e-05]
[271, 7.697241349999699e-05]
[449, 7.697241349999699e-05]
[461, 7.697241349999699e-05]
[473, 7.697241349999699e-05]
[521, 7.697241349999699e-05]
[533, 7.697241349999699e-05]
[545, 7.697241349999699e-05]
[557, 7.697241349999699e-05]
[569, 7.697241349999699e-05]
[1794, 7.697241349999699e-05]
[2342, 7.697241349999699e-05]
[2354, 7.697241349999699e-05]
[2366, 7.697241349999699e-05]
[2474, 7.697241349999699e-05]
[2486, 7.697241349999699e-05]
[2603, 7.697241349999699e-05]
[2634, 7.697241349999699e-05]
[2642, 7.697241349999699e-05]
[1895, 7.697241349999708e-05]
[1883, 7.808795572463473e-05]
[2651, 7.857600544791365e-05]
[2074, 7.995584037984185e-05]
[2661, 8.024783535106072e-05]
[2673, 8.024783535106072e-05]
[2685, 8.024783535106072e-05]
[437, 8.063776652380636e-05]
[2378, 8.063776652380636e-05]
[2450, 8.063776652380636e-05]
[2462, 8.063776652380636e-05]
[2529, 8.063776652380636e-05]
[2546, 8.063776652380636e-05]
[2607, 8.063776652380636e-05]
[2613, 8.063776652380636e-05]
[2630, 8.063776652380636e-05]
[2747, 8.063776652380636e-05]
[2759, 8.063776652380636e-05]
[2771, 8.063776652380636e-05]
[2783, 8.063776652380636e-05]
[1811, 8.124865869444136e-05]
[1799, 8.199235351086646e-05]
[1880, 8.199235351086646e-05]
[2070, 8.299803172853215e-05]
[2387, 8.299803172853215e-05]
[2383, 8.381440581110783e-05]
[95, 8.394455240398233e-05]
[1247, 8.409948882407079e-05]
[2361, 8.430311954761574e-05]
[2363, 8.430311954761574e-05]
[2389, 8.430311954761574e-05]
[2473, 8.430311954761574e-05]
[2531, 8.430311954761574e-05]
[2545, 8.430311954761574e-05]
[2557, 8.430311954761574e-05]
[2615, 8.430311954761574e-05]
[2627, 8.430311954761574e-05]
[2641, 8.430311954761574e-05]
[1234, 8.56639687732578e-05]
[1318, 8.56639687732578e-05]
[1914, 8.56639687732578e-05]
[2649, 8.605943453819114e-05]
[1426, 8.743796094955796e-05]
[1438, 8.743796094955796e-05]
[2539, 8.784895019021404e-05]
[2365, 8.796847257142512e-05]
[2377, 8.796847257142512e-05]
[2445, 8.796847257142512e-05]
[2449, 8.796847257142512e-05]
[2461, 8.796847257142512e-05]
[2533, 8.796847257142512e-05]
[2625, 8.796847257142512e-05]
[2639, 8.796847257142512e-05]
[2456, 8.980114908332994e-05]
[2015, 8.995361283389576e-05]
[1818, 9.0870210381941e-05]
[1902, 9.0870210381941e-05]
[1979, 9.0870210381941e-05]
[1518, 9.163382559523449e-05]
[1530, 9.163382559523449e-05]
[2447, 9.163382559523449e-05]
[2485, 9.163382559523449e-05]
[2617, 9.163382559523449e-05]
[2629, 9.163382559523449e-05]
[2637, 9.163382559523449e-05]
[2638, 9.163382559523449e-05]
[2643, 9.163382559523449e-05]
[2551, 9.17967301740705e-05]
[2575, 9.193927168055205e-05]
[2495, 9.295206659502558e-05]
[1439, 9.29520665950256e-05]
[1816, 9.300833297916312e-05]
[2483, 9.491178358400716e-05]
[1414, 9.503431627932811e-05]
[2025, 9.529917861904387e-05]
[2519, 9.529917861904387e-05]
[2569, 9.529917861904387e-05]
[2581, 9.529917861904387e-05]
[2653, 9.529917861904387e-05]
[2665, 9.529917861904387e-05]
[2677, 9.529917861904387e-05]
[2537, 9.565774576267752e-05]
[2491, 9.621551687499633e-05]
[1402, 9.666303090697299e-05]
[2093, 9.725971628294196e-05]
[2105, 9.725971628294196e-05]
[942, 9.728457817360738e-05]
[954, 9.728457817360738e-05]
[2646, 9.728457817360738e-05]
[1900, 9.72845781736074e-05]
[1506, 9.896453164285325e-05]
[1941, 9.896453164285325e-05]
[2351, 9.896453164285325e-05]
[2390, 9.896453164285325e-05]
[2435, 9.896453164285325e-05]
[1999, 9.929232744173056e-05]
[2399, 9.929232744173056e-05]
[1967, 9.956214354890926e-05]
[2395, 0.00010083982853875578]
[2479, 0.00010083982853875578]
[643, 0.00010102629271874612]
[2059, 0.00010102629271874612]
[2081, 0.00010143651391472474]
[2563, 0.00010143651391472474]
[1319, 0.00010172596291824353]
[1773, 0.00010262988466666262]
[1857, 0.00010262988466666262]
[1869, 0.00010262988466666262]
[1953, 0.00010262988466666262]
[2037, 0.00010262988466666262]
[2580, 0.00010262988466666262]
[2595, 0.00010262988466666262]
[2619, 0.00010262988466666262]
[2631, 0.00010262988466666262]
[2652, 0.00010262988466666262]
[2827, 0.00010262988466666262]
[2839, 0.00010262988466666262]
[2851, 0.00010262988466666262]
[2863, 0.00010262988466666262]
[2875, 0.00010262988466666262]
[81, 0.00010317578830850665]
[2453, 0.000103466541335141]
[2467, 0.00010377021671851446]
[1991, 0.00010434038274444038]
[165, 0.00010476800726388487]
[1211, 0.00010476800726388487]
[1295, 0.00010476800726388487]
[2573, 0.0001047680072638849]
[2585, 0.0001047680072638849]
[93, 0.00010541874022825689]
[153, 0.000106295237690472]
[237, 0.000106295237690472]
[1785, 0.000106295237690472]
[2559, 0.000106295237690472]
[2628, 0.000106295237690472]
[1819, 0.00010690612986110704]
[177, 0.0001069971138014143]
[2663, 0.0001069971138014143]
[2675, 0.0001069971138014143]
[2687, 0.0001069971138014143]
[1331, 0.00010716394921794457]
[2369, 0.00010737093912137273]
[664, 0.00010737093912137275]
[1821, 0.00010758785010949663]
[2589, 0.00010776137889999577]
[1221, 0.0001077613788999958]
[1998, 0.0001080534151571774]
[2010, 0.0001080534151571774]
[69, 0.00010850972180902362]
[249, 0.00010850972180902362]
[930, 0.00010850972180902362]
[2489, 0.00010904425245832919]
[1343, 0.00010975695999073645]
[187, 0.00010996059071428137]
[333, 0.00010996059071428137]
[2475, 0.00010996059071428137]
[2511, 0.00010996059071428137]
[2523, 0.00010996059071428137]
[2535, 0.00010996059071428137]
[2493, 0.00011106984228727633]
[1808, 0.00011118237505555132]
[1903, 0.00011118237505555132]
[2371, 0.00011127533690760447]
[2455, 0.00011127533690760447]
[2538, 0.00011127533690760447]
[2061, 0.00011225143635416236]
[1235, 0.00011292068611020332]
[2069, 0.00011293174808964209]
[1300, 0.00011322753580072037]
[2262, 0.00011362594373809075]
[2274, 0.00011362594373809075]
[2286, 0.00011362594373809075]
[2298, 0.00011362594373809075]
[2439, 0.00011362594373809075]
[2547, 0.00011362594373809075]
[2556, 0.00011362594373809075]
[2743, 0.00011362594373809075]
[1904, 0.00011374812217221777]
[2561, 0.00011396690681007309]
[261, 0.00011463976478722961]
[655, 0.00011463976478722961]
[1882, 0.00011517973469383621]
[1966, 0.00011517973469383621]
[2542, 0.00011517973469383621]
[1809, 0.00011545862024999562]
[1893, 0.00011545862024999562]
[2001, 0.000115872450430103]
[345, 0.00011599315089930111]
[2644, 0.00011599315089930111]
[2577, 0.00011674149380832874]
[1905, 0.0001167414938083288]
[2564, 0.00011695033368991799]
[1804, 0.00011713193358695208]
[1881, 0.0001171319335869521]
[1965, 0.0001171319335869521]
[80, 0.0001171873151158347]
[2049, 0.00011729129676190013]
[2250, 0.00011729129676190013]
[2379, 0.00011729129676190013]
[2451, 0.00011729129676190013]
[2463, 0.00011729129676190013]
[2484, 0.00011729129676190013]
[2487, 0.00011729129676190013]
[2755, 0.00011729129676190013]
[2767, 0.00011729129676190013]
[2779, 0.00011729129676190013]
[1996, 0.00011730122996792672]
[1915, 0.00011730122996792675]
[2393, 0.00011814370444185588]
[2477, 0.00011814370444185588]
[1415, 0.00011847890531740027]
[1509, 0.00011866580414582881]
[1521, 0.00011866580414582881]
[1533, 0.00011866580414582881]
[1986, 0.00011866580414582881]
[1798, 0.00011908413248006795]
[1890, 0.00011908413248006795]
[2458, 0.00011908413248006795]
[2057, 0.00011973486544443986]
[2648, 0.00011973486544443986]
[2248, 0.0001209566497857095]
[2391, 0.0001209566497857095]
[2571, 0.0001209566497857095]
[2582, 0.0001209566497857095]
[2599, 0.0001209566497857095]
[1888, 0.00012103633137318381]
[189, 0.00012103633137318384]
[273, 0.00012103633137318384]
[285, 0.00012103633137318384]
[1797, 0.00012103633137318384]
[2000, 0.00012136114545047624]
[2011, 0.00012168177382565015]
[369, 0.0001222824157730449]
[381, 0.0001222824157730449]
[2672, 0.0001222824157730449]
[2684, 0.0001222824157730449]
[1496, 0.00012232050207363867]
[1427, 0.00012288578295613554]
[1806, 0.00012298853026629968]
[1974, 0.00012298853026629968]
[2370, 0.00012298853026629968]
[2454, 0.00012298853026629968]
[2397, 0.00012314195511155805]
[2060, 0.0001234765799895786]
[2003, 0.0001234956379583992]
[1305, 0.00012372602762592108]
[2071, 0.00012381673585731845]
[1892, 0.00012401111063888417]
[525, 0.00012462200280951888]
[537, 0.00012462200280951888]
[549, 0.00012462200280951888]
[561, 0.00012462200280951888]
[573, 0.00012462200280951888]
[2021, 0.00012462200280951888]
[2033, 0.00012462200280951888]
[2178, 0.00012462200280951888]
[2190, 0.00012462200280951888]
[2202, 0.00012462200280951888]
[2343, 0.00012462200280951888]
[2367, 0.00012462200280951888]
[2427, 0.00012462200280951888]
[2632, 0.00012462200280951888]
[2640, 0.00012462200280951888]
[2664, 0.00012462200280951888]
[2676, 0.00012462200280951888]
[263, 0.00012482996610165]
[1987, 0.00012508017193749524]
[2013, 0.00012532520296519033]
[2072, 0.0001259006143294525]
[357, 0.00012610374126595256]
[1388, 0.00012610374126595256]
[1391, 0.00012610374126595256]
[2572, 0.00012614923323610633]
[1497, 0.0001270939850813904]
[2168, 0.00012721829453471735]
[1403, 0.00012769067045735938]
[268, 0.00012828735583332826]
[441, 0.00012828735583332826]
[453, 0.00012828735583332826]
[465, 0.00012828735583332826]
[477, 0.00012828735583332826]
[1283, 0.00012828735583332826]
[1504, 0.00012828735583332826]
[2176, 0.00012828735583332826]
[2188, 0.00012828735583332826]
[2200, 0.00012828735583332826]
[2568, 0.00012828735583332826]
[2655, 0.00012828735583332826]
[2587, 0.00012828735583332845]
[652, 0.00012865129159455766]
[1907, 0.00012871498035277274]
[1972, 0.0001288451269456473]
[1216, 0.00012884512694564732]
[1989, 0.0001299978539111061]
[1820, 0.00013014659287439114]
[2488, 0.00013042547843055061]
[164, 0.0001309600090798561]
[820, 0.0001309600090798561]
[1384, 0.0001309600090798561]
[2267, 0.0001309600090798561]
[2279, 0.0001309600090798561]
[2291, 0.0001309600090798561]
[2303, 0.0001309600090798561]
[2549, 0.00013170835198888375]
[1199, 0.00013195270885713763]
[1676, 0.00013195270885713763]
[2431, 0.00013195270885713763]
[2667, 0.00013195270885713763]
[2679, 0.00013195270885713763]
[1976, 0.00013256360102777273]
[92, 0.000132749524731879]
[1807, 0.000132749524731879]
[1912, 0.00013287649701760994]
[2481, 0.00013433667830351786]
[736, 0.00013470172362499484]
[2183, 0.00013470172362499484]
[2195, 0.00013470172362499484]
[2207, 0.00013470172362499484]
[2374, 0.0001347017236249949]
[2541, 0.0001347017236249949]
[191, 0.00013470172362499492]
[1437, 0.00013548945300291865]
[1288, 0.000135618061880947]
[1379, 0.000135618061880947]
[2347, 0.000135618061880947]
[2355, 0.000135618061880947]
[2460, 0.000135618061880947]
[2472, 0.000135618061880947]
[2611, 0.000135618061880947]
[2623, 0.000135618061880947]
[1891, 0.00013665392251811074]
[1975, 0.00013665392251811074]
[748, 0.00013756771774467552]
[1396, 0.00013756771774467552]
[1977, 0.00013790890752082808]
[2373, 0.00013860612141122663]
[2457, 0.00013860612141122663]
[2565, 0.00013902769260076977]
[1823, 0.00013911224705018258]
[1280, 0.00013928341490475639]
[1367, 0.00013928341490475639]
[1516, 0.00013928341490475639]
[1528, 0.00013928341490475639]
[1604, 0.00013928341490475639]
[1616, 0.00013928341490475639]
[1628, 0.00013928341490475639]
[1780, 0.00013928341490475639]
[1784, 0.00013928341490475639]
[1852, 0.00013928341490475639]
[1937, 0.00013928341490475639]
[1949, 0.00013928341490475639]
[1963, 0.00013928341490475639]
[2023, 0.00013928341490475639]
[2359, 0.00013928341490475639]
[2544, 0.00013928341490475639]
[2381, 0.0001396906763518464]
[2465, 0.0001396906763518464]
[1916, 0.0001409379145335594]
[2476, 0.00014260780485658361]
[2560, 0.00014260780485658361]
[2085, 0.00014261103892366207]
[2097, 0.00014261103892366207]
[2109, 0.00014261103892366207]
[1451, 0.00014294876792856576]
[1463, 0.00014294876792856576]
[1483, 0.00014294876792856576]
[1769, 0.00014294876792856576]
[1853, 0.00014294876792856576]
[1865, 0.00014294876792856576]
[1867, 0.00014294876792856576]
[1939, 0.00014294876792856576]
[2035, 0.00014294876792856576]
[2045, 0.00014294876792856576]
[2047, 0.00014294876792856576]
[2515, 0.00014294876792856576]
[2636, 0.00014294876792856576]
[2830, 0.00014294876792856576]
[2095, 0.0001432044902325526]
[2107, 0.0001432044902325526]
[1307, 0.0001436818385333277]
[370, 0.00014393659356618828]
[382, 0.00014393659356618828]
[1389, 0.00014393659356618828]
[1810, 0.0001443232753124945]
[1894, 0.0001443232753124945]
[1978, 0.0001443232753124945]
[1400, 0.0001443978609844905]
[188, 0.00014446271809057427]
[2492, 0.00014494220553800595]
[1425, 0.000144942205538006]
[1997, 0.00014553140149547767]
[2009, 0.00014553140149547767]
[928, 0.00014592686726041108]
[2265, 0.00014592686726041108]
[2277, 0.00014592686726041108]
[2289, 0.00014592686726041108]
[2301, 0.00014592686726041108]
[184, 0.00014661412095237514]
[632, 0.00014661412095237514]
[727, 0.00014661412095237514]
[808, 0.00014661412095237514]
[1480, 0.00014661412095237514]
[1495, 0.00014661412095237514]
[1781, 0.00014661412095237514]
[1856, 0.00014661412095237514]
[1879, 0.00014661412095237514]
[1951, 0.00014661412095237514]
[1961, 0.00014661412095237514]
[2027, 0.00014661412095237514]
[2036, 0.00014661412095237514]
[2263, 0.00014661412095237514]
[2275, 0.00014661412095237514]
[2287, 0.00014661412095237514]
[2299, 0.00014661412095237514]
[2348, 0.00014661412095237514]
[2443, 0.00014661412095237514]
[2527, 0.00014661412095237514]
[2570, 0.00014661412095237514]
[2758, 0.00014661412095237514]
[2770, 0.00014661412095237514]
[2782, 0.00014661412095237514]
[2392, 0.0001467846024883664]
[2073, 0.00014678460248836644]
[358, 0.0001477579190590959]
[2083, 0.00014797797324030433]
[1964, 0.000148367115876806]
[2008, 0.00014845176406729315]
[812, 0.00014903169422339848]
[2169, 0.00014966858180554983]
[2181, 0.00014966858180554983]
[2193, 0.00014966858180554983]
[2205, 0.00014966858180554983]
[2253, 0.00014966858180554983]
[1460, 0.00015027947397618452]
[1475, 0.00015027947397618452]
[1688, 0.00015027947397618452]
[1690, 0.00015027947397618452]
[1700, 0.00015027947397618452]
[1702, 0.00015027947397618452]
[1712, 0.00015027947397618452]
[1714, 0.00015027947397618452]
[1724, 0.00015027947397618452]
[1726, 0.00015027947397618452]
[1771, 0.00015027947397618452]
[1877, 0.00015027947397618452]
[2039, 0.00015027947397618452]
[2051, 0.00015027947397618452]
[2167, 0.00015027947397618452]
[2251, 0.00015027947397618452]
[2260, 0.00015027947397618452]
[2272, 0.00015027947397618452]
[2284, 0.00015027947397618452]
[2296, 0.00015027947397618452]
[2532, 0.00015027947397618452]
[2583, 0.00015027947397618452]
[2604, 0.00015027947397618452]
[2666, 0.00015027947397618452]
[2678, 0.00015027947397618452]
[2744, 0.00015027947397618452]
[2842, 0.00015027947397618452]
[2854, 0.00015027947397618452]
[2866, 0.00015027947397618452]
[2878, 0.00015027947397618452]
[1988, 0.00015052383084443867]
[2385, 0.00015102920527650929]
[1485, 0.0001515792445520036]
[2550, 0.00015166416289629037]
[2584, 0.000151806704402772]
[1420, 0.00015285301971630614]
[911, 0.00015341029635068857]
[919, 0.00015341029635068857]
[2264, 0.00015341029635068857]
[2276, 0.00015341029635068857]
[2288, 0.00015341029635068857]
[2300, 0.00015341029635068857]
[155, 0.0001539448269999939]
[1448, 0.0001539448269999939]
[1472, 0.0001539448269999939]
[1768, 0.0001539448269999939]
[1772, 0.0001539448269999939]
[1795, 0.0001539448269999939]
[1871, 0.0001539448269999939]
[1955, 0.0001539448269999939]
[1960, 0.0001539448269999939]
[2032, 0.0001539448269999939]
[2352, 0.0001539448269999939]
[2360, 0.0001539448269999939]
[2388, 0.0001539448269999939]
[2635, 0.0001539448269999939]
[667, 0.0001542237125561536]
[2469, 0.0001551110756893879]
[2082, 0.000155138197751932]
[2094, 0.000155138197751932]
[2106, 0.000155138197751932]
[1484, 0.00015540057004491121]
[1341, 0.00015608294959721617]
[284, 0.00015617591144926948]
[356, 0.0001566743452092138]
[932, 0.0001566743452092138]
[2576, 0.00015715201089582716]
[1984, 0.00015715201089582735]
[2494, 0.00015754587558478912]
[152, 0.00015761018002380327]
[436, 0.00015761018002380327]
[439, 0.00015761018002380327]
[1197, 0.00015761018002380327]
[1281, 0.00015761018002380327]
[1519, 0.00015761018002380327]
[1531, 0.00015761018002380327]
[1783, 0.00015761018002380327]
[1793, 0.00015761018002380327]
[1855, 0.00015761018002380327]
[1943, 0.00015761018002380327]
[2020, 0.00015761018002380327]
[2344, 0.00015761018002380327]
[2356, 0.00015761018002380327]
[2364, 0.00015761018002380327]
[2428, 0.00015761018002380327]
[2432, 0.00015761018002380327]
[2436, 0.00015761018002380327]
[2512, 0.00015761018002380327]
[2740, 0.00015761018002380327]
[2826, 0.00015761018002380327]
[1985, 0.00015822107219443842]
[2466, 0.00015964648725925302]
[1228, 0.0001596464872592531]
[1413, 0.00015992558950970635]
[260, 0.00016049567070212145]
[368, 0.00016049567070212145]
[380, 0.00016049567070212145]
[920, 0.00016049567070212145]
[947, 0.00016049567070212145]
[959, 0.00016049567070212145]
[2396, 0.00016061994144985826]
[344, 0.00016089372544096607]
[1209, 0.00016089372544096607]
[239, 0.00016127553304761264]
[440, 0.00016127553304761264]
[1365, 0.00016127553304761264]
[1376, 0.00016127553304761264]
[1507, 0.00016127553304761264]
[1595, 0.00016127553304761264]
[1606, 0.00016127553304761264]
[1618, 0.00016127553304761264]
[1630, 0.00016127553304761264]
[1859, 0.00016127553304761264]
[1948, 0.00016127553304761264]
[1952, 0.00016127553304761264]
[2024, 0.00016127553304761264]
[2164, 0.00016127553304761264]
[2179, 0.00016127553304761264]
[2191, 0.00016127553304761264]
[2203, 0.00016127553304761264]
[2424, 0.00016127553304761264]
[2440, 0.00016127553304761264]
[2508, 0.00016127553304761264]
[2558, 0.00016127553304761264]
[2608, 0.00016127553304761264]
[2612, 0.00016127553304761264]
[2616, 0.00016127553304761264]
[2754, 0.00016127553304761264]
[2766, 0.00016127553304761264]
[2778, 0.00016127553304761264]
[1919, 0.00016151734453182242]
[2588, 0.00016164206834999362]
[1328, 0.00016205280125640396]
[767, 0.00016249731738888273]
[934, 0.00016304322103072652]
[1913, 0.00016305357692637129]
[839, 0.00016327481651514514]
[851, 0.00016327481651514514]
[863, 0.00016327481651514514]
[1499, 0.00016349179301549752]
[275, 0.00016398470702173293]
[371, 0.0001643169961950291]
[383, 0.0001643169961950291]
[935, 0.0001643169961950291]
[908, 0.0001646354399861048]
[931, 0.0001646354399861048]
[1208, 0.0001646354399861048]
[236, 0.00016494088607142202]
[335, 0.00016494088607142202]
[364, 0.00016494088607142202]
[367, 0.00016494088607142202]
[376, 0.00016494088607142202]
[379, 0.00016494088607142202]
[811, 0.00016494088607142202]
[1207, 0.00016494088607142202]
[1377, 0.00016494088607142202]
[1449, 0.00016494088607142202]
[1461, 0.00016494088607142202]
[1678, 0.00016494088607142202]
[1679, 0.00016494088607142202]
[1691, 0.00016494088607142202]
[1703, 0.00016494088607142202]
[1715, 0.00016494088607142202]
[1727, 0.00016494088607142202]
[1787, 0.00016494088607142202]
[2620, 0.00016494088607142202]
[2654, 0.00016494088607142202]
[2752, 0.00016494088607142202]
[2764, 0.00016494088607142202]
[2776, 0.00016494088607142202]
[2838, 0.00016494088607142202]
[2850, 0.00016494088607142202]
[2862, 0.00016494088607142202]
[2874, 0.00016494088607142202]
[671, 0.0001664606665934895]
[2084, 0.0001664606665934895]
[1244, 0.00016677356258332685]
[755, 0.000166773562583327]
[2660, 0.00016686454652363418]
[1487, 0.0001668645465236342]
[2068, 0.0001673566869280238]
[1906, 0.00016762881162221563]
[2553, 0.00016762881162221569]
[1220, 0.00016762881162221574]
[1240, 0.00016762881162221577]
[1312, 0.00016762881162221577]
[1324, 0.00016762881162221577]
[859, 0.00016813832168793675]
[1435, 0.00016813832168793675]
[943, 0.00016837715453124356]
[955, 0.00016837715453124356]
[1293, 0.00016837715453124356]
[2650, 0.00016837715453124356]
[332, 0.0001686062390952314]
[443, 0.0001686062390952314]
[455, 0.0001686062390952314]
[467, 0.0001686062390952314]
[479, 0.0001686062390952314]
[539, 0.0001686062390952314]
[551, 0.0001686062390952314]
[563, 0.0001686062390952314]
[575, 0.0001686062390952314]
[716, 0.0001686062390952314]
[1196, 0.0001686062390952314]
[1291, 0.0001686062390952314]
[1473, 0.0001686062390952314]
[1592, 0.0001686062390952314]
[2340, 0.0001686062390952314]
[2376, 0.0001686062390952314]
[2624, 0.0001686062390952314]
[1511, 0.00016891168518054912]
[1523, 0.00016891168518054912]
[1535, 0.00016891168518054912]
[656, 0.00016891168518054915]
[2480, 0.00016938102916530507]
[1317, 0.0001693810291653051]
[1973, 0.00016984130370108048]
[751, 0.00017068587201654186]
[2398, 0.0001713279375465155]
[2382, 0.00017161997380369697]
[2554, 0.00017161997380369697]
[824, 0.0001716199738036971]
[760, 0.0001719596471808444]
[2658, 0.0001719596471808444]
[2670, 0.0001719596471808444]
[2674, 0.0001719596471808444]
[2682, 0.0001719596471808444]
[2686, 0.0001719596471808444]
[940, 0.0001721188690763823]
[952, 0.0001721188690763823]
[355, 0.00017227159211904077]
[527, 0.00017227159211904077]
[719, 0.00017227159211904077]
[907, 0.00017227159211904077]
[1607, 0.00017227159211904077]
[1619, 0.00017227159211904077]
[1631, 0.00017227159211904077]
[1936, 0.00017227159211904077]
[2044, 0.00017227159211904077]
[2048, 0.00017227159211904077]
[2516, 0.00017227159211904077]
[2528, 0.00017227159211904077]
[2600, 0.00017227159211904077]
[2840, 0.00017227159211904077]
[2852, 0.00017227159211904077]
[2864, 0.00017227159211904077]
[2876, 0.00017227159211904077]
[1232, 0.00017230139173712058]
[860, 0.00017279918081186202]
[1401, 0.00017303875903100106]
[2014, 0.00017350374814402265]
[1889, 0.00017374570148731222]
[1990, 0.00017447080393332657]
[2668, 0.00017450719750944948]
[2680, 0.00017450719750944948]
[946, 0.0001745071975094495]
[958, 0.0001745071975094495]
[2490, 0.00017532605297221554]
[647, 0.000175520427753781]
[2464, 0.0001756111359851784]
[2002, 0.0001756382406519456]
[2098, 0.0001757084814042389]
[2110, 0.0001757084814042389]
[2482, 0.0001757084814042389]
[359, 0.00017578097267375206]
[2662, 0.00017578097267375206]
[2647, 0.00017586058362152105]
[1329, 0.00017586836265383928]
[352, 0.00017593694514285015]
[448, 0.00017593694514285015]
[460, 0.00017593694514285015]
[472, 0.00017593694514285015]
[535, 0.00017593694514285015]
[547, 0.00017593694514285015]
[559, 0.00017593694514285015]
[571, 0.00017593694514285015]
[635, 0.00017593694514285015]
[904, 0.00017593694514285015]
[1204, 0.00017593694514285015]
[1364, 0.00017593694514285015]
[1492, 0.00017593694514285015]
[1792, 0.00017593694514285015]
[1864, 0.00017593694514285015]
[1868, 0.00017593694514285015]
[1876, 0.00017593694514285015]
[2448, 0.00017593694514285015]
[2520, 0.00017593694514285015]
[2756, 0.00017593694514285015]
[2768, 0.00017593694514285015]
[2780, 0.00017593694514285015]
[2824, 0.00017593694514285015]
[2828, 0.00017593694514285015]
[2012, 0.0001762480956542093]
[1522, 0.0001774641755694377]
[1534, 0.0001774641755694377]
[287, 0.00017765009927354404]
[2394, 0.00017781224203875277]
[1233, 0.0001786288439760545]
[1340, 0.00017888959063425234]
[280, 0.00017960229816665953]
[283, 0.00017960229816665953]
[451, 0.00017960229816665953]
[452, 0.00017960229816665953]
[463, 0.00017960229816665953]
[464, 0.00017960229816665953]
[475, 0.00017960229816665953]
[476, 0.00017960229816665953]
[520, 0.00017960229816665953]
[523, 0.00017960229816665953]
[524, 0.00017960229816665953]
[532, 0.00017960229816665953]
[536, 0.00017960229816665953]
[544, 0.00017960229816665953]
[548, 0.00017960229816665953]
[556, 0.00017960229816665953]
[560, 0.00017960229816665953]
[568, 0.00017960229816665953]
[572, 0.00017960229816665953]
[724, 0.00017960229816665953]
[1775, 0.00017960229816665953]
[1940, 0.00017960229816665953]
[2444, 0.00017960229816665953]
[2524, 0.00017960229816665953]
[2592, 0.00017960229816665953]
[2596, 0.00017960229816665953]
[2836, 0.00017960229816665953]
[2848, 0.00017960229816665953]
[2860, 0.00017960229816665953]
[2872, 0.00017960229816665953]
[1223, 0.00017960229816665974]
[1901, 0.00017960229816665983]
[659, 0.00017960229816665985]
[1412, 0.00018085825829369933]
[2478, 0.0001813923542945666]
[1510, 0.000181740420763882]
[1424, 0.00018275321567835537]
[1336, 0.00018359346034814102]
[1817, 0.0001838785433611041]
[2086, 0.00018446956911968572]
[1245, 0.00018459125089351138]
[1316, 0.0001849562962149883]
[2386, 0.00018504479205049787]
[2075, 0.0001855691519263493]
[2671, 0.00018597117398817247]
[2683, 0.00018597117398817247]
[2087, 0.00018690320459619866]
[2266, 0.0001870857272569373]
[2278, 0.0001870857272569373]
[2290, 0.0001870857272569373]
[2302, 0.0001870857272569373]
[2562, 0.0001885525788061942]
[2566, 0.0001885525788061942]
[2468, 0.00018912666246337627]
[1805, 0.00018936329263223917]
[1432, 0.0001897924994810801]
[176, 0.00018979249948108013]
[640, 0.00019082744180207604]
[2099, 0.00019128374845392207]
[2111, 0.00019128374845392207]
[2380, 0.00019157578471110375]
[1918, 0.00019269829907464527]
[743, 0.00019272937643797694]
[848, 0.00019320853287625505]
[836, 0.0001932085328762551]
[2092, 0.00019332606181394598]
[2104, 0.00019332606181394598]
[2659, 0.00019361382497398778]
[2056, 0.00019456915634721478]
[2255, 0.00019456915634721478]
[2548, 0.00019556694689258508]
[2552, 0.00019556694689258508]
[2470, 0.00019592977981817424]
[2536, 0.00019717208820470267]
[844, 0.0001974351504668954]
[835, 0.00019743515046689544]
[68, 0.00019831087089235353]
[2171, 0.00019831087089235353]
[827, 0.00019955810907406642]
[2368, 0.0002010764859909344]
[763, 0.0002012564759598031]
[847, 0.0002012564759598031]
[1408, 0.0002012564759598031]
[2182, 0.00020205258543749228]
[2194, 0.00020205258543749228]
[2206, 0.00020205258543749228]
[728, 0.00020354927125554767]
[1243, 0.00020354927125554773]
[1339, 0.00020354927125554773]
[1822, 0.0002036071141857142]
[2096, 0.00020442538002709234]
[2108, 0.00020442538002709234]
[2540, 0.00020498088377716615]
[2586, 0.00020525976933332551]
[2254, 0.00020579429998263102]
[1436, 0.00020638509701607373]
[1508, 0.00020846695322915875]
[2384, 0.00020953601452776936]
[248, 0.00020953601452776977]
[752, 0.0002095360145277698]
[740, 0.00021062993771704599]
[2590, 0.000211032700345825]
[2578, 0.00021103270034582506]
[668, 0.0002117262864566313]
[2080, 0.000211823308468984]
[1423, 0.00021272045243852605]
[1520, 0.00021274319842360303]
[1532, 0.00021274319842360303]
[1796, 0.00021278967934962962]
[2063, 0.00021327772907290852]
[272, 0.0002147418782427455]
[856, 0.0002152680027671311]
[1304, 0.00021552275779999165]
[923, 0.0002165417779314337]
[2372, 0.00021669407713586136]
[1219, 0.0002166940771358614]
[1303, 0.0002166940771358614]
[644, 0.00021769975535352676]
[2574, 0.0002202266275138805]
[832, 0.00022036310342434133]
[944, 0.00022036310342434133]
[956, 0.00022036310342434133]
[1399, 0.00022036310342434136]
[2180, 0.000220761158163186]
[2192, 0.000220761158163186]
[2204, 0.000220761158163186]
[2252, 0.000220761158163186]
[815, 0.00022418442891724902]
[347, 0.00022450287270832475]
[2452, 0.00022450287270832484]
[1411, 0.00022800575441015667]
[2656, 0.00023055330473876174]
[731, 0.00023946973088887974]
[1231, 0.00023946973088887977]
[1327, 0.00023946973088887977]
[764, 0.00024053879218749084]
[916, 0.0002469531599791572]
[1292, 0.0002469531599791572]
[1387, 0.00025069487452429595]
[823, 0.000250694874524296]
[739, 0.0002581783036145735]
[1315, 0.000267407866159249]
[0, 0.0003592045963333197]
[1, 0.0003592045963333197]
[2, 0.0003592045963333197]
[3, 0.0003592045963333197]
[4, 0.0003592045963333197]
[5, 0.0003592045963333197]
[6, 0.0003592045963333197]
[7, 0.0003592045963333197]
[8, 0.0003592045963333197]
[9, 0.0003592045963333197]
[10, 0.0003592045963333197]
[11, 0.0003592045963333197]
[12, 0.0003592045963333197]
[13, 0.0003592045963333197]
[14, 0.0003592045963333197]
[15, 0.0003592045963333197]
[16, 0.0003592045963333197]
[17, 0.0003592045963333197]
[18, 0.0003592045963333197]
[19, 0.0003592045963333197]
[20, 0.0003592045963333197]
[21, 0.0003592045963333197]
[22, 0.0003592045963333197]
[23, 0.0003592045963333197]
[24, 0.0003592045963333197]
[25, 0.0003592045963333197]
[26, 0.0003592045963333197]
[27, 0.0003592045963333197]
[28, 0.0003592045963333197]
[29, 0.0003592045963333197]
[30, 0.0003592045963333197]
[31, 0.0003592045963333197]
[32, 0.0003592045963333197]
[33, 0.0003592045963333197]
[34, 0.0003592045963333197]
[35, 0.0003592045963333197]
[36, 0.0003592045963333197]
[37, 0.0003592045963333197]
[38, 0.0003592045963333197]
[39, 0.0003592045963333197]
[40, 0.0003592045963333197]
[41, 0.0003592045963333197]
[42, 0.0003592045963333197]
[43, 0.0003592045963333197]
[44, 0.0003592045963333197]
[45, 0.0003592045963333197]
[46, 0.0003592045963333197]
[47, 0.0003592045963333197]
[48, 0.0003592045963333197]
[49, 0.0003592045963333197]
[50, 0.0003592045963333197]
[51, 0.0003592045963333197]
[52, 0.0003592045963333197]
[53, 0.0003592045963333197]
[54, 0.0003592045963333197]
[55, 0.0003592045963333197]
[56, 0.0003592045963333197]
[57, 0.0003592045963333197]
[58, 0.0003592045963333197]
[59, 0.0003592045963333197]
[60, 0.0003592045963333197]
[61, 0.0003592045963333197]
[62, 0.0003592045963333197]
[63, 0.0003592045963333197]
[64, 0.0003592045963333197]
[65, 0.0003592045963333197]
[66, 0.0003592045963333197]
[67, 0.0003592045963333197]
[72, 0.0003592045963333197]
[73, 0.0003592045963333197]
[74, 0.0003592045963333197]
[75, 0.0003592045963333197]
[76, 0.0003592045963333197]
[77, 0.0003592045963333197]
[78, 0.0003592045963333197]
[79, 0.0003592045963333197]
[84, 0.0003592045963333197]
[85, 0.0003592045963333197]
[86, 0.0003592045963333197]
[87, 0.0003592045963333197]
[88, 0.0003592045963333197]
[89, 0.0003592045963333197]
[90, 0.0003592045963333197]
[91, 0.0003592045963333197]
[96, 0.0003592045963333197]
[97, 0.0003592045963333197]
[98, 0.0003592045963333197]
[99, 0.0003592045963333197]
[100, 0.0003592045963333197]
[101, 0.0003592045963333197]
[102, 0.0003592045963333197]
[103, 0.0003592045963333197]
[104, 0.0003592045963333197]
[105, 0.0003592045963333197]
[106, 0.0003592045963333197]
[107, 0.0003592045963333197]
[108, 0.0003592045963333197]
[109, 0.0003592045963333197]
[110, 0.0003592045963333197]
[111, 0.0003592045963333197]
[112, 0.0003592045963333197]
[113, 0.0003592045963333197]
[114, 0.0003592045963333197]
[115, 0.0003592045963333197]
[116, 0.0003592045963333197]
[117, 0.0003592045963333197]
[118, 0.0003592045963333197]
[119, 0.0003592045963333197]
[120, 0.0003592045963333197]
[121, 0.0003592045963333197]
[122, 0.0003592045963333197]
[123, 0.0003592045963333197]
[124, 0.0003592045963333197]
[125, 0.0003592045963333197]
[126, 0.0003592045963333197]
[127, 0.0003592045963333197]
[128, 0.0003592045963333197]
[129, 0.0003592045963333197]
[130, 0.0003592045963333197]
[131, 0.0003592045963333197]
[132, 0.0003592045963333197]
[133, 0.0003592045963333197]
[134, 0.0003592045963333197]
[135, 0.0003592045963333197]
[136, 0.0003592045963333197]
[137, 0.0003592045963333197]
[138, 0.0003592045963333197]
[139, 0.0003592045963333197]
[140, 0.0003592045963333197]
[141, 0.0003592045963333197]
[142, 0.0003592045963333197]
[143, 0.0003592045963333197]
[144, 0.0003592045963333197]
[145, 0.0003592045963333197]
[146, 0.0003592045963333197]
[147, 0.0003592045963333197]
[148, 0.0003592045963333197]
[149, 0.0003592045963333197]
[150, 0.0003592045963333197]
[151, 0.0003592045963333197]
[156, 0.0003592045963333197]
[157, 0.0003592045963333197]
[158, 0.0003592045963333197]
[159, 0.0003592045963333197]
[160, 0.0003592045963333197]
[161, 0.0003592045963333197]
[162, 0.0003592045963333197]
[163, 0.0003592045963333197]
[168, 0.0003592045963333197]
[169, 0.0003592045963333197]
[170, 0.0003592045963333197]
[171, 0.0003592045963333197]
[172, 0.0003592045963333197]
[173, 0.0003592045963333197]
[174, 0.0003592045963333197]
[175, 0.0003592045963333197]
[180, 0.0003592045963333197]
[181, 0.0003592045963333197]
[182, 0.0003592045963333197]
[183, 0.0003592045963333197]
[192, 0.0003592045963333197]
[193, 0.0003592045963333197]
[194, 0.0003592045963333197]
[195, 0.0003592045963333197]
[196, 0.0003592045963333197]
[197, 0.0003592045963333197]
[198, 0.0003592045963333197]
[199, 0.0003592045963333197]
[200, 0.0003592045963333197]
[201, 0.0003592045963333197]
[202, 0.0003592045963333197]
[203, 0.0003592045963333197]
[204, 0.0003592045963333197]
[205, 0.0003592045963333197]
[206, 0.0003592045963333197]
[207, 0.0003592045963333197]
[208, 0.0003592045963333197]
[209, 0.0003592045963333197]
[210, 0.0003592045963333197]
[211, 0.0003592045963333197]
[212, 0.0003592045963333197]
[213, 0.0003592045963333197]
[214, 0.0003592045963333197]
[215, 0.0003592045963333197]
[216, 0.0003592045963333197]
[217, 0.0003592045963333197]
[218, 0.0003592045963333197]
[219, 0.0003592045963333197]
[220, 0.0003592045963333197]
[221, 0.0003592045963333197]
[222, 0.0003592045963333197]
[223, 0.0003592045963333197]
[224, 0.0003592045963333197]
[225, 0.0003592045963333197]
[226, 0.0003592045963333197]
[227, 0.0003592045963333197]
[228, 0.0003592045963333197]
[229, 0.0003592045963333197]
[230, 0.0003592045963333197]
[231, 0.0003592045963333197]
[232, 0.0003592045963333197]
[233, 0.0003592045963333197]
[234, 0.0003592045963333197]
[235, 0.0003592045963333197]
[240, 0.0003592045963333197]
[241, 0.0003592045963333197]
[242, 0.0003592045963333197]
[243, 0.0003592045963333197]
[244, 0.0003592045963333197]
[245, 0.0003592045963333197]
[246, 0.0003592045963333197]
[247, 0.0003592045963333197]
[252, 0.0003592045963333197]
[253, 0.0003592045963333197]
[254, 0.0003592045963333197]
[255, 0.0003592045963333197]
[256, 0.0003592045963333197]
[257, 0.0003592045963333197]
[258, 0.0003592045963333197]
[259, 0.0003592045963333197]
[264, 0.0003592045963333197]
[265, 0.0003592045963333197]
[266, 0.0003592045963333197]
[267, 0.0003592045963333197]
[276, 0.0003592045963333197]
[277, 0.0003592045963333197]
[278, 0.0003592045963333197]
[279, 0.0003592045963333197]
[288, 0.0003592045963333197]
[289, 0.0003592045963333197]
[290, 0.0003592045963333197]
[291, 0.0003592045963333197]
[292, 0.0003592045963333197]
[293, 0.0003592045963333197]
[294, 0.0003592045963333197]
[295, 0.0003592045963333197]
[296, 0.0003592045963333197]
[297, 0.0003592045963333197]
[298, 0.0003592045963333197]
[299, 0.0003592045963333197]
[300, 0.0003592045963333197]
[301, 0.0003592045963333197]
[302, 0.0003592045963333197]
[303, 0.0003592045963333197]
[304, 0.0003592045963333197]
[305, 0.0003592045963333197]
[306, 0.0003592045963333197]
[307, 0.0003592045963333197]
[308, 0.0003592045963333197]
[309, 0.0003592045963333197]
[310, 0.0003592045963333197]
[311, 0.0003592045963333197]
[312, 0.0003592045963333197]
[313, 0.0003592045963333197]
[314, 0.0003592045963333197]
[315, 0.0003592045963333197]
[316, 0.0003592045963333197]
[317, 0.0003592045963333197]
[318, 0.0003592045963333197]
[319, 0.0003592045963333197]
[320, 0.0003592045963333197]
[321, 0.0003592045963333197]
[322, 0.0003592045963333197]
[323, 0.0003592045963333197]
[324, 0.0003592045963333197]
[325, 0.0003592045963333197]
[326, 0.0003592045963333197]
[327, 0.0003592045963333197]
[328, 0.0003592045963333197]
[329, 0.0003592045963333197]
[330, 0.0003592045963333197]
[331, 0.0003592045963333197]
[336, 0.0003592045963333197]
[337, 0.0003592045963333197]
[338, 0.0003592045963333197]
[339, 0.0003592045963333197]
[340, 0.0003592045963333197]
[341, 0.0003592045963333197]
[342, 0.0003592045963333197]
[343, 0.0003592045963333197]
[348, 0.0003592045963333197]
[349, 0.0003592045963333197]
[350, 0.0003592045963333197]
[351, 0.0003592045963333197]
[360, 0.0003592045963333197]
[361, 0.0003592045963333197]
[362, 0.0003592045963333197]
[363, 0.0003592045963333197]
[372, 0.0003592045963333197]
[373, 0.0003592045963333197]
[374, 0.0003592045963333197]
[375, 0.0003592045963333197]
[384, 0.0003592045963333197]
[385, 0.0003592045963333197]
[386, 0.0003592045963333197]
[387, 0.0003592045963333197]
[388, 0.0003592045963333197]
[389, 0.0003592045963333197]
[390, 0.0003592045963333197]
[391, 0.0003592045963333197]
[392, 0.0003592045963333197]
[393, 0.0003592045963333197]
[394, 0.0003592045963333197]
[395, 0.0003592045963333197]
[396, 0.0003592045963333197]
[397, 0.0003592045963333197]
[398, 0.0003592045963333197]
[399, 0.0003592045963333197]
[400, 0.0003592045963333197]
[401, 0.0003592045963333197]
[402, 0.0003592045963333197]
[403, 0.0003592045963333197]
[404, 0.0003592045963333197]
[405, 0.0003592045963333197]
[406, 0.0003592045963333197]
[407, 0.0003592045963333197]
[408, 0.0003592045963333197]
[409, 0.0003592045963333197]
[410, 0.0003592045963333197]
[411, 0.0003592045963333197]
[412, 0.0003592045963333197]
[413, 0.0003592045963333197]
[414, 0.0003592045963333197]
[415, 0.0003592045963333197]
[416, 0.0003592045963333197]
[417, 0.0003592045963333197]
[418, 0.0003592045963333197]
[419, 0.0003592045963333197]
[420, 0.0003592045963333197]
[421, 0.0003592045963333197]
[422, 0.0003592045963333197]
[423, 0.0003592045963333197]
[424, 0.0003592045963333197]
[425, 0.0003592045963333197]
[426, 0.0003592045963333197]
[427, 0.0003592045963333197]
[428, 0.0003592045963333197]
[429, 0.0003592045963333197]
[430, 0.0003592045963333197]
[431, 0.0003592045963333197]
[432, 0.0003592045963333197]
[433, 0.0003592045963333197]
[434, 0.0003592045963333197]
[435, 0.0003592045963333197]
[444, 0.0003592045963333197]
[445, 0.0003592045963333197]
[446, 0.0003592045963333197]
[447, 0.0003592045963333197]
[456, 0.0003592045963333197]
[457, 0.0003592045963333197]
[458, 0.0003592045963333197]
[459, 0.0003592045963333197]
[468, 0.0003592045963333197]
[469, 0.0003592045963333197]
[470, 0.0003592045963333197]
[471, 0.0003592045963333197]
[480, 0.0003592045963333197]
[481, 0.0003592045963333197]
[482, 0.0003592045963333197]
[483, 0.0003592045963333197]
[484, 0.0003592045963333197]
[485, 0.0003592045963333197]
[486, 0.0003592045963333197]
[487, 0.0003592045963333197]
[488, 0.0003592045963333197]
[489, 0.0003592045963333197]
[490, 0.0003592045963333197]
[491, 0.0003592045963333197]
[492, 0.0003592045963333197]
[493, 0.0003592045963333197]
[494, 0.0003592045963333197]
[495, 0.0003592045963333197]
[496, 0.0003592045963333197]
[497, 0.0003592045963333197]
[498, 0.0003592045963333197]
[499, 0.0003592045963333197]
[500, 0.0003592045963333197]
[501, 0.0003592045963333197]
[502, 0.0003592045963333197]
[503, 0.0003592045963333197]
[504, 0.0003592045963333197]
[505, 0.0003592045963333197]
[506, 0.0003592045963333197]
[507, 0.0003592045963333197]
[508, 0.0003592045963333197]
[509, 0.0003592045963333197]
[510, 0.0003592045963333197]
[511, 0.0003592045963333197]
[512, 0.0003592045963333197]
[513, 0.0003592045963333197]
[514, 0.0003592045963333197]
[515, 0.0003592045963333197]
[516, 0.0003592045963333197]
[517, 0.0003592045963333197]
[518, 0.0003592045963333197]
[519, 0.0003592045963333197]
[528, 0.0003592045963333197]
[529, 0.0003592045963333197]
[530, 0.0003592045963333197]
[531, 0.0003592045963333197]
[540, 0.0003592045963333197]
[541, 0.0003592045963333197]
[542, 0.0003592045963333197]
[543, 0.0003592045963333197]
[552, 0.0003592045963333197]
[553, 0.0003592045963333197]
[554, 0.0003592045963333197]
[555, 0.0003592045963333197]
[564, 0.0003592045963333197]
[565, 0.0003592045963333197]
[566, 0.0003592045963333197]
[567, 0.0003592045963333197]
[576, 0.0003592045963333197]
[577, 0.0003592045963333197]
[578, 0.0003592045963333197]
[579, 0.0003592045963333197]
[580, 0.0003592045963333197]
[581, 0.0003592045963333197]
[582, 0.0003592045963333197]
[583, 0.0003592045963333197]
[584, 0.0003592045963333197]
[585, 0.0003592045963333197]
[586, 0.0003592045963333197]
[587, 0.0003592045963333197]
[588, 0.0003592045963333197]
[589, 0.0003592045963333197]
[590, 0.0003592045963333197]
[591, 0.0003592045963333197]
[592, 0.0003592045963333197]
[593, 0.0003592045963333197]
[594, 0.0003592045963333197]
[595, 0.0003592045963333197]
[596, 0.0003592045963333197]
[597, 0.0003592045963333197]
[598, 0.0003592045963333197]
[599, 0.0003592045963333197]
[600, 0.0003592045963333197]
[601, 0.0003592045963333197]
[602, 0.0003592045963333197]
[603, 0.0003592045963333197]
[604, 0.0003592045963333197]
[605, 0.0003592045963333197]
[606, 0.0003592045963333197]
[607, 0.0003592045963333197]
[608, 0.0003592045963333197]
[609, 0.0003592045963333197]
[610, 0.0003592045963333197]
[611, 0.0003592045963333197]
[612, 0.0003592045963333197]
[613, 0.0003592045963333197]
[614, 0.0003592045963333197]
[615, 0.0003592045963333197]
[616, 0.0003592045963333197]
[617, 0.0003592045963333197]
[618, 0.0003592045963333197]
[619, 0.0003592045963333197]
[620, 0.0003592045963333197]
[621, 0.0003592045963333197]
[622, 0.0003592045963333197]
[623, 0.0003592045963333197]
[624, 0.0003592045963333197]
[625, 0.0003592045963333197]
[626, 0.0003592045963333197]
[627, 0.0003592045963333197]
[628, 0.0003592045963333197]
[629, 0.0003592045963333197]
[630, 0.0003592045963333197]
[631, 0.0003592045963333197]
[636, 0.0003592045963333197]
[637, 0.0003592045963333197]
[638, 0.0003592045963333197]
[639, 0.0003592045963333197]
[648, 0.0003592045963333197]
[649, 0.0003592045963333197]
[650, 0.0003592045963333197]
[651, 0.0003592045963333197]
[660, 0.0003592045963333197]
[661, 0.0003592045963333197]
[662, 0.0003592045963333197]
[663, 0.0003592045963333197]
[672, 0.0003592045963333197]
[673, 0.0003592045963333197]
[674, 0.0003592045963333197]
[675, 0.0003592045963333197]
[676, 0.0003592045963333197]
[677, 0.0003592045963333197]
[678, 0.0003592045963333197]
[679, 0.0003592045963333197]
[680, 0.0003592045963333197]
[681, 0.0003592045963333197]
[682, 0.0003592045963333197]
[683, 0.0003592045963333197]
[684, 0.0003592045963333197]
[685, 0.0003592045963333197]
[686, 0.0003592045963333197]
[687, 0.0003592045963333197]
[688, 0.0003592045963333197]
[689, 0.0003592045963333197]
[690, 0.0003592045963333197]
[691, 0.0003592045963333197]
[692, 0.0003592045963333197]
[693, 0.0003592045963333197]
[694, 0.0003592045963333197]
[695, 0.0003592045963333197]
[696, 0.0003592045963333197]
[697, 0.0003592045963333197]
[698, 0.0003592045963333197]
[699, 0.0003592045963333197]
[700, 0.0003592045963333197]
[701, 0.0003592045963333197]
[702, 0.0003592045963333197]
[703, 0.0003592045963333197]
[704, 0.0003592045963333197]
[705, 0.0003592045963333197]
[706, 0.0003592045963333197]
[707, 0.0003592045963333197]
[708, 0.0003592045963333197]
[709, 0.0003592045963333197]
[710, 0.0003592045963333197]
[711, 0.0003592045963333197]
[712, 0.0003592045963333197]
[713, 0.0003592045963333197]
[714, 0.0003592045963333197]
[715, 0.0003592045963333197]
[720, 0.0003592045963333197]
[721, 0.0003592045963333197]
[722, 0.0003592045963333197]
[723, 0.0003592045963333197]
[732, 0.0003592045963333197]
[733, 0.0003592045963333197]
[734, 0.0003592045963333197]
[735, 0.0003592045963333197]
[744, 0.0003592045963333197]
[745, 0.0003592045963333197]
[746, 0.0003592045963333197]
[747, 0.0003592045963333197]
[756, 0.0003592045963333197]
[757, 0.0003592045963333197]
[758, 0.0003592045963333197]
[759, 0.0003592045963333197]
[768, 0.0003592045963333197]
[769, 0.0003592045963333197]
[770, 0.0003592045963333197]
[771, 0.0003592045963333197]
[772, 0.0003592045963333197]
[773, 0.0003592045963333197]
[774, 0.0003592045963333197]
[775, 0.0003592045963333197]
[776, 0.0003592045963333197]
[777, 0.0003592045963333197]
[778, 0.0003592045963333197]
[779, 0.0003592045963333197]
[780, 0.0003592045963333197]
[781, 0.0003592045963333197]
[782, 0.0003592045963333197]
[783, 0.0003592045963333197]
[784, 0.0003592045963333197]
[785, 0.0003592045963333197]
[786, 0.0003592045963333197]
[787, 0.0003592045963333197]
[788, 0.0003592045963333197]
[789, 0.0003592045963333197]
[790, 0.0003592045963333197]
[791, 0.0003592045963333197]
[792, 0.0003592045963333197]
[793, 0.0003592045963333197]
[794, 0.0003592045963333197]
[795, 0.0003592045963333197]
[796, 0.0003592045963333197]
[797, 0.0003592045963333197]
[798, 0.0003592045963333197]
[799, 0.0003592045963333197]
[800, 0.0003592045963333197]
[801, 0.0003592045963333197]
[802, 0.0003592045963333197]
[803, 0.0003592045963333197]
[804, 0.0003592045963333197]
[805, 0.0003592045963333197]
[806, 0.0003592045963333197]
[807, 0.0003592045963333197]
[816, 0.0003592045963333197]
[817, 0.0003592045963333197]
[818, 0.0003592045963333197]
[819, 0.0003592045963333197]
[828, 0.0003592045963333197]
[829, 0.0003592045963333197]
[830, 0.0003592045963333197]
[831, 0.0003592045963333197]
[840, 0.0003592045963333197]
[841, 0.0003592045963333197]
[842, 0.0003592045963333197]
[843, 0.0003592045963333197]
[852, 0.0003592045963333197]
[853, 0.0003592045963333197]
[854, 0.0003592045963333197]
[855, 0.0003592045963333197]
[864, 0.0003592045963333197]
[865, 0.0003592045963333197]
[866, 0.0003592045963333197]
[867, 0.0003592045963333197]
[868, 0.0003592045963333197]
[869, 0.0003592045963333197]
[870, 0.0003592045963333197]
[871, 0.0003592045963333197]
[872, 0.0003592045963333197]
[873, 0.0003592045963333197]
[874, 0.0003592045963333197]
[875, 0.0003592045963333197]
[876, 0.0003592045963333197]
[877, 0.0003592045963333197]
[878, 0.0003592045963333197]
[879, 0.0003592045963333197]
[880, 0.0003592045963333197]
[881, 0.0003592045963333197]
[882, 0.0003592045963333197]
[883, 0.0003592045963333197]
[884, 0.0003592045963333197]
[885, 0.0003592045963333197]
[886, 0.0003592045963333197]
[887, 0.0003592045963333197]
[888, 0.0003592045963333197]
[889, 0.0003592045963333197]
[890, 0.0003592045963333197]
[891, 0.0003592045963333197]
[892, 0.0003592045963333197]
[893, 0.0003592045963333197]
[894, 0.0003592045963333197]
[895, 0.0003592045963333197]
[896, 0.0003592045963333197]
[897, 0.0003592045963333197]
[898, 0.0003592045963333197]
[899, 0.0003592045963333197]
[900, 0.0003592045963333197]
[901, 0.0003592045963333197]
[902, 0.0003592045963333197]
[903, 0.0003592045963333197]
[912, 0.0003592045963333197]
[913, 0.0003592045963333197]
[914, 0.0003592045963333197]
[915, 0.0003592045963333197]
[924, 0.0003592045963333197]
[925, 0.0003592045963333197]
[926, 0.0003592045963333197]
[927, 0.0003592045963333197]
[936, 0.0003592045963333197]
[937, 0.0003592045963333197]
[938, 0.0003592045963333197]
[939, 0.0003592045963333197]
[948, 0.0003592045963333197]
[949, 0.0003592045963333197]
[950, 0.0003592045963333197]
[951, 0.0003592045963333197]
[960, 0.0003592045963333197]
[961, 0.0003592045963333197]
[962, 0.0003592045963333197]
[963, 0.0003592045963333197]
[964, 0.0003592045963333197]
[965, 0.0003592045963333197]
[966, 0.0003592045963333197]
[967, 0.0003592045963333197]
[968, 0.0003592045963333197]
[969, 0.0003592045963333197]
[970, 0.0003592045963333197]
[971, 0.0003592045963333197]
[972, 0.0003592045963333197]
[973, 0.0003592045963333197]
[974, 0.0003592045963333197]
[975, 0.0003592045963333197]
[976, 0.0003592045963333197]
[977, 0.0003592045963333197]
[978, 0.0003592045963333197]
[979, 0.0003592045963333197]
[980, 0.0003592045963333197]
[981, 0.0003592045963333197]
[982, 0.0003592045963333197]
[983, 0.0003592045963333197]
[984, 0.0003592045963333197]
[985, 0.0003592045963333197]
[986, 0.0003592045963333197]
[987, 0.0003592045963333197]
[988, 0.0003592045963333197]
[989, 0.0003592045963333197]
[990, 0.0003592045963333197]
[991, 0.0003592045963333197]
[992, 0.0003592045963333197]
[993, 0.0003592045963333197]
[994, 0.0003592045963333197]
[995, 0.0003592045963333197]
[996, 0.0003592045963333197]
[997, 0.0003592045963333197]
[998, 0.0003592045963333197]
[999, 0.0003592045963333197]
[1000, 0.0003592045963333197]
[1001, 0.0003592045963333197]
[1002, 0.0003592045963333197]
[1003, 0.0003592045963333197]
[1004, 0.0003592045963333197]
[1005, 0.0003592045963333197]
[1006, 0.0003592045963333197]
[1007, 0.0003592045963333197]
[1008, 0.0003592045963333197]
[1009, 0.0003592045963333197]
[1010, 0.0003592045963333197]
[1011, 0.0003592045963333197]
[1012, 0.0003592045963333197]
[1013, 0.0003592045963333197]
[1014, 0.0003592045963333197]
[1015, 0.0003592045963333197]
[1016, 0.0003592045963333197]
[1017, 0.0003592045963333197]
[1018, 0.0003592045963333197]
[1019, 0.0003592045963333197]
[1020, 0.0003592045963333197]
[1021, 0.0003592045963333197]
[1022, 0.0003592045963333197]
[1023, 0.0003592045963333197]
[1024, 0.0003592045963333197]
[1025, 0.0003592045963333197]
[1026, 0.0003592045963333197]
[1027, 0.0003592045963333197]
[1028, 0.0003592045963333197]
[1029, 0.0003592045963333197]
[1030, 0.0003592045963333197]
[1031, 0.0003592045963333197]
[1032, 0.0003592045963333197]
[1033, 0.0003592045963333197]
[1034, 0.0003592045963333197]
[1035, 0.0003592045963333197]
[1036, 0.0003592045963333197]
[1037, 0.0003592045963333197]
[1038, 0.0003592045963333197]
[1039, 0.0003592045963333197]
[1040, 0.0003592045963333197]
[1041, 0.0003592045963333197]
[1042, 0.0003592045963333197]
[1043, 0.0003592045963333197]
[1044, 0.0003592045963333197]
[1045, 0.0003592045963333197]
[1046, 0.0003592045963333197]
[1047, 0.0003592045963333197]
[1048, 0.0003592045963333197]
[1049, 0.0003592045963333197]
[1050, 0.0003592045963333197]
[1051, 0.0003592045963333197]
[1052, 0.0003592045963333197]
[1053, 0.0003592045963333197]
[1054, 0.0003592045963333197]
[1055, 0.0003592045963333197]
[1056, 0.0003592045963333197]
[1057, 0.0003592045963333197]
[1058, 0.0003592045963333197]
[1059, 0.0003592045963333197]
[1060, 0.0003592045963333197]
[1061, 0.0003592045963333197]
[1062, 0.0003592045963333197]
[1063, 0.0003592045963333197]
[1064, 0.0003592045963333197]
[1065, 0.0003592045963333197]
[1066, 0.0003592045963333197]
[1067, 0.0003592045963333197]
[1068, 0.0003592045963333197]
[1069, 0.0003592045963333197]
[1070, 0.0003592045963333197]
[1071, 0.0003592045963333197]
[1072, 0.0003592045963333197]
[1073, 0.0003592045963333197]
[1074, 0.0003592045963333197]
[1075, 0.0003592045963333197]
[1076, 0.0003592045963333197]
[1077, 0.0003592045963333197]
[1078, 0.0003592045963333197]
[1079, 0.0003592045963333197]
[1080, 0.0003592045963333197]
[1081, 0.0003592045963333197]
[1082, 0.0003592045963333197]
[1083, 0.0003592045963333197]
[1084, 0.0003592045963333197]
[1085, 0.0003592045963333197]
[1086, 0.0003592045963333197]
[1087, 0.0003592045963333197]
[1088, 0.0003592045963333197]
[1089, 0.0003592045963333197]
[1090, 0.0003592045963333197]
[1091, 0.0003592045963333197]
[1092, 0.0003592045963333197]
[1093, 0.0003592045963333197]
[1094, 0.0003592045963333197]
[1095, 0.0003592045963333197]
[1096, 0.0003592045963333197]
[1097, 0.0003592045963333197]
[1098, 0.0003592045963333197]
[1099, 0.0003592045963333197]
[1100, 0.0003592045963333197]
[1101, 0.0003592045963333197]
[1102, 0.0003592045963333197]
[1103, 0.0003592045963333197]
[1104, 0.0003592045963333197]
[1105, 0.0003592045963333197]
[1106, 0.0003592045963333197]
[1107, 0.0003592045963333197]
[1108, 0.0003592045963333197]
[1109, 0.0003592045963333197]
[1110, 0.0003592045963333197]
[1111, 0.0003592045963333197]
[1112, 0.0003592045963333197]
[1113, 0.0003592045963333197]
[1114, 0.0003592045963333197]
[1115, 0.0003592045963333197]
[1116, 0.0003592045963333197]
[1117, 0.0003592045963333197]
[1118, 0.0003592045963333197]
[1119, 0.0003592045963333197]
[1120, 0.0003592045963333197]
[1121, 0.0003592045963333197]
[1122, 0.0003592045963333197]
[1123, 0.0003592045963333197]
[1124, 0.0003592045963333197]
[1125, 0.0003592045963333197]
[1126, 0.0003592045963333197]
[1127, 0.0003592045963333197]
[1128, 0.0003592045963333197]
[1129, 0.0003592045963333197]
[1130, 0.0003592045963333197]
[1131, 0.0003592045963333197]
[1132, 0.0003592045963333197]
[1133, 0.0003592045963333197]
[1134, 0.0003592045963333197]
[1135, 0.0003592045963333197]
[1136, 0.0003592045963333197]
[1137, 0.0003592045963333197]
[1138, 0.0003592045963333197]
[1139, 0.0003592045963333197]
[1140, 0.0003592045963333197]
[1141, 0.0003592045963333197]
[1142, 0.0003592045963333197]
[1143, 0.0003592045963333197]
[1144, 0.0003592045963333197]
[1145, 0.0003592045963333197]
[1146, 0.0003592045963333197]
[1147, 0.0003592045963333197]
[1148, 0.0003592045963333197]
[1149, 0.0003592045963333197]
[1150, 0.0003592045963333197]
[1151, 0.0003592045963333197]
[1152, 0.0003592045963333197]
[1153, 0.0003592045963333197]
[1154, 0.0003592045963333197]
[1155, 0.0003592045963333197]
[1156, 0.0003592045963333197]
[1157, 0.0003592045963333197]
[1158, 0.0003592045963333197]
[1159, 0.0003592045963333197]
[1160, 0.0003592045963333197]
[1161, 0.0003592045963333197]
[1162, 0.0003592045963333197]
[1163, 0.0003592045963333197]
[1164, 0.0003592045963333197]
[1165, 0.0003592045963333197]
[1166, 0.0003592045963333197]
[1167, 0.0003592045963333197]
[1168, 0.0003592045963333197]
[1169, 0.0003592045963333197]
[1170, 0.0003592045963333197]
[1171, 0.0003592045963333197]
[1172, 0.0003592045963333197]
[1173, 0.0003592045963333197]
[1174, 0.0003592045963333197]
[1175, 0.0003592045963333197]
[1176, 0.0003592045963333197]
[1177, 0.0003592045963333197]
[1178, 0.0003592045963333197]
[1179, 0.0003592045963333197]
[1180, 0.0003592045963333197]
[1181, 0.0003592045963333197]
[1182, 0.0003592045963333197]
[1183, 0.0003592045963333197]
[1184, 0.0003592045963333197]
[1185, 0.0003592045963333197]
[1186, 0.0003592045963333197]
[1187, 0.0003592045963333197]
[1188, 0.0003592045963333197]
[1189, 0.0003592045963333197]
[1190, 0.0003592045963333197]
[1191, 0.0003592045963333197]
[1192, 0.0003592045963333197]
[1193, 0.0003592045963333197]
[1194, 0.0003592045963333197]
[1195, 0.0003592045963333197]
[1200, 0.0003592045963333197]
[1201, 0.0003592045963333197]
[1202, 0.0003592045963333197]
[1203, 0.0003592045963333197]
[1212, 0.0003592045963333197]
[1213, 0.0003592045963333197]
[1214, 0.0003592045963333197]
[1215, 0.0003592045963333197]
[1224, 0.0003592045963333197]
[1225, 0.0003592045963333197]
[1226, 0.0003592045963333197]
[1227, 0.0003592045963333197]
[1236, 0.0003592045963333197]
[1237, 0.0003592045963333197]
[1238, 0.0003592045963333197]
[1239, 0.0003592045963333197]
[1248, 0.0003592045963333197]
[1249, 0.0003592045963333197]
[1250, 0.0003592045963333197]
[1251, 0.0003592045963333197]
[1252, 0.0003592045963333197]
[1253, 0.0003592045963333197]
[1254, 0.0003592045963333197]
[1255, 0.0003592045963333197]
[1256, 0.0003592045963333197]
[1257, 0.0003592045963333197]
[1258, 0.0003592045963333197]
[1259, 0.0003592045963333197]
[1260, 0.0003592045963333197]
[1261, 0.0003592045963333197]
[1262, 0.0003592045963333197]
[1263, 0.0003592045963333197]
[1264, 0.0003592045963333197]
[1265, 0.0003592045963333197]
[1266, 0.0003592045963333197]
[1267, 0.0003592045963333197]
[1268, 0.0003592045963333197]
[1269, 0.0003592045963333197]
[1270, 0.0003592045963333197]
[1271, 0.0003592045963333197]
[1272, 0.0003592045963333197]
[1273, 0.0003592045963333197]
[1274, 0.0003592045963333197]
[1275, 0.0003592045963333197]
[1276, 0.0003592045963333197]
[1277, 0.0003592045963333197]
[1278, 0.0003592045963333197]
[1279, 0.0003592045963333197]
[1284, 0.0003592045963333197]
[1285, 0.0003592045963333197]
[1286, 0.0003592045963333197]
[1287, 0.0003592045963333197]
[1296, 0.0003592045963333197]
[1297, 0.0003592045963333197]
[1298, 0.0003592045963333197]
[1299, 0.0003592045963333197]
[1308, 0.0003592045963333197]
[1309, 0.0003592045963333197]
[1310, 0.0003592045963333197]
[1311, 0.0003592045963333197]
[1320, 0.0003592045963333197]
[1321, 0.0003592045963333197]
[1322, 0.0003592045963333197]
[1323, 0.0003592045963333197]
[1332, 0.0003592045963333197]
[1333, 0.0003592045963333197]
[1334, 0.0003592045963333197]
[1335, 0.0003592045963333197]
[1344, 0.0003592045963333197]
[1345, 0.0003592045963333197]
[1346, 0.0003592045963333197]
[1347, 0.0003592045963333197]
[1348, 0.0003592045963333197]
[1349, 0.0003592045963333197]
[1350, 0.0003592045963333197]
[1351, 0.0003592045963333197]
[1352, 0.0003592045963333197]
[1353, 0.0003592045963333197]
[1354, 0.0003592045963333197]
[1355, 0.0003592045963333197]
[1356, 0.0003592045963333197]
[1357, 0.0003592045963333197]
[1358, 0.0003592045963333197]
[1359, 0.0003592045963333197]
[1360, 0.0003592045963333197]
[1361, 0.0003592045963333197]
[1362, 0.0003592045963333197]
[1363, 0.0003592045963333197]
[1368, 0.0003592045963333197]
[1369, 0.0003592045963333197]
[1370, 0.0003592045963333197]
[1371, 0.0003592045963333197]
[1372, 0.0003592045963333197]
[1373, 0.0003592045963333197]
[1374, 0.0003592045963333197]
[1375, 0.0003592045963333197]
[1380, 0.0003592045963333197]
[1381, 0.0003592045963333197]
[1382, 0.0003592045963333197]
[1383, 0.0003592045963333197]
[1392, 0.0003592045963333197]
[1393, 0.0003592045963333197]
[1394, 0.0003592045963333197]
[1395, 0.0003592045963333197]
[1404, 0.0003592045963333197]
[1405, 0.0003592045963333197]
[1406, 0.0003592045963333197]
[1407, 0.0003592045963333197]
[1416, 0.0003592045963333197]
[1417, 0.0003592045963333197]
[1418, 0.0003592045963333197]
[1419, 0.0003592045963333197]
[1428, 0.0003592045963333197]
[1429, 0.0003592045963333197]
[1430, 0.0003592045963333197]
[1431, 0.0003592045963333197]
[1440, 0.0003592045963333197]
[1441, 0.0003592045963333197]
[1442, 0.0003592045963333197]
[1443, 0.0003592045963333197]
[1444, 0.0003592045963333197]
[1445, 0.0003592045963333197]
[1446, 0.0003592045963333197]
[1447, 0.0003592045963333197]
[1452, 0.0003592045963333197]
[1453, 0.0003592045963333197]
[1454, 0.0003592045963333197]
[1455, 0.0003592045963333197]
[1456, 0.0003592045963333197]
[1457, 0.0003592045963333197]
[1458, 0.0003592045963333197]
[1459, 0.0003592045963333197]
[1464, 0.0003592045963333197]
[1465, 0.0003592045963333197]
[1466, 0.0003592045963333197]
[1467, 0.0003592045963333197]
[1468, 0.0003592045963333197]
[1469, 0.0003592045963333197]
[1470, 0.0003592045963333197]
[1471, 0.0003592045963333197]
[1476, 0.0003592045963333197]
[1477, 0.0003592045963333197]
[1478, 0.0003592045963333197]
[1479, 0.0003592045963333197]
[1488, 0.0003592045963333197]
[1489, 0.0003592045963333197]
[1490, 0.0003592045963333197]
[1491, 0.0003592045963333197]
[1500, 0.0003592045963333197]
[1501, 0.0003592045963333197]
[1502, 0.0003592045963333197]
[1503, 0.0003592045963333197]
[1512, 0.0003592045963333197]
[1513, 0.0003592045963333197]
[1514, 0.0003592045963333197]
[1515, 0.0003592045963333197]
[1524, 0.0003592045963333197]
[1525, 0.0003592045963333197]
[1526, 0.0003592045963333197]
[1527, 0.0003592045963333197]
[1536, 0.0003592045963333197]
[1537, 0.0003592045963333197]
[1538, 0.0003592045963333197]
[1539, 0.0003592045963333197]
[1540, 0.0003592045963333197]
[1541, 0.0003592045963333197]
[1542, 0.0003592045963333197]
[1543, 0.0003592045963333197]
[1544, 0.0003592045963333197]
[1545, 0.0003592045963333197]
[1546, 0.0003592045963333197]
[1547, 0.0003592045963333197]
[1548, 0.0003592045963333197]
[1549, 0.0003592045963333197]
[1550, 0.0003592045963333197]
[1551, 0.0003592045963333197]
[1552, 0.0003592045963333197]
[1553, 0.0003592045963333197]
[1554, 0.0003592045963333197]
[1555, 0.0003592045963333197]
[1556, 0.0003592045963333197]
[1557, 0.0003592045963333197]
[1558, 0.0003592045963333197]
[1559, 0.0003592045963333197]
[1560, 0.0003592045963333197]
[1561, 0.0003592045963333197]
[1562, 0.0003592045963333197]
[1563, 0.0003592045963333197]
[1564, 0.0003592045963333197]
[1565, 0.0003592045963333197]
[1566, 0.0003592045963333197]
[1567, 0.0003592045963333197]
[1568, 0.0003592045963333197]
[1569, 0.0003592045963333197]
[1570, 0.0003592045963333197]
[1571, 0.0003592045963333197]
[1572, 0.0003592045963333197]
[1573, 0.0003592045963333197]
[1574, 0.0003592045963333197]
[1575, 0.0003592045963333197]
[1576, 0.0003592045963333197]
[1577, 0.0003592045963333197]
[1578, 0.0003592045963333197]
[1579, 0.0003592045963333197]
[1580, 0.0003592045963333197]
[1581, 0.0003592045963333197]
[1582, 0.0003592045963333197]
[1583, 0.0003592045963333197]
[1584, 0.0003592045963333197]
[1585, 0.0003592045963333197]
[1586, 0.0003592045963333197]
[1587, 0.0003592045963333197]
[1588, 0.0003592045963333197]
[1589, 0.0003592045963333197]
[1590, 0.0003592045963333197]
[1591, 0.0003592045963333197]
[1596, 0.0003592045963333197]
[1597, 0.0003592045963333197]
[1598, 0.0003592045963333197]
[1599, 0.0003592045963333197]
[1600, 0.0003592045963333197]
[1601, 0.0003592045963333197]
[1602, 0.0003592045963333197]
[1603, 0.0003592045963333197]
[1608, 0.0003592045963333197]
[1609, 0.0003592045963333197]
[1610, 0.0003592045963333197]
[1611, 0.0003592045963333197]
[1612, 0.0003592045963333197]
[1613, 0.0003592045963333197]
[1614, 0.0003592045963333197]
[1615, 0.0003592045963333197]
[1620, 0.0003592045963333197]
[1621, 0.0003592045963333197]
[1622, 0.0003592045963333197]
[1623, 0.0003592045963333197]
[1624, 0.0003592045963333197]
[1625, 0.0003592045963333197]
[1626, 0.0003592045963333197]
[1627, 0.0003592045963333197]
[1632, 0.0003592045963333197]
[1633, 0.0003592045963333197]
[1634, 0.0003592045963333197]
[1635, 0.0003592045963333197]
[1636, 0.0003592045963333197]
[1637, 0.0003592045963333197]
[1638, 0.0003592045963333197]
[1639, 0.0003592045963333197]
[1640, 0.0003592045963333197]
[1641, 0.0003592045963333197]
[1642, 0.0003592045963333197]
[1643, 0.0003592045963333197]
[1644, 0.0003592045963333197]
[1645, 0.0003592045963333197]
[1646, 0.0003592045963333197]
[1647, 0.0003592045963333197]
[1648, 0.0003592045963333197]
[1649, 0.0003592045963333197]
[1650, 0.0003592045963333197]
[1651, 0.0003592045963333197]
[1652, 0.0003592045963333197]
[1653, 0.0003592045963333197]
[1654, 0.0003592045963333197]
[1655, 0.0003592045963333197]
[1656, 0.0003592045963333197]
[1657, 0.0003592045963333197]
[1658, 0.0003592045963333197]
[1659, 0.0003592045963333197]
[1660, 0.0003592045963333197]
[1661, 0.0003592045963333197]
[1662, 0.0003592045963333197]
[1663, 0.0003592045963333197]
[1664, 0.0003592045963333197]
[1665, 0.0003592045963333197]
[1666, 0.0003592045963333197]
[1667, 0.0003592045963333197]
[1668, 0.0003592045963333197]
[1669, 0.0003592045963333197]
[1670, 0.0003592045963333197]
[1671, 0.0003592045963333197]
[1672, 0.0003592045963333197]
[1673, 0.0003592045963333197]
[1674, 0.0003592045963333197]
[1675, 0.0003592045963333197]
[1680, 0.0003592045963333197]
[1681, 0.0003592045963333197]
[1682, 0.0003592045963333197]
[1683, 0.0003592045963333197]
[1684, 0.0003592045963333197]
[1685, 0.0003592045963333197]
[1686, 0.0003592045963333197]
[1687, 0.0003592045963333197]
[1692, 0.0003592045963333197]
[1693, 0.0003592045963333197]
[1694, 0.0003592045963333197]
[1695, 0.0003592045963333197]
[1696, 0.0003592045963333197]
[1697, 0.0003592045963333197]
[1698, 0.0003592045963333197]
[1699, 0.0003592045963333197]
[1704, 0.0003592045963333197]
[1705, 0.0003592045963333197]
[1706, 0.0003592045963333197]
[1707, 0.0003592045963333197]
[1708, 0.0003592045963333197]
[1709, 0.0003592045963333197]
[1710, 0.0003592045963333197]
[1711, 0.0003592045963333197]
[1716, 0.0003592045963333197]
[1717, 0.0003592045963333197]
[1718, 0.0003592045963333197]
[1719, 0.0003592045963333197]
[1720, 0.0003592045963333197]
[1721, 0.0003592045963333197]
[1722, 0.0003592045963333197]
[1723, 0.0003592045963333197]
[1728, 0.0003592045963333197]
[1729, 0.0003592045963333197]
[1730, 0.0003592045963333197]
[1731, 0.0003592045963333197]
[1732, 0.0003592045963333197]
[1733, 0.0003592045963333197]
[1734, 0.0003592045963333197]
[1735, 0.0003592045963333197]
[1736, 0.0003592045963333197]
[1737, 0.0003592045963333197]
[1738, 0.0003592045963333197]
[1739, 0.0003592045963333197]
[1740, 0.0003592045963333197]
[1741, 0.0003592045963333197]
[1742, 0.0003592045963333197]
[1743, 0.0003592045963333197]
[1744, 0.0003592045963333197]
[1745, 0.0003592045963333197]
[1746, 0.0003592045963333197]
[1747, 0.0003592045963333197]
[1748, 0.0003592045963333197]
[1749, 0.0003592045963333197]
[1750, 0.0003592045963333197]
[1751, 0.0003592045963333197]
[1752, 0.0003592045963333197]
[1753, 0.0003592045963333197]
[1754, 0.0003592045963333197]
[1755, 0.0003592045963333197]
[1756, 0.0003592045963333197]
[1757, 0.0003592045963333197]
[1758, 0.0003592045963333197]
[1759, 0.0003592045963333197]
[1760, 0.0003592045963333197]
[1761, 0.0003592045963333197]
[1762, 0.0003592045963333197]
[1763, 0.0003592045963333197]
[1764, 0.0003592045963333197]
[1765, 0.0003592045963333197]
[1766, 0.0003592045963333197]
[1767, 0.0003592045963333197]
[1776, 0.0003592045963333197]
[1777, 0.0003592045963333197]
[1778, 0.0003592045963333197]
[1779, 0.0003592045963333197]
[1788, 0.0003592045963333197]
[1789, 0.0003592045963333197]
[1790, 0.0003592045963333197]
[1791, 0.0003592045963333197]
[1800, 0.0003592045963333197]
[1801, 0.0003592045963333197]
[1802, 0.0003592045963333197]
[1803, 0.0003592045963333197]
[1812, 0.0003592045963333197]
[1813, 0.0003592045963333197]
[1814, 0.0003592045963333197]
[1815, 0.0003592045963333197]
[1824, 0.0003592045963333197]
[1825, 0.0003592045963333197]
[1826, 0.0003592045963333197]
[1827, 0.0003592045963333197]
[1828, 0.0003592045963333197]
[1829, 0.0003592045963333197]
[1830, 0.0003592045963333197]
[1831, 0.0003592045963333197]
[1832, 0.0003592045963333197]
[1833, 0.0003592045963333197]
[1834, 0.0003592045963333197]
[1835, 0.0003592045963333197]
[1836, 0.0003592045963333197]
[1837, 0.0003592045963333197]
[1838, 0.0003592045963333197]
[1839, 0.0003592045963333197]
[1840, 0.0003592045963333197]
[1841, 0.0003592045963333197]
[1842, 0.0003592045963333197]
[1843, 0.0003592045963333197]
[1844, 0.0003592045963333197]
[1845, 0.0003592045963333197]
[1846, 0.0003592045963333197]
[1847, 0.0003592045963333197]
[1848, 0.0003592045963333197]
[1849, 0.0003592045963333197]
[1850, 0.0003592045963333197]
[1851, 0.0003592045963333197]
[1860, 0.0003592045963333197]
[1861, 0.0003592045963333197]
[1862, 0.0003592045963333197]
[1863, 0.0003592045963333197]
[1872, 0.0003592045963333197]
[1873, 0.0003592045963333197]
[1874, 0.0003592045963333197]
[1875, 0.0003592045963333197]
[1884, 0.0003592045963333197]
[1885, 0.0003592045963333197]
[1886, 0.0003592045963333197]
[1887, 0.0003592045963333197]
[1896, 0.0003592045963333197]
[1897, 0.0003592045963333197]
[1898, 0.0003592045963333197]
[1899, 0.0003592045963333197]
[1908, 0.0003592045963333197]
[1909, 0.0003592045963333197]
[1910, 0.0003592045963333197]
[1911, 0.0003592045963333197]
[1920, 0.0003592045963333197]
[1921, 0.0003592045963333197]
[1922, 0.0003592045963333197]
[1923, 0.0003592045963333197]
[1924, 0.0003592045963333197]
[1925, 0.0003592045963333197]
[1926, 0.0003592045963333197]
[1927, 0.0003592045963333197]
[1928, 0.0003592045963333197]
[1929, 0.0003592045963333197]
[1930, 0.0003592045963333197]
[1931, 0.0003592045963333197]
[1932, 0.0003592045963333197]
[1933, 0.0003592045963333197]
[1934, 0.0003592045963333197]
[1935, 0.0003592045963333197]
[1944, 0.0003592045963333197]
[1945, 0.0003592045963333197]
[1946, 0.0003592045963333197]
[1947, 0.0003592045963333197]
[1956, 0.0003592045963333197]
[1957, 0.0003592045963333197]
[1958, 0.0003592045963333197]
[1959, 0.0003592045963333197]
[1968, 0.0003592045963333197]
[1969, 0.0003592045963333197]
[1970, 0.0003592045963333197]
[1971, 0.0003592045963333197]
[1980, 0.0003592045963333197]
[1981, 0.0003592045963333197]
[1982, 0.0003592045963333197]
[1983, 0.0003592045963333197]
[1992, 0.0003592045963333197]
[1993, 0.0003592045963333197]
[1994, 0.0003592045963333197]
[1995, 0.0003592045963333197]
[2004, 0.0003592045963333197]
[2005, 0.0003592045963333197]
[2006, 0.0003592045963333197]
[2007, 0.0003592045963333197]
[2016, 0.0003592045963333197]
[2017, 0.0003592045963333197]
[2018, 0.0003592045963333197]
[2019, 0.0003592045963333197]
[2028, 0.0003592045963333197]
[2029, 0.0003592045963333197]
[2030, 0.0003592045963333197]
[2031, 0.0003592045963333197]
[2040, 0.0003592045963333197]
[2041, 0.0003592045963333197]
[2042, 0.0003592045963333197]
[2043, 0.0003592045963333197]
[2052, 0.0003592045963333197]
[2053, 0.0003592045963333197]
[2054, 0.0003592045963333197]
[2055, 0.0003592045963333197]
[2064, 0.0003592045963333197]
[2065, 0.0003592045963333197]
[2066, 0.0003592045963333197]
[2067, 0.0003592045963333197]
[2076, 0.0003592045963333197]
[2077, 0.0003592045963333197]
[2078, 0.0003592045963333197]
[2079, 0.0003592045963333197]
[2088, 0.0003592045963333197]
[2089, 0.0003592045963333197]
[2090, 0.0003592045963333197]
[2091, 0.0003592045963333197]
[2100, 0.0003592045963333197]
[2101, 0.0003592045963333197]
[2102, 0.0003592045963333197]
[2103, 0.0003592045963333197]
[2112, 0.0003592045963333197]
[2113, 0.0003592045963333197]
[2114, 0.0003592045963333197]
[2115, 0.0003592045963333197]
[2116, 0.0003592045963333197]
[2117, 0.0003592045963333197]
[2118, 0.0003592045963333197]
[2119, 0.0003592045963333197]
[2120, 0.0003592045963333197]
[2121, 0.0003592045963333197]
[2122, 0.0003592045963333197]
[2123, 0.0003592045963333197]
[2124, 0.0003592045963333197]
[2125, 0.0003592045963333197]
[2126, 0.0003592045963333197]
[2127, 0.0003592045963333197]
[2128, 0.0003592045963333197]
[2129, 0.0003592045963333197]
[2130, 0.0003592045963333197]
[2131, 0.0003592045963333197]
[2132, 0.0003592045963333197]
[2133, 0.0003592045963333197]
[2134, 0.0003592045963333197]
[2135, 0.0003592045963333197]
[2136, 0.0003592045963333197]
[2137, 0.0003592045963333197]
[2138, 0.0003592045963333197]
[2139, 0.0003592045963333197]
[2140, 0.0003592045963333197]
[2141, 0.0003592045963333197]
[2142, 0.0003592045963333197]
[2143, 0.0003592045963333197]
[2144, 0.0003592045963333197]
[2145, 0.0003592045963333197]
[2146, 0.0003592045963333197]
[2147, 0.0003592045963333197]
[2148, 0.0003592045963333197]
[2149, 0.0003592045963333197]
[2150, 0.0003592045963333197]
[2151, 0.0003592045963333197]
[2152, 0.0003592045963333197]
[2153, 0.0003592045963333197]
[2154, 0.0003592045963333197]
[2155, 0.0003592045963333197]
[2156, 0.0003592045963333197]
[2157, 0.0003592045963333197]
[2158, 0.0003592045963333197]
[2159, 0.0003592045963333197]
[2160, 0.0003592045963333197]
[2161, 0.0003592045963333197]
[2162, 0.0003592045963333197]
[2163, 0.0003592045963333197]
[2172, 0.0003592045963333197]
[2173, 0.0003592045963333197]
[2174, 0.0003592045963333197]
[2175, 0.0003592045963333197]
[2184, 0.0003592045963333197]
[2185, 0.0003592045963333197]
[2186, 0.0003592045963333197]
[2187, 0.0003592045963333197]
[2196, 0.0003592045963333197]
[2197, 0.0003592045963333197]
[2198, 0.0003592045963333197]
[2199, 0.0003592045963333197]
[2208, 0.0003592045963333197]
[2209, 0.0003592045963333197]
[2210, 0.0003592045963333197]
[2211, 0.0003592045963333197]
[2212, 0.0003592045963333197]
[2213, 0.0003592045963333197]
[2214, 0.0003592045963333197]
[2215, 0.0003592045963333197]
[2216, 0.0003592045963333197]
[2217, 0.0003592045963333197]
[2218, 0.0003592045963333197]
[2219, 0.0003592045963333197]
[2220, 0.0003592045963333197]
[2221, 0.0003592045963333197]
[2222, 0.0003592045963333197]
[2223, 0.0003592045963333197]
[2224, 0.0003592045963333197]
[2225, 0.0003592045963333197]
[2226, 0.0003592045963333197]
[2227, 0.0003592045963333197]
[2228, 0.0003592045963333197]
[2229, 0.0003592045963333197]
[2230, 0.0003592045963333197]
[2231, 0.0003592045963333197]
[2232, 0.0003592045963333197]
[2233, 0.0003592045963333197]
[2234, 0.0003592045963333197]
[2235, 0.0003592045963333197]
[2236, 0.0003592045963333197]
[2237, 0.0003592045963333197]
[2238, 0.0003592045963333197]
[2239, 0.0003592045963333197]
[2240, 0.0003592045963333197]
[2241, 0.0003592045963333197]
[2242, 0.0003592045963333197]
[2243, 0.0003592045963333197]
[2244, 0.0003592045963333197]
[2245, 0.0003592045963333197]
[2246, 0.0003592045963333197]
[2247, 0.0003592045963333197]
[2256, 0.0003592045963333197]
[2257, 0.0003592045963333197]
[2258, 0.0003592045963333197]
[2259, 0.0003592045963333197]
[2268, 0.0003592045963333197]
[2269, 0.0003592045963333197]
[2270, 0.0003592045963333197]
[2271, 0.0003592045963333197]
[2280, 0.0003592045963333197]
[2281, 0.0003592045963333197]
[2282, 0.0003592045963333197]
[2283, 0.0003592045963333197]
[2292, 0.0003592045963333197]
[2293, 0.0003592045963333197]
[2294, 0.0003592045963333197]
[2295, 0.0003592045963333197]
[2304, 0.0003592045963333197]
[2305, 0.0003592045963333197]
[2306, 0.0003592045963333197]
[2307, 0.0003592045963333197]
[2308, 0.0003592045963333197]
[2309, 0.0003592045963333197]
[2310, 0.0003592045963333197]
[2311, 0.0003592045963333197]
[2312, 0.0003592045963333197]
[2313, 0.0003592045963333197]
[2314, 0.0003592045963333197]
[2315, 0.0003592045963333197]
[2316, 0.0003592045963333197]
[2317, 0.0003592045963333197]
[2318, 0.0003592045963333197]
[2319, 0.0003592045963333197]
[2320, 0.0003592045963333197]
[2321, 0.0003592045963333197]
[2322, 0.0003592045963333197]
[2323, 0.0003592045963333197]
[2324, 0.0003592045963333197]
[2325, 0.0003592045963333197]
[2326, 0.0003592045963333197]
[2327, 0.0003592045963333197]
[2328, 0.0003592045963333197]
[2329, 0.0003592045963333197]
[2330, 0.0003592045963333197]
[2331, 0.0003592045963333197]
[2332, 0.0003592045963333197]
[2333, 0.0003592045963333197]
[2334, 0.0003592045963333197]
[2335, 0.0003592045963333197]
[2336, 0.0003592045963333197]
[2337, 0.0003592045963333197]
[2338, 0.0003592045963333197]
[2339, 0.0003592045963333197]
[2400, 0.0003592045963333197]
[2401, 0.0003592045963333197]
[2402, 0.0003592045963333197]
[2403, 0.0003592045963333197]
[2404, 0.0003592045963333197]
[2405, 0.0003592045963333197]
[2406, 0.0003592045963333197]
[2407, 0.0003592045963333197]
[2408, 0.0003592045963333197]
[2409, 0.0003592045963333197]
[2410, 0.0003592045963333197]
[2411, 0.0003592045963333197]
[2412, 0.0003592045963333197]
[2413, 0.0003592045963333197]
[2414, 0.0003592045963333197]
[2415, 0.0003592045963333197]
[2416, 0.0003592045963333197]
[2417, 0.0003592045963333197]
[2418, 0.0003592045963333197]
[2419, 0.0003592045963333197]
[2420, 0.0003592045963333197]
[2421, 0.0003592045963333197]
[2422, 0.0003592045963333197]
[2423, 0.0003592045963333197]
[2496, 0.0003592045963333197]
[2497, 0.0003592045963333197]
[2498, 0.0003592045963333197]
[2499, 0.0003592045963333197]
[2500, 0.0003592045963333197]
[2501, 0.0003592045963333197]
[2502, 0.0003592045963333197]
[2503, 0.0003592045963333197]
[2504, 0.0003592045963333197]
[2505, 0.0003592045963333197]
[2506, 0.0003592045963333197]
[2507, 0.0003592045963333197]
[2688, 0.0003592045963333197]
[2689, 0.0003592045963333197]
[2690, 0.0003592045963333197]
[2691, 0.0003592045963333197]
[2692, 0.0003592045963333197]
[2693, 0.0003592045963333197]
[2694, 0.0003592045963333197]
[2695, 0.0003592045963333197]
[2696, 0.0003592045963333197]
[2697, 0.0003592045963333197]
[2698, 0.0003592045963333197]
[2699, 0.0003592045963333197]
[2700, 0.0003592045963333197]
[2701, 0.0003592045963333197]
[2702, 0.0003592045963333197]
[2703, 0.0003592045963333197]
[2704, 0.0003592045963333197]
[2705, 0.0003592045963333197]
[2706, 0.0003592045963333197]
[2707, 0.0003592045963333197]
[2708, 0.0003592045963333197]
[2709, 0.0003592045963333197]
[2710, 0.0003592045963333197]
[2711, 0.0003592045963333197]
[2712, 0.0003592045963333197]
[2713, 0.0003592045963333197]
[2714, 0.0003592045963333197]
[2715, 0.0003592045963333197]
[2716, 0.0003592045963333197]
[2717, 0.0003592045963333197]
[2718, 0.0003592045963333197]
[2719, 0.0003592045963333197]
[2720, 0.0003592045963333197]
[2721, 0.0003592045963333197]
[2722, 0.0003592045963333197]
[2723, 0.0003592045963333197]
[2724, 0.0003592045963333197]
[2725, 0.0003592045963333197]
[2726, 0.0003592045963333197]
[2727, 0.0003592045963333197]
[2728, 0.0003592045963333197]
[2729, 0.0003592045963333197]
[2730, 0.0003592045963333197]
[2731, 0.0003592045963333197]
[2732, 0.0003592045963333197]
[2733, 0.0003592045963333197]
[2734, 0.0003592045963333197]
[2735, 0.0003592045963333197]
[2736, 0.0003592045963333197]
[2737, 0.0003592045963333197]
[2738, 0.0003592045963333197]
[2739, 0.0003592045963333197]
[2748, 0.0003592045963333197]
[2749, 0.0003592045963333197]
[2750, 0.0003592045963333197]
[2751, 0.0003592045963333197]
[2760, 0.0003592045963333197]
[2761, 0.0003592045963333197]
[2762, 0.0003592045963333197]
[2763, 0.0003592045963333197]
[2772, 0.0003592045963333197]
[2773, 0.0003592045963333197]
[2774, 0.0003592045963333197]
[2775, 0.0003592045963333197]
[2784, 0.0003592045963333197]
[2785, 0.0003592045963333197]
[2786, 0.0003592045963333197]
[2787, 0.0003592045963333197]
[2788, 0.0003592045963333197]
[2789, 0.0003592045963333197]
[2790, 0.0003592045963333197]
[2791, 0.0003592045963333197]
[2792, 0.0003592045963333197]
[2793, 0.0003592045963333197]
[2794, 0.0003592045963333197]
[2795, 0.0003592045963333197]
[2796, 0.0003592045963333197]
[2797, 0.0003592045963333197]
[2798, 0.0003592045963333197]
[2799, 0.0003592045963333197]
[2800, 0.0003592045963333197]
[2801, 0.0003592045963333197]
[2802, 0.0003592045963333197]
[2803, 0.0003592045963333197]
[2804, 0.0003592045963333197]
[2805, 0.0003592045963333197]
[2806, 0.0003592045963333197]
[2807, 0.0003592045963333197]
[2808, 0.0003592045963333197]
[2809, 0.0003592045963333197]
[2810, 0.0003592045963333197]
[2811, 0.0003592045963333197]
[2812, 0.0003592045963333197]
[2813, 0.0003592045963333197]
[2814, 0.0003592045963333197]
[2815, 0.0003592045963333197]
[2816, 0.0003592045963333197]
[2817, 0.0003592045963333197]
[2818, 0.0003592045963333197]
[2819, 0.0003592045963333197]
[2820, 0.0003592045963333197]
[2821, 0.0003592045963333197]
[2822, 0.0003592045963333197]
[2823, 0.0003592045963333197]
[2832, 0.0003592045963333197]
[2833, 0.0003592045963333197]
[2834, 0.0003592045963333197]
[2835, 0.0003592045963333197]
[2844, 0.0003592045963333197]
[2845, 0.0003592045963333197]
[2846, 0.0003592045963333197]
[2847, 0.0003592045963333197]
[2856, 0.0003592045963333197]
[2857, 0.0003592045963333197]
[2858, 0.0003592045963333197]
[2859, 0.0003592045963333197]
[2868, 0.0003592045963333197]
[2869, 0.0003592045963333197]
[2870, 0.0003592045963333197]
[2871, 0.0003592045963333197]
