[1, 1, 2328, 16282.46803167441]
[2, 1, 1993, 18873.575542784292]
[3, 1, 2418, 15584.329810479523]
[4, 1, 1720, 20989.96585697129]
[5, 1, 1936, 19313.33101888792]
[6, 1, 1644, 21577.799730005023]
[7, 1, 1924, 19409.208824670193]
[8, 1, 1909, 19521.33486437649]
[9, 1, 2356, 16063.245568064614]
[10, 1, 2394, 15774.099068044834]
[11, 1, 1670, 21372.570477743673]
[12, 1, 2233, 17016.651066830123]
[13, 1, 2141, 17726.78647309343]
[14, 1, 2224, 17089.893062366886]
[15, 1, 1913, 19496.336178768233]
[16, 1, 1882, 19736.3760575553]
[17, 1, 2365, 15998.468669863207]
[18, 1, 2110, 17967.54494938049]
[19, 1, 2011, 18737.91477689473]
[20, 1, 2324, 16309.59632009358]
[21, 1, 1709, 21071.028668939674]
[22, 1, 1911, 19512.23690507562]
[23, 1, 2014, 18714.435337398765]
[24, 1, 2140, 17737.159649389458]
[25, 1, 2001, 18809.528271709714]
[26, 1, 2192, 17336.318434693017]
[27, 1, 2084, 18170.600769242606]
[28, 1, 1794, 20416.702533351137]
[29, 1, 2021, 18656.409457232407]
[30, 1, 1544, 22351.881657435682]
[31, 1, 2098, 18060.87744722087]
[32, 1, 2134, 17781.72242233126]
[33, 1, 2148, 17677.64919214898]
[34, 1, 2130, 17814.482320118794]
[35, 1, 2296, 16525.841344794026]
[36, 1, 2247, 16907.586034708544]
[37, 1, 2201, 17264.77235150549]
[38, 1, 2172, 17489.584595616307]
[39, 1, 2177, 17448.538554273393]
[40, 1, 2186, 17378.696296817758]
[41, 1, 2025, 18626.109796812743]
[42, 1, 2045, 18471.496878131496]
[43, 1, 2069, 18288.548619950558]
[44, 1, 2370, 15958.133595664742]
[45, 1, 1837, 20078.50711556721]
[46, 1, 1741, 20823.50915490277]
[47, 1, 1712, 21047.32796980693]
[48, 1, 1706, 21098.51298917878]
[49, 1, 1687, 21242.395960775473]
[50, 1, 1731, 20900.22842883349]
[51, 1, 1757, 20704.042185429065]
[52, 1, 1954, 19180.286365519747]
[53, 1, 1949, 19217.69870279887]
[54, 1, 1883, 19727.61810581417]
[55, 1, 1869, 19831.408245479033]
[56, 1, 1996, 18851.568123390938]
[57, 1, 1878, 19765.53881473026]
[58, 1, 1788, 20459.612661570267]
[59, 1, 1858, 19917.649541998566]
[60, 1, 1806, 20319.103705754784]
[61, 1, 2285, 16613.584585734436]
[62, 1, 2212, 17175.567492953993]
[63, 1, 1950, 19205.130795800902]
[64, 1, 1994, 18869.692873515924]
[65, 1, 1993, 18876.02436577812]
[66, 1, 1996, 18852.568217708915]
[67, 1, 2039, 18519.381965044384]
[68, 1, 2030, 18584.269051547064]
[69, 1, 2257, 16830.991545802033]
[70, 1, 2160, 17581.69714163512]
[71, 1, 1878, 19762.362024817005]
[72, 1, 1912, 19499.289021420664]
[73, 1, 1882, 19733.42798877501]
[74, 1, 1878, 19762.362024817005]
[75, 1, 1912, 19499.289021420664]
[76, 1, 1789, 20453.581574842763]
[77, 1, 1815, 20255.27113164824]
[78, 1, 1770, 20602.596792009863]
[79, 1, 1739, 20839.54155328925]
[80, 1, 1920, 19441.011009214584]
[81, 1, 2127, 17837.532129734383]
[82, 1, 2093, 18097.371842227847]
[83, 1, 2280, 16652.33583827737]
[84, 1, 2140, 17734.62249272663]
[85, 1, 2131, 17808.912765650923]
[86, 1, 2027, 18611.355439637882]
[87, 1, 1941, 19278.819040885548]
[88, 1, 1916, 19467.15591618208]
[89, 1, 1795, 20411.174080180183]
[90, 1, 2049, 18442.202434134182]
[91, 1, 1785, 20485.617561312632]
[92, 1, 2347, 16133.566947730043]
[93, 1, 2432, 15478.535581860933]
[94, 1, 2222, 17099.72369159274]
[95, 1, 2384, 15851.283984834634]
[96, 1, 2055, 18397.407409210322]
[97, 1, 2016, 18696.286731638884]
[98, 1, 1957, 19151.815583610816]
[99, 1, 2057, 18381.24902621342]
[100, 1, 2317, 16364.538957257484]
[101, 1, 2206, 17229.175402201883]
[102, 1, 1660, 21454.260797132392]
[103, 1, 2208, 17213.628920886844]
[104, 1, 2014, 18713.856454957997]
[105, 1, 2161, 17577.811320648016]
[106, 1, 2208, 17211.860525027423]
[107, 1, 1823, 20187.742863426265]
[108, 1, 1703, 21121.083285024713]
[109, 1, 2244, 16933.547737851775]
[110, 1, 2136, 17769.219056833266]
[111, 1, 1660, 21454.260797132392]
[112, 1, 2208, 17213.628920886844]
[113, 1, 2014, 18713.856454957997]
[114, 1, 2161, 17577.811320648016]
[115, 1, 2208, 17211.860525027423]
[116, 1, 1823, 20187.742863426265]
[117, 1, 1703, 21121.083285024713]
[118, 1, 2244, 16933.547737851775]
[119, 1, 2136, 17769.219056833266]
[120, 1, 1704, 21109.865997300833]
[121, 1, 2396, 15757.296395197025]
[122, 1, 2413, 15623.949924241702]
[123, 1, 2083, 18180.85478058267]
[124, 1, 1859, 19911.650391050483]
[125, 1, 1768, 20618.429660060458]
[126, 1, 2029, 18592.681488407783]
[127, 1, 2245, 16925.16580999128]
[128, 1, 1802, 20351.30494951783]
[129, 1, 2443, 15389.807806330888]
[130, 1, 2350, 16108.247574321189]
[131, 1, 2195, 17309.85774834071]
[132, 1, 1945, 19244.738940490166]
[133, 1, 2241, 16952.371372816844]
[134, 1, 1905, 19555.24268490361]
[135, 1, 1772, 20584.401804839163]
[136, 1, 2253, 16863.40030006458]
[137, 1, 2041, 18504.02032764773]
[138, 1, 2128, 17827.142498469446]
[139, 1, 2201, 17261.76793269135]
[140, 1, 2360, 16033.009051370705]
[141, 1, 2092, 18104.587211751506]
[142, 1, 1765, 20639.23748860243]
[143, 1, 1929, 19369.716764475514]
[144, 1, 2201, 17268.079086983453]
[145, 1, 1866, 19854.111255764365]
[146, 1, 1682, 21285.599116999874]
[147, 1, 1764, 20651.06515244235]
[148, 1, 2025, 18628.631939293453]
[149, 1, 1920, 19441.36736069814]
[150, 1, 2037, 18530.1942978854]
