15.0
15.0
15.0
15.0
15.0
15.0
15.0
15.0
15.0
15.0
15.0
15.0
15.0
15.0
15.0
15.0
15.0
15.0
15.0
15.0
13.134432254631642
13.134240563928962
13.134048836474
13.133857072252647
13.113045942849723
13.091800694101716
13.091608903686572
13.091417076480761
13.091225212470354
13.091033311641024
13.069335123887196
13.069143194257148
13.046972274181465
13.046780317740922
13.046588324446162
13.046396294283062
13.04620422723747
13.046012123294993
13.04581998244149
13.045627804662928
13.04543558994506
13.045243338273846
12.437059869431314
12.436869352134414
12.43667879853402
12.436488208616145
12.436297582366747
12.436106919772474
12.435916220818914
12.435725485492544
12.435534713779598
12.43534390566571
12.435153061137596
12.414342810122147
12.393098479998532
12.392907695460512
12.371210579106934
12.37101981194988
12.348850007441643
12.303196685993093
12.303006105576054
12.02796912734987
12.02777991031936
12.02759065747938
12.027401368815932
12.027212044315906
12.027022683965276
12.026833287750891
12.0266438556592
12.026454387676138
12.02626488378845
12.026075343982495
12.025885768244361
12.025696156560887
12.025506508918323
12.00469741329563
12.004507818520839
11.983264648430886
11.983105662362444
11.982946651013199
11.982787614375678
11.961122211310332
11.960932690127775
11.960743133020594
11.93857449122419
11.938385004283978
11.938195481431952
11.938005922654282
11.915343323485393
11.892164167677233
11.891974805295009
11.891797143610301
11.89161945035663
11.734378670730557
11.734190336452281
11.73400196669761
11.733813561453585
11.733625120706312
11.733436644442923
11.712628678309564
11.712440298140955
11.691245406217762
11.669550751124204
11.669362629673394
11.669174472826523
11.66898628057053
11.646818956024171
11.646630883091934
11.646460274722063
11.646289637240299
11.646118970636847
11.623457711178503
11.623269670117333
11.507567609799356
11.507380594957493
11.507193545135285
11.507006460318818
11.506819340495689
11.506632185652421
11.506444995776068
11.50625777085361
11.506070510871409
11.505883215816997
11.48507638862916
11.484889233272265
11.48470204288199
11.484514817445552
11.463273928813045
11.441580418499909
11.441393535445192
11.44120661745875
11.396567413523533
11.396395146256195
11.396208614754308
11.39603628566199
11.372859907536183
11.3209715508614
11.25760606298414
11.257421022999917
11.257235948770319
11.235071646543219
11.212413634879361
11.189239212821683
11.189054903242234
11.165339733056554
11.165155684788688
11.164971602641405
11.164787486602092
11.164603336658194
11.164419152797223
11.16423493500711
11.16405068327487
11.143246815024215
11.122009073597626
11.12182532352281
11.078155770459308
11.029598260249223
11.029415832276804
11.029233371018766
11.02905087646288
11.028868348597552
11.028685787410087
11.028503192888428
11.028320565020511
11.028137903794143
11.027955209196964
11.027772481217161
11.027589719841993
11.02740692505964
11.027224096857964
11.0270412352245
11.026858340146974
11.026675411613171
11.02649244961129
11.026309454128432
11.026126425152823
11.005323736428032
11.005140979527114
10.98390442642528
10.940236089937535
10.907428525756059
10.907247332151416
10.90706610571041
10.906884846421029
10.906703554271237
10.90652222924945
10.906340871343412
10.906159480541213
10.905978056831268
10.90579660020119
10.905615110639227
10.905433588133459
10.905252032671918
10.89223306020959
10.884269390313783
10.819548347265396
10.799165177616594
10.79898549958754
10.798805789268867
10.798626046649266
10.79844627171742
10.798266464460976
10.79808662486894
10.777287039846538
10.777107561496043
10.77692805092774
10.776748508130524
10.755515079572731
10.711849856677562
10.701501184605043
10.701323130274059
10.701145044235043
10.70096692647624
10.700788776986615
10.700610595754599
10.700432382769229
10.700254138019037
10.700075861492982
10.699897553179252
10.699719213066663
10.699540841143834
10.699362437399762
10.699184001822543
10.678385777044873
10.678207747994739
10.678029687245365
10.656797695165334
10.656620061481764
10.656442396239395
10.61277854069472
10.612583965722676
10.61238935288481
10.61034108785083
10.610164348893994
10.609987578695529
10.609810777244576
10.609633944530346
10.609457080541285
10.609280185266664
10.609103258695539
10.608926300816368
10.608749311618444
10.608572291090725
10.608395239221775
10.608218156000628
10.608041041416257
10.607863895457623
10.607686718113492
10.607509509372802
10.60733226922448
10.607154997657052
10.586357891982749
10.586229490900408
10.586101073329354
10.585972639265544
10.585844188704689
10.58566727895734
10.585490337908345
10.585313365546329
10.585136361860304
10.584959326839185
10.563728313017315
10.563551753631232
10.563375163067441
10.524827518900267
10.524651877240274
10.52447620472586
10.524300501346099
10.524124767089864
10.523949001946503
10.523773205905256
10.523597378955294
10.51830628247487
10.518112504165147
10.517936719266975
10.517760903463543
10.502098484443124
10.501923032781994
10.501747550333274
10.501572037085706
10.501396493028636
10.501220918151311
10.501045312443132
10.500869675892684
10.50069400848954
10.500518310223017
10.493373719269051
10.479127650440397
10.47895244798614
10.478777214831435
10.47860195096556
10.478426656377753
10.47825133105715
10.456569157884248
10.456394383043458
10.44996323227274
10.445108890473799
10.444934339062314
10.44475975717795
10.444585144810446
10.444410501949184
10.444235828583112
10.44406112470195
10.443886390294844
10.443711625351328
10.443536829860419
10.443362003811496
10.443187147194232
10.443012259997403
10.442837342210893
10.442662393823374
10.442487414824674
10.442312405203833
10.442137364949936
10.4419622940527
10.441787192501266
10.441612060284514
10.441436897392226
10.441261703813334
10.441086479537109
10.44091122455292
10.440735938849931
10.440560622417312
10.440385275244592
10.44020989732043
10.428984327579162
10.419239477710446
10.419064616850157
10.418889725408874
10.41871480337629
10.418539850741737
10.418364867494045
10.418189853622923
10.418014809117304
10.417839733966959
10.410173731622324
10.396441516969912
10.396298986641986
10.396124432038542
10.395949846961232
10.395775231399712
10.39560058534317
10.395425908781188
10.395251201702557
10.395076464097196
10.394901695954104
10.387609210969899
10.373053120254953
10.37287892710057
10.372704703598478
10.372530449738555
10.372356165509546
10.366367698581598
10.366193536063955
10.366019343209597
10.365845120007684
10.365670866447527
10.365496582518912
10.365322268211097
10.365147923513446
10.364973548415445
10.364799142906282
10.36472558929616
10.364652030275874
10.364578465844343
10.364504896000588
10.348265869996842
10.34809188385688
10.34346337396926
10.343338853507836
10.343164928292163
10.343040370661571
10.34286639352148
10.324673294653076
10.321464839544916
10.321323648896652
10.321150242433134
10.320976805895539
10.32080333927361
10.299122921110452
10.299020809426693
10.297488315954217
10.297416665739375
10.297345010390867
10.297273349907412
10.297201684288645
10.29702882254584
10.296855930917646
10.296784235377979
10.296712534697896
10.29664082887668
10.296569117913497
10.29649740180755
10.296425680558286
10.296252684615094
10.29618094581209
10.275387916828018
10.275270712101753
10.275098327252323
10.274925912682345
10.274753468381476
10.258085201182643
10.234391991876576
10.234220865209753
10.234151138541874
10.23408140701227
10.233910227184968
10.233840478854171
10.233669257777795
10.233599492637895
10.233529722630287
10.233459947754815
10.233390168010606
10.233320383397102
10.233149073242076
10.232977733735748
10.232806364868257
10.232634966629508
10.211843502160308
10.211722497486626
10.211551769563956
10.211381012489298
10.211210226252929
10.211039410844661
10.21086856625457
10.21069769247241
10.206612745928167
10.189357203582176
10.189219449835802
10.183715710305103
10.183590559076665
10.175181232331644
10.17315784732947
10.172988143581923
10.172920254018553
10.172852359846178
10.169375695808817
10.167875785241822
10.151705185310593
10.151585987142095
10.151416918101066
10.15124782047203
10.148345598563933
10.143527882238926
10.143414517887518
10.138950510689192
10.129412019997831
10.116848570222787
10.116680612139254
10.116512625842354
10.116344611322377
10.116278673861858
10.116110620028255
10.115942537949083
10.115774427614483
10.115606289015297
10.115438122142045
10.115372124883073
10.1153061232686
10.115240117297533
10.115174106969747
10.11510809228463
10.115042073241247
10.114976049839239
10.114807776942502
10.105629687206608
10.10125483622962
10.101068927115332
10.093581812806761
10.09346430659255
10.093346786569326
10.082757517512754
10.072063511268052
10.07189675432626
10.062767102396617
10.061930609165765
10.06176417546402
10.06170015512567
10.061533683062587
10.061469647966383
10.061405608769725
10.061341565472096
10.061277518072782
10.061110975634511
10.060944405456626
10.060777807529604
10.06061118184413
10.06044452839121
10.06027784716154
10.060111138145842
10.059944401334562
10.04175835366045
10.038988381762794
10.03881184689072
10.038660976465087
10.038494992703887
10.017324885779294
10.017159784942287
10.009876870254294
10.009712033744288
10.009649945417545
10.009587853235471
10.009525757198102
10.009463657304645
10.009401553554923
10.009339445948038
10.009277334483814
10.009215219161787
10.009153099981196
10.009090976941888
10.009028850043252
10.008966719284619
10.008904584665775
10.008842446186307
10.008780303845464
10.00871815764292
10.008656007578107
10.008593853650458
10.00853169585991
10.00836663745844
10.008201551809492
10.008139369629733
10.007974246456643
10.007809096014366
10.007643918294127
10.002073050483611
9.999757058917735
9.999637554676134
9.986460496741605
9.981976277540126
9.97041315263008
9.970268182860426
9.970123192072208
9.97001560467623
9.969851862513954
9.96438279238647
9.964219245536263
9.959208124025501
9.959147937572533
9.959087747497092
9.958924356171279
9.958864152637238
9.958803945478728
9.95874373469516
9.95858028714918
9.958416812885048
9.958253311893907
9.95808978416683
9.958029530368552
9.957969272939692
9.957909011879792
9.957848747188528
9.957685153288327
9.957624875104885
9.957461244575361
9.949853388351658
9.944937930151353
9.944835594150472
9.940379444519646
9.936255921856066
9.936194338041021
9.936031562556735
9.927637861380076
9.927475432992061
9.918701870322517
9.917377642176932
9.91721561749481
9.91401851293453
9.913101774334356
9.910928110823127
9.91086985147286
9.910708002134317
9.910649729959694
9.91059145438943
9.910533175423005
9.910474893060083
9.91041660730034
9.910254684585636
9.910196385989583
9.910138083994983
9.889459456575723
9.889298514247672
9.87734898880768
9.86795314150074
9.86779320590083
9.866746280715176
9.866690088220203
9.866530138449827
9.866473933808182
9.866313949459252
9.866257732665636
9.866201512711806
9.866145289597158
9.866089063321656
9.866032833884613
9.865976601285757
9.865920365524753
9.865864126601473
9.86580788451522
9.865647793570382
9.865487676993517
9.865327534776625
9.8585339759302
9.844402619764525
9.844243485743432
9.844084326395855
9.823721351363039
9.823667201138097
9.823509065697575
9.823350905247837
9.823192719780515
9.823138540923287
9.823084359130743
9.822179426403709
9.821601562388373
9.821419127492485
9.821236659309546
9.820581430658114
9.820460976837683
9.812409326524426
9.8012665227946
9.801109235922835
9.800951924309397
9.800794587946346
9.800637226826154
9.800479840941033
9.800373425181165
9.792975315630072
9.79282694173326
9.791950614782463
9.781159705581596
9.781003223397379
9.780951057227613
9.780898888336859
9.780742365332864
9.780585817827133
9.780429245811778
9.780272649279402
9.780116028221908
9.779959382631844
9.779907161982235
9.779750483669925
9.77959378080717
9.779437053386273
9.779280301399343
9.77912352483864
9.77907126052313
9.779018993476097
9.77886217594242
9.778705333814266
9.776096344752046
9.775972913884775
9.775849467781363
9.77302940790777
9.772910725308465
9.772811021039182
9.772673317847197
9.772497600034656
9.772340852689515
9.761066603295015
9.756541387621144
9.756334222162758
9.756127013780352
9.755919762456271
9.752107214990952
9.740372236468705
9.740209033852803
9.738224239495842
9.738069127424371
9.737913991290753
9.737758831087655
9.737603646807532
9.737448438442824
9.737293205986278
9.737137949430373
9.73698266876757
9.736827363990272
9.736777048819775
9.736726731117542
9.73667641088373
9.73331911052116
9.73252902344269
9.728109218223771
9.728011500118946
9.727894702540485
9.727758818804306
9.725635219090185
9.718407037839814
9.718237105989585
9.718067145259305
9.71452426779417
9.714318452218023
9.714164062734529
9.70919007103961
9.706910936972122
9.697990704936155
9.697942458570042
9.69789420987613
9.697845958854474
9.697797705504858
9.697644156627087
9.697595893539136
9.697547628121814
9.697394040839585
9.697240429966259
9.697086795494576
9.696933137416863
9.696779455726418
9.696625750415727
9.696577438152952
9.69652912355621
9.696480806625187
9.69632705540302
9.696173280539119
9.696019482026227
9.695865659857281
9.695711814025023
9.684507424375846
9.684354215216839
9.684258447571992
9.684162670755617
9.684066884765613
9.6838752852575
9.683683649034105
9.673921925992754
9.673780072912493
9.67357560218944
9.673526163431488
9.673425031086033
9.673323888512376
9.673171031434965
9.673018150990355
9.67286524717111
9.672712319970177
9.67255936938039
9.663328602792884
9.659316044789884
9.658738304607313
9.657401924245761
9.65724976442285
9.657203450315958
9.657157134064278
9.657110815667412
9.656958611542453
9.656806384249462
9.656654133781378
9.656501860130712
9.65634956329102
9.656197243254802
9.65615088037776
9.655998530075026
9.655846156559434
9.655693759824045
9.649916330713264
9.648889888131295
9.641721285316349
9.641588956905528
9.641437359207808
9.641343501496433
9.641172609710777
9.640982428182934
9.640792210481733
9.640656748607626
9.640521268382242
9.639000637871506
9.637511312143035
9.63314532599504
9.632993949181019
9.63284254945007
9.63269112679508
9.632539681209495
9.632388212686175
9.632236721217922
9.628955108177555
9.6288108627072
9.622987642047388
9.622163094172757
9.621978221879477
9.618003386115015
9.61785260543033
9.617808253843524
9.617763900289695
9.617719544768665
9.61767518728024
9.617630827824183
9.617586466400514
9.617542103008974
9.617497737649346
9.617453370321586
9.617409001025374
9.617258130691342
9.617107237593451
9.61695632172514
9.616805383079107
9.616654421648906
9.616610016891215
9.616459025964867
9.616308012238456
9.616156975704994
9.613842248850677
9.61364432344147
9.613446358852542
9.613248355068603
9.607548947125178
9.604221360883534
9.604048858093327
9.603072066417715
9.600291688269229
9.600157096077263
9.600022485768887
9.599887857339256
9.59638764220838
9.595633298555779
9.595461418637814
9.59320820120233
9.593102345492182
9.592996478576149
9.592890600451847
9.59274053311046
9.59259044324695
9.592440330854703
9.59229019592687
9.586097310284176
9.583300170327394
9.583175493975666
9.58215524170442
9.582024717629679
9.58189417651761
9.581366997556811
9.581183244972724
9.580962127985112
9.578611505944444
9.578461959046017
9.57841954615403
9.578377131463228
9.57822754951072
9.578077945181542
9.577928318469201
9.577885882938991
9.577736227486065
9.577693783803968
9.577544099599598
9.577394392987985
9.574355469979576
9.571677292398471
9.571544319417741
9.571114263638728
9.570159288501259
9.57003843614751
9.569927072770328
9.557979899726154
9.555717289282846
9.55556884691959
9.55552545191312
9.555482055023578
9.555438656250818
9.555395255594833
9.555351853055084
9.55520335643561
9.555054837763
9.554906297031105
9.554757734232995
9.550011113505898
9.54990725426918
9.547958966253322
9.547827249926362
9.54766258011795
9.546269304071854
9.543520019890499
9.542485035892742
9.542337075207309
9.542189092627748
9.542041088147775
9.541893061760758
9.541745013460138
9.54159694323963
9.541556556647377
9.54151616842397
9.541475778569268
9.541327668477807
9.541287271009447
9.541139132995095
9.541098727910194
9.541058321192539
9.54101791284234
9.54086973492052
9.540829318949553
9.540788901345007
9.540748482107126
9.540708061235446
9.540667638730165
9.540519408896184
9.540371157088396
9.540222883300572
9.540074587525883
9.53992626975781
9.539885815639568
9.53973746987073
9.537518991971394
9.532359808955635
9.530849437747328
9.529439902183
9.52929219684249
9.526612306893346
9.523779516517832
9.523657297091848
9.523296499730142
9.523160101410161
9.517812243097415
9.51765402064743
9.51749577316095
9.517295793946726
9.517187895832633
9.516987855038382
9.516840673043598
9.516693469384949
9.51654624405565
9.516430790851889
9.516263890005108
9.516096961299516
9.515949648122906
9.515782666952735
9.515635307469228
9.515487926269346
9.515340523346387
9.508223913831422
9.50490026227421
9.504861892854928
9.504823521963273
9.504676796152507
9.504530048811779
9.504491665185437
9.504453280086055
9.504306499941231
9.504159698250653
9.504012875007602
9.503866030205819
9.503827621085248
9.50378921048934
9.503750798418155
9.50360391512687
9.50356549593788
9.503527075272691
9.503058883203689
9.50219449397779
9.5015286394709
9.50079853243913
9.500660029351172
9.500513195132216
9.496313718319273
9.491601486798709
9.491489836877276
9.491412775435837
9.485955452895322
9.48582079541312
9.485686119797188
9.485150946225309
9.481044330219392
9.480845524298509
9.480646678849062
9.48044779385538
9.480248869301304
9.480049905171656
9.480010570366943
9.479971234015197
9.47993189611618
9.479892556669734
9.479746755813784
9.479600933698272
9.479455090317348
9.47936248030538
9.479216602143554
9.478426115852152
9.478210849436609
9.477995536675216
9.47778017754749
9.477564772033919
9.477349320114472
9.475760089910382
9.475653718177503
9.475547335129328
9.475440940763363
9.475334535077515
9.47520831830626
9.47504247990306
9.474876613995296
9.474730530189929
9.473851499538002
9.47373751594872
9.47362351936673
9.473509509789157
9.466912344698391
9.466766707845098
9.466730295317905
9.466693881464892
9.466657466285888
9.466621049781116
9.466584631950054
9.466548212792746
9.466511792309188
9.466366097109315
9.466329669992795
9.46629324154935
9.46625681177898
9.466220380681492
9.466183948256896
9.466147514504948
9.466001766222108
9.465965325832618
9.465819550993812
9.465783103963895
9.46574665560571
9.465710205919072
9.465673754903912
9.465527937555311
9.464633295016242
9.464496594565038
9.463441188236818
9.461188542914776
9.461062286173608
9.457052210609605
9.456897148959927
9.455579857199345
9.455447576146856
9.45530223312797
9.45515686898315
9.455003095449147
9.454857687814126
9.451677117285591
9.451566821677192
9.445496457347682
9.442526877342466
9.442328673852662
9.442184077115778
9.44203945946916
9.441894820907047
9.441750161423135
9.44160548101158
9.441460779666244
9.440958445704368
9.44082105689805
9.437406627698621
9.437028942620827
9.436944246579355
9.436859543364504
9.436734966778968
9.436550564948506
9.436425949866335
9.436301319254397
9.436176673109204
9.436052011426446
9.435867483613123
9.435682921745755
9.434078765749964
9.433085735940601
9.430751166788678
9.430584043481886
9.430549660366605
9.430515276069
9.430480890589276
9.430446503927291
9.430412116082914
9.430377727056143
9.430343336846786
9.430198885051201
9.430054412388316
9.429909918851498
9.429765404434999
9.429730993162538
9.429696580706112
9.429552035456007
9.429517616840915
9.429373045720462
9.42933862094484
9.429304194984065
9.426326501987663
9.421502487151676
9.4213746509943
9.421246798494064
9.415980558533743
9.415907130847424
9.413559819796218
9.408928266745573
9.407516283707384
9.407427144896102
9.407391956335875
9.407248843434077
9.407213648599829
9.407070510177842
9.401282841088232
9.401160168469932
9.401057512470052
9.400934812207607
9.40081209688898
9.400729443392693
9.40058666217054
9.400463904122011
9.400260944503463
9.400158196154308
9.39887341907572
9.39852684499974
9.398398764830851
9.39827803359663
9.397574319013657
9.397542072567973
9.39750982508243
9.397477576557135
9.397445326991921
9.397413076386865
9.397380824741637
9.397348572056174
9.397316318330796
9.397173467897638
9.397030597056933
9.396887705803143
9.396744794130107
9.39660186203212
9.396569584215014
9.396426627071861
9.39639434359856
9.396362059083
9.396329773525144
9.396297486925027
9.396265199282567
9.396232910597545
9.396089905317014
9.396057610971956
9.396025315584163
9.39599301915319
9.395960721679382
9.395928423162454
9.393309254152165
9.39315165648752
9.388947305299142
9.384973316911369
9.384847354775939
9.384721376773319
9.381527651424678
9.377016783471037
9.37416115720399
9.373993839144735
9.373875246650924
9.373733725840298
9.373592185000456
9.373450624125763
9.373417590371638
9.37325969969665
9.373118091747873
9.372976463745081
9.371685416238902
9.370302816586731
9.37009057214245
9.369878282644796
9.369665948074461
9.365034779932872
9.364893546132596
9.36486344454773
9.364833342056809
9.364803238659883
9.364773134356508
9.364743029147208
9.364712923031433
9.36468281600956
9.36454153249201
9.364400229012615
9.364258905565418
9.364117562144536
9.363976198744929
9.363345597715337
9.363224453681337
9.362497397047543
9.362367557365195
9.3601038583914
9.359995386989459
9.358186076569424
9.358080476449157
9.357974865177455
9.35783376401407
9.354167775086433
9.353081622158724
9.352832531419555
9.352712595275822
9.347817596948573
9.34771269128773
9.34760777462157
9.34750284694766
9.346472330009554
9.340989813898256
9.340787298120333
9.340647342553336
9.340616502252796
9.34058566100116
9.340554818798312
9.340523975644457
9.340493131539178
9.339287785055486
9.339121886292975
9.33895596000588
9.338790006185068
9.335944617784412
9.334277398802977
9.33350524129297
9.333365646331226
9.333337725000598
9.333309802890366
9.333281880000738
9.33325395633134
9.333226031882143
9.33319810665347
9.333170180644746
9.33314225385646
9.333114326288136
9.333086397940093
9.333058468811993
9.333030538903804
9.333002608215835
9.332974676747558
9.332946744499274
9.332918811470803
9.332890877662186
9.332751196913424
9.332611496653046
9.332471776875332
9.332332037575224
9.332192278746815
9.329244355673191
9.329084536344451
9.328985587769226
9.328866329040666
9.328706449284853
9.325491062933432
9.325387359822084
9.325247991830695
9.325108604414625
9.32476258891637
9.324688990916934
9.324615387500875
9.324541778667548
9.317556668190834
9.317406267947181
9.317244273155309
9.316847468021832
9.316708595703956
9.31656970409981
9.315622747695816
9.314592820075296
9.314525451967715
9.314458079321774
9.310856711445592
9.310723914994526
9.308509746243386
9.308316518450917
9.308123253317445
9.307929950828797
9.307736610970597
9.307707964849786
9.307624408976686
9.307595759641812
9.307512194393269
9.30748354184338
9.30745488847272
9.307426234281122
9.307397579268581
9.307368923434826
9.307285339229507
9.30720174803779
9.307118149858745
9.307034544691229
9.306950932533605
9.306812359851783
9.30678368724448
9.306755013815284
9.304440416476611
9.302237355150686
9.301710559281533
9.301522807522682
9.301335020509876
9.301147198229577
9.300959340668678
9.30022153188379
9.300195753298176
9.300169974048064
9.300144194133486
9.300118413554113
9.300092632310426
9.30006685040189
9.300041067828703
9.300015284591021
9.299989500688486
9.29996371612106
9.2999379308889
9.299912144991978
9.299886358430186
9.299860571203501
9.299834783311812
9.29980899475519
9.299783205533592
9.299757415646969
9.299731625095248
9.299705833878328
9.299567487816674
9.296163902150877
9.29430482297475
9.29418733981711
9.29406984285691
9.294013643778563
9.293875687195174
9.293717269127837
9.293538379854153
9.291587815748441
9.289512303228173
9.288734027340523
9.287642204980441
9.279700963090468
9.2795972049282
9.279476866854848
9.279323371197778
9.279203000168437
9.279066038696497
9.27892905846557
9.27645811793712
9.276266113242485
9.276074071678462
9.27588199323082
9.275689877885332
9.275497725627961
9.275305536444474
9.275113310320686
9.275031603029058
9.274949889061393
9.270169206107502
9.270145659904701
9.270009080994654
9.269985531021533
9.269961980493829
9.269938429411624
9.269914877774571
9.26977826734182
9.269754711932814
9.269731155968957
9.269707599450467
9.26968404237696
9.26966048474848
9.269636926565337
9.267343005099452
9.267189949023507
9.263592637000574
9.263224767673435
9.261863101904883
9.261727055710066
9.261611530260769
9.261495991465072
9.261400982899282
9.261285419775552
9.260574362458833
9.260474347281166
9.256622231972695
9.25651975171876
9.256417260962346
9.255915918011087
9.254434947289532
9.249522310288917
9.24678042594624
9.246645439626837
9.246454981511265
9.246430870302861
9.246406758513102
9.242308927040208
9.242287668304172
9.242266409116482
9.242245149476755
9.242223889384931
9.24220262884143
9.242181367845744
9.242160106398243
9.24213884449866
9.242117582147019
9.2420963193433
9.242075056087451
9.242053792379698
9.24203252821958
9.24201126360751
9.241989998543277
9.241968733026939
9.24194746705819
9.241926200637398
9.24190493376444
9.236906672906487
9.236755783641792
9.23662154324267
9.2364872848224
9.236353008375998
9.23259971307999
9.232465757704391
9.232367950730032
9.231637671080419
9.231565544012057
9.231514021492432
9.231462496318468
9.230045518924557
9.228793634052435
9.227057564169982
9.224468755948084
9.223694192995296
9.221638119135958
9.21920709442323
9.219018530817264
9.218829931651955
9.21864129691386
9.218452626589484
9.21843085464629
9.218409082229277
9.218387309338022
9.218365535972865
9.218343762133562
9.218321987820362
9.218300213032888
9.218278437771353
9.216041601725122
9.215942175169973
9.215842738729147
9.215743292400726
9.214380286382394
9.214361317268287
9.214342347794606
9.214323377961021
9.214304407767564
9.214285437214201
9.21426646630119
9.21424749502807
9.214228523395159
9.214209551402483
9.214190579049827
9.214171606337118
9.214152633264687
9.214133659832257
9.21411468603967
9.214095711887214
9.21407673737482
9.21405776250241
9.214038787270134
9.214019811677629
9.214000835725141
9.213981859412536
9.21396288273991
9.213943905707092
9.213924928314404
9.2139059505615
9.21388697244829
9.212572662725268
9.21173865291605
9.205406486301154
9.20387780462308
9.203745811362325
9.203613800678843
9.203481772568079
9.201711559936367
9.201538278731235
9.20140635798483
9.201233023886303
9.201101062865721
9.201010491305171
9.200899206443463
9.200746493106182
9.200593756446493
9.200440996456862
9.200308930881784
9.200135406460145
9.199961851925682
9.197087902683903
9.196370738507648
9.195938926377757
9.194341489912802
9.19288187104007
9.19285953524394
9.192837198949066
9.192814862155132
9.192792524862368
9.192770187070675
9.189703396109753
9.189572148574513
9.189440883812775
9.189318354489123
9.189204563816801
9.189185111124115
9.189109728365576
9.189034339924808
9.188958945800684
9.188883545992438
9.188864087054684
9.188844627738234
9.188825168043229
9.188805707969465
9.1887862475171
9.188766786686175
9.188747325476376
9.188727863888051
9.18870840192088
9.188688939574911
9.18866947685035
9.185738505601499
9.185721822639938
9.185705139400026
9.185688455881836
9.185671772085561
9.185655088010693
9.185638403657592
9.185621719026171
9.18560503411624
9.185588348928203
9.185571663461516
9.185554977716665
9.185423865746673
9.185407177535682
9.1838674507281
9.181847125816574
9.181348296361643
9.181038250979233
9.177733892546982
9.174701011133347
9.17457081661061
9.174258751573971
9.173700017939431
9.171358636687716
9.171270263095256
9.171098692060463
9.171072693881483
9.170942692847454
9.1708334789182
9.16796865146893
9.167838882459023
9.165224363196959
9.165204438431486
9.165184513268821
9.165164587709274
9.165144661752807
9.165124735399303
9.16510480864874
9.164724158449937
9.16456095224506
9.16398436757879
9.16387518461578
9.162062716785053
9.16193336970175
9.161747861665953
9.161674625337008
9.161601383644596
9.161528136588064
9.161454884166547
9.161437791163
9.161420697867035
9.161403604279128
9.159016030166796
9.159001677062063
9.158987323751491
9.15897297023499
9.158958616512402
9.158944262583754
9.158929908449059
9.1589155541084
9.158901199561699
9.158886844809127
9.158872489850216
9.158858134685467
9.158843779314568
9.15882942373768
9.158815067954752
9.158800711965695
9.156515967939278
9.156439757019175
9.156301976385366
9.156225749156222
9.154405675115344
9.154293707070064
9.153518567485728
9.153320802615251
9.153191981053816
9.15306314289709
9.152934288140836
9.149761884179181
9.149638103167451
9.147879594933947
9.146219668987266
9.14616469631322
9.14546616446172
9.14450294005238
9.142157073778483
9.142133575887192
9.142026522950902
9.141919458554296
9.141791488507458
9.139544630057134
9.138891508004598
9.13877785833617
9.137314550638322
9.137297040024226
9.135343211589246
9.135215831260371
9.135201132486062
9.13507373405867
9.134966438583865
9.134951736143675
9.134790440638703
9.134629119115994
9.134614411716015
9.134599704100022
9.134584996267517
9.134570288218834
9.134555579953782
9.134540871472566
9.132672393984047
9.132545109686733
9.132533100897952
9.132521091964904
9.132509082887728
9.13249707366638
9.132485064300903
9.132473054790992
9.13246104513709
9.13244903533881
9.132321722609376
9.13230971113798
9.13218238067048
9.132055033989557
9.131927671091056
9.131915654886155
9.131788274235484
9.131776256355593
9.131764238331218
9.131752220162447
9.131740201849112
9.131728183391544
9.131716164789477
9.131199168396108
9.125199170450374
9.116959108659836
9.115310136956927
9.113632702311044
9.113587876196892
9.11354304807365
9.11352511626158
9.113507184128178
9.113489251673185
9.111987842352647
9.111972798194822
9.110877804182092
9.110415292251144
9.110290054929232
9.110164801922778
9.110096028895788
9.11002725113914
9.110014968899142
9.110002686508333
9.10999040396677
9.109978121274226
9.10996583843087
9.109953555436675
9.10858150235226
9.108571876271869
9.108562250098881
9.108552623833313
9.108542997474995
9.108533371024103
9.10852374448041
9.108514117844138
9.108504491115255
9.108494864293615
9.10848523737935
9.108475610372533
9.108465983272927
9.108456356080671
9.108446728795617
9.108437101418067
9.10831193707402
9.108302308398807
9.108292679630802
9.10828305077011
9.108273421816701
9.10814823698508
9.108138606733624
9.108013405024886
9.108003773475051
9.107878554884625
9.107868922036115
9.107859289094701
9.10784965606051
9.107840022933507
9.107830389713778
9.107820756401253
9.107811122995818
9.107801489497811
9.107791855906873
9.107782222223157
9.107772588446515
9.10776295457718
9.107753320615151
9.107743686560235
9.106218349839605
9.099050198542173
9.097636762522825
9.096426474805988
9.09532848343682
9.09484895986129
9.094798706409481
9.092618284827534
9.090212191797145
9.090122702537066
9.088958438973632
9.088835036841022
9.088732627766252
9.087577461177661
9.087454127553825
9.087411728107824
9.087246137470615
9.085363871810417
9.08518405451335
9.085174200576413
9.085164346542404
9.085154492411379
9.084257619599876
9.08425037969681
9.084243139741574
9.084235899733779
9.084228659673636
9.084221419560905
9.084214179395996
9.084206939178507
9.084199698908696
9.084192458586458
9.08418521821175
9.084177977784712
9.084054882502857
9.08404764113199
9.08404039970893
9.084033158233256
9.084025916705238
9.084018675124877
9.083895560232918
9.083772430183735
9.083649284973323
9.083526124597865
9.083518879397632
9.082141161100264
9.082047666019609
9.081960067961079
9.074747668952881
9.073707785574037
9.072106596067945
9.072035733513275
9.071406921781831
9.069897930098513
9.066351541934875
9.06626567312699
9.066170912782306
9.06372092892572
9.063599758650602
9.063461516853392
9.062823592906856
9.062702436369975
9.062665559728044
9.062544384043939
9.06250750157361
9.061871221453702
9.060797393208214
9.060789981466815
9.060782569670588
9.060340985397286
9.060219967809928
9.060215126801866
9.060210285770394
9.060205444715475
9.060200603637092
9.060195762535264
9.06019092141015
9.060186080261424
9.060065043927473
9.059459557837167
9.059315331905282
9.058321443788076
9.055451877001294
9.055300394074878
9.054755373809977
9.053912187084475
9.045181340236992
9.045060269568534
9.03835015445552
9.038347730931878
9.038345307402311
9.038342883867026
9.03834046032571
9.03833803677843
9.03833561322542
9.038333189666579
9.038330766101831
9.03832834253118
9.038325918954623
9.03832349537217
9.038321071783985
9.038318648189803
9.038316224589805
9.038313800983804
9.038195037099022
9.038192613199579
9.038190189294111
9.03818776538268
9.038185341465507
9.038129912955387
9.038002217732453
9.037904538029654
9.037806848785676
9.037709149998696
9.037581401038057
9.037453635757418
9.037317659003486
9.037215889469815
9.037210935821227
9.034499298320911
9.034442591110468
9.033775416852093
9.031624875941544
9.022846866533321
9.022729625610802
9.022649489015533
9.022532224951448
9.022414947136463
9.022334785322156
9.022254617082224
9.02213730670759
9.022057122635738
9.021976932134617
9.017504667530947
9.017395616542611
9.016970292118115
9.0136770155037
9.01356058224114
9.013486481288801
9.013454722057057
9.013422961816792
9.009138576263918
9.00779261037732
9.00767994647061
9.005726103744188
9.005533408225933
9.002848216005683
9.00222013429001
9.002064810941
8.994843400833794
8.993773518993217
8.993659280494219
8.993545028944808
8.993093911229227
8.991696748921635
8.991114589588317
8.99046761567624
8.990353635123139
8.990239641578725
8.990210478352445
8.986463203841561
8.98469759602983
8.981728869570262
8.978186898752407
8.972635425467468
8.972523521496644
8.972411605003675
8.972299675985498
8.968273337509077
8.960463665692416
8.960389029053527
8.960314386844294
8.959535175131498
8.959407582388375
8.959279973365387
8.9570565829359
8.95702099053927
8.946909629354279
8.943775753453084
8.94051024259143
8.940433337202027
8.938292189330959
8.932479188079967
8.930600758212844
8.930545496938304
8.925933811995698
8.925870027728916
8.925806239394147
8.925742446990565
8.925721181951797
8.92567865051793
8.925657384122696
8.925636117275348
8.923344399305357
8.920659191775174
8.920543111098917
8.916838851798545
8.916808298374375
8.916777744016562
8.912761418521011
8.91271404359544
8.91266666642586
8.91261928701176
8.909210104165375
8.90848367357366
8.897554559914035
8.89403836199888
8.888931610670014
8.885378601318067
8.885362634426878
8.884831074870599
8.87861291292367
8.878587427619092
8.878561941665204
8.878536455061644
8.87309583785783
8.868936463812899
8.865899860717358
8.860196060559582
8.860173117233673
8.857533466660916
8.857378688127119
8.857281315162954
8.857183932717753
8.846613742297581
8.846496526444676
8.84174688589336
8.841726478756403
8.841706071203175
8.8416856632334
8.84166525484722
8.840941666763289
8.840791776857282
8.839250775244704
8.834400549983856
8.829567596213774
8.829436580110364
8.827369154133178
8.827275832096866
8.82724650051586
8.827153167033686
8.823198248643866
8.823180373613368
8.823162498263104
8.822881875369163
8.82284095745525
8.822800037867108
8.8212168688745
8.808827254912227
8.804345561107258
8.804313048238988
8.80416547655061
8.804132957827557
8.795435384552052
8.794069574467619
8.790540400980628
8.787231802423976
8.783927947197386
8.7838318473486
8.783735738265063
8.772803608721192
8.770543612544197
8.770400904637508
8.754312925149362
8.754287884443686
8.754205245666043
8.75418020226439
8.754155158235358
8.738379251715829
8.736581477138886
8.707442456551764
8.705406423908522
8.695602941822795
8.673602019088262
8.557130762284139
8.332558307332658
8.332558307332798
8.332558307332667
8.332558307332807
8.332558307332672
8.332558307332768
8.33255830733282
8.332558307332679
8.332558307332775
8.332558307332825
8.332558307332684
8.332558307332778
8.332558307332825
8.332558307332684
8.33255830733278
8.332558307332825
8.332558307332684
8.332558307332778
8.332558307332825
8.332558307332684
8.33255830733278
8.332558307332825
8.332558307332684
8.332558307332778
8.332558307332825
8.332558307332684
8.33255830733278
8.332558307332825
8.332558307332684
8.33255830733278
8.332558307332825
8.332558307332684
8.33255830733278
8.332558307332825
8.332558307332684
8.33255830733278
8.332558307332826
8.332558307332684
8.33255830733278
8.332558307332826
8.332558307332684
8.33255830733278
8.332558307332826
8.332558307332686
8.33255830733278
8.332558307332826
8.332558307332686
8.33255830733278
8.332558307332826
8.332558307332686
8.33255830733278
8.332558307332826
8.332558307332686
8.33255830733278
8.332558307332826
8.332558307332688
8.33255830733278
8.332558307332826
8.332558307332688
8.33255830733278
8.332558307332826
8.332558307332688
8.33255830733278
8.332558307332826
8.332558307332688
8.33255830733278
8.332558307332826
8.332558307332688
8.33255830733278
8.332558307332826
8.332558307332688
8.33255830733278
8.332558307332826
8.332558307332688
8.33255830733278
8.332558307332826
8.332558307332688
8.33255830733278
8.332558307332826
8.332558307332688
8.33255830733278
8.332558307332826
8.332558307332688
8.33255830733278
8.332558307332826
8.332558307332688
8.33255830733278
8.332558307332826
8.332558307332688
8.33255830733278
8.332558307332826
8.332558307332688
8.33255830733278
8.332558307332826
8.332558307332688
8.33255830733278
8.332558307332826
8.332558307332688
8.33255830733278
8.332558307332826
8.332558307332688
8.33255830733278
8.332558307332826
8.332558307332688
8.33255830733278
8.332558307332826
8.332558307332688
8.33255830733278
8.332558307332826
8.332558307332688
8.33255830733278
8.332558307332826
8.332558307332688
8.33255830733278
8.332558307332826
8.332558307332688
8.33255830733278
8.332558307332826
8.332558307332688
8.33255830733278
8.332558307332826
8.332558307332688
8.33255830733278
8.332558307332826
8.332558307332688
8.33255830733278
8.332558307332826
8.332558307332688
8.33255830733278
8.332558307332828
8.332558307332686
8.33255830733278
8.332558307332826
8.332558307332688
8.33255830733278
8.332558307332826
8.332558307332688
8.33255830733278
8.332558307332826
8.332558307332688
8.33255830733278
8.332558307332828
8.332558307332686
8.33255830733278
8.332558307332826
8.332558307332688
8.33255830733278
8.332558307332826
8.332558307332688
8.33255830733278
8.332558307332826
8.332558307332688
8.33255830733278
8.332558307332828
8.332558307332686
8.33255830733278
8.332558307332826
8.332558307332688
8.33255830733278
8.332558307332826
8.332558307332688
8.33255830733278
8.332558307332826
8.332558307332688
8.33255830733278
8.332558307332828
8.332558307332686
8.33255830733278
8.332558307332826
8.332558307332688
8.33255830733278
8.332558307332826
8.332558307332688
8.33255830733278
8.332558307332826
8.332558307332688
8.33255830733278
8.332558307332828
8.332558307332686
8.33255830733278
8.332558307332826
8.332558307332688
8.33255830733278
8.332558307332826
8.332558307332688
8.33255830733278
8.332558307332828
8.332558307332686
8.33255830733278
8.332558307332826
8.332558307332688
8.33255830733278
8.332558307332826
8.332558307332688
8.33255830733278
8.332558307332828
8.332558307332686
8.33255830733278
8.332558307332826
8.332558307332688
8.33255830733278
8.332558307332826
8.332558307332688
8.33255830733278
8.332558307332828
8.332558307332686
8.33255830733278
8.332558307332826
8.332558307332688
8.33255830733278
8.332558307332828
8.332558307332686
8.33255830733278
8.332558307332826
8.332558307332688
8.33255830733278
8.332558307332828
8.332558307332686
8.33255830733278
8.332558307332826
8.332558307332688
8.33255830733278
8.332558307332828
8.332558307332686
8.33255830733278
8.332558307332826
8.332558307332688
8.33255830733278
8.332558307332828
8.332558307332686
8.33255830733278
8.332558307332826
8.332558307332688
8.33255830733278
8.332558307332828
8.332558307332686
8.33255830733278
8.332558307332826
8.332558307332688
8.33255830733278
8.332558307332826
8.332558307332688
8.33255830733278
8.332558307332828
8.332558307332686
8.33255830733278
8.332558307332828
8.332558307332686
8.33255830733278
8.332558307332828
8.332558307332686
8.33255830733278
8.332558307332828
8.332558307332686
8.33255830733278
8.332558307332828
8.332558307332688
8.33255830733278
8.33255830733283
8.332558307332688
8.33255830733278
8.33255830733283
8.332558307332688
8.33255830733278
8.33255830733283
8.332558307332688
8.33255830733278
8.33255830733283
8.332558307332688
8.33255830733278
8.33255830733283
8.332558307332688
8.33255830733278
8.33255830733283
8.332558307332688
8.33255830733278
8.33255830733283
8.332558307332688
8.33255830733278
8.33255830733283
8.33255830733269
8.33255830733278
8.33255830733283
8.332558307332688
8.33255830733278
8.33255830733283
8.33255830733269
8.33255830733278
8.33255830733283
8.33255830733269
8.33255830733278
8.33255830733283
8.332558307332688
8.33255830733278
8.33255830733283
8.33255830733269
8.33255830733278
8.33255830733283
8.33255830733269
8.33255830733278
8.33255830733283
8.332558307332688
8.33255830733278
8.33255830733283
8.332558307332688
8.33255830733278
8.33255830733283
8.332558307332688
8.33255830733278
8.33255830733283
8.332558307332688
8.33255830733278
8.33255830733283
8.332558307332688
8.33255830733278
8.33255830733283
8.332558307332688
8.33255830733278
8.33255830733283
8.332558307332688
8.33255830733278
8.33255830733283
8.332558307332688
8.33255830733278
8.33255830733283
8.332558307332688
8.33255830733278
8.33255830733283
8.332558307332688
8.33255830733278
8.33255830733283
8.332558307332688
8.33255830733278
8.33255830733283
8.332558307332688
8.33255830733278
8.33255830733283
8.332558307332688
8.33255830733278
8.33255830733283
8.332558307332688
8.33255830733278
8.33255830733283
8.332558307332688
8.33255830733278
8.33255830733283
8.332558307332688
8.33255830733278
8.332558307332828
8.332558307332688
8.33255830733278
8.33255830733283
8.332558307332688
8.33255830733278
8.332558307332828
8.332558307332688
8.33255830733278
8.33255830733283
8.332558307332688
8.33255830733278
8.332558307332828
8.332558307332688
8.33255830733278
8.332558307332828
8.332558307332686
8.33255830733278
8.332558307332828
8.332558307332688
8.33255830733278
8.332558307332828
8.332558307332686
8.33255830733278
8.332558307332828
8.332558307332688
8.33255830733278
8.332558307332828
8.332558307332688
8.33255830733278
8.332558307332828
8.332558307332688
8.33255830733278
8.332558307332828
8.332558307332688
8.33255830733278
8.332558307332828
8.332558307332688
8.33255830733278
8.332558307332828
8.332558307332688
8.33255830733278
8.33255830733283
8.332558307332688
8.33255830733278
8.33255830733283
8.332558307332688
8.33255830733278
8.33255830733283
8.332558307332688
8.33255830733278
8.33255830733283
8.332558307332688
8.33255830733278
8.33255830733283
8.332558307332688
8.33255830733278
8.33255830733283
8.332558307332688
8.33255830733278
8.33255830733283
8.332558307332688
8.33255830733278
8.33255830733283
8.332558307332688
8.33255830733278
8.33255830733283
8.332558307332688
8.33255830733278
8.33255830733283
8.332558307332688
8.33255830733278
8.33255830733283
8.332558307332688
8.33255830733278
8.33255830733283
8.332558307332688
8.33255830733278
8.33255830733283
8.332558307332688
8.33255830733278
8.33255830733283
8.332558307332688
8.33255830733278
8.33255830733283
8.332558307332688
8.33255830733278
8.33255830733283
8.332558307332688
8.33255830733278
8.33255830733283
8.332558307332688
8.33255830733278
8.33255830733283
8.332558307332688
8.33255830733278
8.33255830733283
8.332558307332688
8.33255830733278
8.33255830733283
8.332558307332688
8.33255830733278
8.33255830733283
8.332558307332688
8.33255830733278
8.33255830733283
8.332558307332688
8.33255830733278
8.33255830733283
8.332558307332688
8.33255830733278
8.33255830733283
8.332558307332688
8.33255830733278
8.33255830733283
8.332558307332688
8.33255830733278
8.33255830733283
8.332558307332688
8.33255830733278
8.33255830733283
8.332558307332688
8.33255830733278
8.33255830733283
8.332558307332688
8.33255830733278
8.33255830733283
8.332558307332688
8.33255830733278
8.33255830733283
8.332558307332688
8.33255830733278
8.33255830733283
8.332558307332688
8.33255830733278
8.33255830733283
8.332558307332688
8.33255830733278
8.33255830733283
8.332558307332688
8.33255830733278
8.33255830733283
8.332558307332688
8.33255830733278
8.33255830733283
8.332558307332688
8.33255830733278
8.33255830733283
8.332558307332688
8.33255830733278
8.33255830733283
8.332558307332688
8.33255830733278
8.33255830733283
8.332558307332688
8.33255830733278
8.33255830733283
8.332558307332688
8.33255830733278
8.33255830733283
8.332558307332688
8.33255830733278
8.33255830733283
8.332558307332688
8.33255830733278
8.33255830733283
8.332558307332688
8.33255830733278
8.33255830733283
8.332558307332688
8.33255830733278
8.33255830733283
8.332558307332688
8.33255830733278
8.33255830733283
8.332558307332688
8.33255830733278
8.33255830733283
8.332558307332688
8.33255830733278
8.33255830733283
8.332558307332688
8.33255830733278
8.33255830733283
8.332558307332688
8.33255830733278
8.33255830733283
8.332558307332688
8.33255830733278
8.33255830733283
8.332558307332688
8.33255830733278
8.33255830733283
8.332558307332688
8.33255830733278
8.33255830733283
8.332558307332688
8.33255830733278
8.33255830733283
8.332558307332688
8.33255830733278
8.33255830733283
8.332558307332688
8.33255830733278
8.33255830733283
8.332558307332688
8.33255830733278
8.33255830733283
8.332558307332688
8.33255830733278
8.33255830733283
8.332558307332688
8.33255830733278
8.33255830733283
8.332558307332688
8.33255830733278
8.33255830733283
8.332558307332688
8.33255830733278
8.33255830733283
8.332558307332688
8.33255830733278
8.332558307332828
8.332558307332688
8.33255830733278
8.332558307332828
8.332558307332688
8.33255830733278
8.332558307332828
8.332558307332688
8.33255830733278
8.332558307332828
8.332558307332688
8.33255830733278
8.332558307332828
8.332558307332688
8.33255830733278
8.332558307332828
8.332558307332688
8.33255830733278
8.332558307332828
8.332558307332688
8.33255830733278
8.332558307332828
8.332558307332688
8.33255830733278
8.332558307332828
8.332558307332688
8.33255830733278
8.332558307332828
8.332558307332688
8.33255830733278
8.332558307332828
8.332558307332688
8.33255830733278
8.332558307332828
8.332558307332688
8.33255830733278
8.332558307332828
8.332558307332688
8.33255830733278
8.332558307332828
8.332558307332688
8.33255830733278
8.33255830733283
8.332558307332688
8.33255830733278
8.33255830733283
8.332558307332688
8.33255830733278
8.33255830733283
8.332558307332688
8.33255830733278
8.33255830733283
8.332558307332688
8.33255830733278
8.33255830733283
8.332558307332688
8.33255830733278
8.33255830733283
8.332558307332688
8.33255830733278
8.33255830733283
8.332558307332688
8.33255830733278
8.33255830733283
8.332558307332688
8.33255830733278
8.33255830733283
8.332558307332688
8.33255830733278
8.33255830733283
8.332558307332688
8.33255830733278
8.33255830733283
8.332558307332688
8.33255830733278
8.33255830733283
8.332558307332688
8.33255830733278
8.33255830733283
8.332558307332688
8.33255830733278
8.33255830733283
8.332558307332688
8.33255830733278
8.33255830733283
8.332558307332688
8.33255830733278
8.33255830733283
8.332558307332688
8.33255830733278
8.33255830733283
8.332558307332688
8.33255830733278
8.33255830733283
8.332558307332688
8.33255830733278
8.33255830733283
8.332558307332688
8.33255830733278
8.33255830733283
8.332558307332688
8.33255830733278
8.33255830733283
8.332558307332688
8.33255830733278
8.33255830733283
8.332558307332688
8.33255830733278
8.33255830733283
8.332558307332688
8.33255830733278
8.33255830733283
8.332558307332688
8.33255830733278
8.33255830733283
8.33255830733269
8.33255830733278
8.33255830733283
8.33255830733269
8.33255830733278
8.33255830733283
8.33255830733269
8.33255830733278
8.33255830733283
8.33255830733269
8.33255830733278
8.33255830733283
8.33255830733269
8.33255830733278
8.33255830733283
8.33255830733269
8.332558307332782
8.33255830733283
8.33255830733269
8.332558307332784
8.33255830733283
8.33255830733269
8.332558307332782
8.33255830733283
8.33255830733269
8.332558307332782
8.33255830733283
8.33255830733269
8.332558307332784
8.33255830733283
8.33255830733269
8.332558307332784
8.33255830733283
8.33255830733269
8.332558307332784
8.33255830733283
8.33255830733269
8.332558307332784
8.33255830733283
8.33255830733269
8.332558307332784
8.33255830733283
8.33255830733269
8.332558307332784
8.33255830733283
8.33255830733269
8.332558307332784
8.33255830733283
8.33255830733269
8.332558307332782
8.33255830733283
8.33255830733269
8.332558307332782
8.33255830733283
8.33255830733269
8.33255830733278
8.33255830733283
8.33255830733269
8.33255830733278
8.33255830733283
8.33255830733269
8.33255830733278
8.33255830733283
8.33255830733269
8.33255830733278
8.33255830733283
8.33255830733269
8.33255830733278
8.33255830733283
8.33255830733269
8.33255830733278
8.33255830733283
8.33255830733269
8.33255830733278
8.33255830733283
8.33255830733269
8.33255830733278
8.33255830733283
8.33255830733269
8.33255830733278
8.33255830733283
8.33255830733269
8.33255830733278
8.33255830733283
8.33255830733269
8.33255830733278
8.33255830733283
8.33255830733269
8.33255830733278
8.33255830733283
8.33255830733269
8.33255830733278
8.33255830733283
8.33255830733269
8.33255830733278
8.33255830733283
8.33255830733269
8.33255830733278
8.33255830733283
8.33255830733269
8.33255830733278
8.33255830733283
8.33255830733269
8.33255830733278
8.33255830733283
8.33255830733269
8.33255830733278
8.33255830733283
8.33255830733269
8.33255830733278
8.33255830733283
8.33255830733269
8.33255830733278
8.33255830733283
8.33255830733269
8.33255830733278
8.33255830733283
8.33255830733269
8.33255830733278
8.33255830733283
8.33255830733269
8.33255830733278
8.33255830733283
8.33255830733269
8.33255830733278
8.33255830733283
8.33255830733269
8.33255830733278
8.33255830733283
8.33255830733269
8.33255830733278
8.33255830733283
8.33255830733269
8.33255830733278
8.33255830733283
8.33255830733269
8.33255830733278
8.33255830733283
8.33255830733269
8.33255830733278
8.33255830733283
8.33255830733269
8.33255830733278
8.33255830733283
8.33255830733269
8.33255830733278
8.33255830733283
8.33255830733269
8.332558307332782
8.33255830733283
8.33255830733269
8.332558307332782
8.33255830733283
8.33255830733269
8.33255830733278
8.33255830733283
8.33255830733269
8.33255830733278
8.33255830733283
8.33255830733269
8.33255830733278
8.33255830733283
8.33255830733269
8.33255830733278
8.33255830733283
8.33255830733269
8.33255830733278
8.33255830733283
8.33255830733269
8.33255830733278
8.33255830733283
8.33255830733269
8.33255830733278
8.33255830733283
8.33255830733269
8.33255830733278
8.33255830733283
8.33255830733269
8.33255830733278
8.33255830733283
8.33255830733269
8.33255830733278
8.33255830733283
8.33255830733269
8.33255830733278
8.33255830733283
8.33255830733269
8.33255830733278
8.33255830733283
8.33255830733269
8.33255830733278
8.33255830733283
8.33255830733269
8.33255830733278
8.33255830733283
8.33255830733269
8.33255830733278
8.33255830733283
8.33255830733269
8.33255830733278
8.33255830733283
8.33255830733269
8.33255830733278
8.33255830733283
8.332558307332688
8.33255830733278
8.33255830733283
8.332558307332688
8.33255830733278
8.33255830733283
8.332558307332688
8.33255830733278
8.33255830733283
8.332558307332688
8.33255830733278
8.33255830733283
8.332558307332688
8.33255830733278
8.33255830733283
8.332558307332688
8.33255830733278
8.33255830733283
8.332558307332688
8.33255830733278
8.33255830733283
8.332558307332688
8.33255830733278
8.33255830733283
8.332558307332688
8.33255830733278
8.33255830733283
8.332558307332688
8.33255830733278
8.33255830733283
8.332558307332688
8.33255830733278
8.33255830733283
8.332558307332688
8.33255830733278
8.33255830733283
8.332558307332688
8.33255830733278
8.33255830733283
8.332558307332688
8.33255830733278
8.33255830733283
8.332558307332688
8.33255830733278
8.33255830733283
8.332558307332688
8.33255830733278
8.33255830733283
8.332558307332688
8.33255830733278
8.33255830733283
8.332558307332688
8.33255830733278
8.33255830733283
8.332558307332688
8.33255830733278
8.33255830733283
8.332558307332688
8.33255830733278
8.33255830733283
8.332558307332688
8.33255830733278
8.33255830733283
8.332558307332688
8.33255830733278
8.33255830733283
8.332558307332688
8.33255830733278
8.33255830733283
8.332558307332688
8.33255830733278
8.33255830733283
8.332558307332688
8.33255830733278
8.33255830733283
8.332558307332688
8.33255830733278
8.33255830733283
8.332558307332688
8.33255830733278
8.33255830733283
8.332558307332688
8.33255830733278
8.33255830733283
8.332558307332688
8.33255830733278
8.33255830733283
8.332558307332688
8.33255830733278
8.33255830733283
8.332558307332688
8.33255830733278
8.33255830733283
8.332558307332688
8.33255830733278
8.33255830733283
8.332558307332688
8.33255830733278
8.33255830733283
8.332558307332688
8.33255830733278
8.33255830733283
8.332558307332688
8.33255830733278
8.33255830733283
8.332558307332688
8.33255830733278
8.33255830733283
8.332558307332688
8.33255830733278
8.33255830733283
8.332558307332688
8.33255830733278
8.33255830733283
8.332558307332688
8.33255830733278
8.33255830733283
8.332558307332688
8.33255830733278
8.33255830733283
8.332558307332688
8.33255830733278
8.33255830733283
8.332558307332688
8.33255830733278
8.33255830733283
8.332558307332688
8.33255830733278
8.33255830733283
8.332558307332688
8.33255830733278
8.33255830733283
8.332558307332688
8.33255830733278
8.33255830733283
8.332558307332688
8.33255830733278
8.33255830733283
8.332558307332688
8.33255830733278
8.33255830733283
8.332558307332688
8.33255830733278
8.33255830733283
8.332558307332688
8.33255830733278
8.33255830733283
8.332558307332688
8.33255830733278
8.332558307332828
8.332558307332688
8.33255830733278
8.33255830733283
8.332558307332688
8.33255830733278
8.332558307332828
8.332558307332688
8.33255830733278
8.332558307332828
8.332558307332688
8.33255830733278
8.332558307332828
8.332558307332688
8.33255830733278
8.332558307332828
8.332558307332688
8.33255830733278
8.332558307332828
8.332558307332688
8.33255830733278
8.332558307332828
8.332558307332688
8.33255830733278
8.332558307332828
8.332558307332688
8.33255830733278
8.332558307332828
8.332558307332688
8.33255830733278
8.332558307332828
8.332558307332688
8.33255830733278
8.332558307332828
8.332558307332688
8.33255830733278
8.332558307332828
8.332558307332688
8.33255830733278
8.332558307332828
8.332558307332688
8.33255830733278
8.332558307332828
8.332558307332688
8.33255830733278
8.332558307332828
8.332558307332688
8.33255830733278
8.332558307332828
8.332558307332688
8.33255830733278
8.332558307332828
8.332558307332688
8.33255830733278
8.332558307332828
8.332558307332688
8.33255830733278
8.332558307332828
8.332558307332688
8.33255830733278
8.332558307332828
8.332558307332688
8.33255830733278
8.33255830733283
8.332558307332688
8.33255830733278
8.33255830733283
8.332558307332688
8.33255830733278
8.33255830733283
8.332558307332688
8.33255830733278
8.33255830733283
8.332558307332688
8.33255830733278
8.33255830733283
8.332558307332688
8.33255830733278
8.33255830733283
8.332558307332688
8.33255830733278
8.33255830733283
8.332558307332688
8.33255830733278
8.33255830733283
8.332558307332688
8.33255830733278
8.33255830733283
8.332558307332688
8.33255830733278
8.33255830733283
8.332558307332688
8.33255830733278
8.33255830733283
8.332558307332688
8.33255830733278
8.33255830733283
8.332558307332688
8.33255830733278
8.33255830733283
8.332558307332688
8.33255830733278
8.33255830733283
8.332558307332688
8.33255830733278
8.33255830733283
8.332558307332688
8.33255830733278
8.33255830733283
8.332558307332688
8.33255830733278
8.33255830733283
8.332558307332688
8.33255830733278
8.33255830733283
8.332558307332688
8.33255830733278
8.33255830733283
8.332558307332688
8.33255830733278
8.33255830733283
8.332558307332688
8.33255830733278
8.33255830733283
8.332558307332688
8.33255830733278
8.33255830733283
8.332558307332688
8.33255830733278
8.33255830733283
8.332558307332688
8.33255830733278
8.33255830733283
8.332558307332688
8.33255830733278
8.33255830733283
8.332558307332688
8.33255830733278
8.33255830733283
8.332558307332688
8.33255830733278
8.33255830733283
8.332558307332688
8.33255830733278
8.33255830733283
8.332558307332688
8.33255830733278
8.33255830733283
8.332558307332688
8.33255830733278
8.33255830733283
8.332558307332688
8.33255830733278
8.33255830733283
8.332558307332688
8.33255830733278
8.33255830733283
8.332558307332688
8.33255830733278
8.33255830733283
8.332558307332688
8.33255830733278
8.33255830733283
8.332558307332688
8.33255830733278
8.33255830733283
8.332558307332688
8.33255830733278
8.33255830733283
8.332558307332688
8.33255830733278
8.33255830733283
8.332558307332688
8.33255830733278
8.33255830733283
8.332558307332688
8.33255830733278
8.33255830733283
8.332558307332688
8.33255830733278
8.33255830733283
8.332558307332688
8.33255830733278
8.33255830733283
8.332558307332688
8.33255830733278
8.33255830733283
8.332558307332688
8.33255830733278
8.33255830733283
8.332558307332688
8.33255830733278
8.33255830733283
8.332558307332688
8.33255830733278
8.33255830733283
8.332558307332688
8.33255830733278
8.33255830733283
8.332558307332688
8.33255830733278
8.33255830733283
8.332558307332688
8.33255830733278
8.33255830733283
8.332558307332688
8.33255830733278
8.33255830733283
8.332558307332688
8.33255830733278
8.33255830733283
8.332558307332688
8.33255830733278
8.33255830733283
8.332558307332688
8.33255830733278
8.33255830733283
8.332558307332688
8.33255830733278
8.33255830733283
8.332558307332688
8.33255830733278
8.33255830733283
8.332558307332688
8.33255830733278
8.33255830733283
8.332558307332688
8.33255830733278
8.33255830733283
8.332558307332688
8.33255830733278
8.33255830733283
8.332558307332688
8.33255830733278
8.33255830733283
8.332558307332688
8.33255830733278
8.33255830733283
8.332558307332688
8.33255830733278
8.33255830733283
8.332558307332688
8.33255830733278
8.33255830733283
8.332558307332688
8.33255830733278
8.33255830733283
8.332558307332688
8.33255830733278
8.33255830733283
8.332558307332688
8.33255830733278
8.33255830733283
8.332558307332688
8.33255830733278
8.33255830733283
8.332558307332688
8.33255830733278
8.33255830733283
8.332558307332688
8.33255830733278
8.33255830733283
8.332558307332688
8.33255830733278
8.33255830733283
8.332558307332688
8.33255830733278
8.33255830733283
8.332558307332688
8.33255830733278
8.33255830733283
8.332558307332688
8.33255830733278
8.33255830733283
8.332558307332688
8.33255830733278
8.33255830733283
8.332558307332688
8.33255830733278
8.33255830733283
8.332558307332688
8.33255830733278
8.33255830733283
8.332558307332688
8.33255830733278
8.33255830733283
8.332558307332688
8.33255830733278
8.33255830733283
8.332558307332688
8.33255830733278
8.33255830733283
8.332558307332688
8.33255830733278
8.33255830733283
8.332558307332688
8.33255830733278
8.33255830733283
8.332558307332688
8.33255830733278
8.33255830733283
8.332558307332688
8.33255830733278
8.33255830733283
8.332558307332688
8.33255830733278
8.33255830733283
8.332558307332688
8.33255830733278
8.33255830733283
8.332558307332688
8.33255830733278
8.33255830733283
8.332558307332688
8.33255830733278
8.33255830733283
8.332558307332688
8.33255830733278
8.33255830733283
8.332558307332688
8.33255830733278
8.33255830733283
8.332558307332688
8.33255830733278
8.33255830733283
8.332558307332688
8.33255830733278
8.33255830733283
8.332558307332688
8.33255830733278
8.33255830733283
8.332558307332688
8.33255830733278
8.33255830733283
8.332558307332688
8.33255830733278
8.33255830733283
8.332558307332688
8.33255830733278
8.332558307332828
8.332558307332688
8.33255830733278
8.33255830733283
8.332558307332688
8.33255830733278
8.33255830733283
8.332558307332688
8.33255830733278
8.33255830733283
8.332558307332688
8.33255830733278
8.33255830733283
8.332558307332688
8.33255830733278
8.33255830733283
8.332558307332688
8.33255830733278
8.332558307332828
8.332558307332688
8.33255830733278
8.332558307332828
8.332558307332688
8.33255830733278
8.332558307332828
8.332558307332688
8.33255830733278
8.332558307332828
8.332558307332688
8.33255830733278
8.332558307332828
8.332558307332688
8.33255830733278
8.332558307332828
8.332558307332688
8.33255830733278
8.332558307332828
8.332558307332688
8.33255830733278
8.332558307332828
8.332558307332686
8.33255830733278
8.332558307332828
8.332558307332686
8.33255830733278
8.332558307332828
8.332558307332686
8.33255830733278
8.332558307332828
8.332558307332686
8.33255830733278
8.332558307332826
8.332558307332688
8.33255830733278
8.332558307332826
8.332558307332688
8.33255830733278
8.332558307332826
8.332558307332688
8.33255830733278
8.332558307332826
8.332558307332688
8.33255830733278
8.332558307332826
8.332558307332688
8.33255830733278
8.332558307332826
8.332558307332686
8.33255830733278
8.332558307332826
8.332558307332686
8.33255830733278
8.332558307332826
8.332558307332686
8.33255830733278
8.332558307332826
8.332558307332686
8.33255830733278
8.332558307332826
8.332558307332686
8.33255830733278
8.332558307332826
8.332558307332686
8.33255830733278
8.332558307332826
8.332558307332686
8.33255830733278
8.332558307332826
8.332558307332686
8.33255830733278
8.332558307332826
8.332558307332686
8.33255830733278
8.332558307332826
8.332558307332686
8.33255830733278
8.332558307332826
8.332558307332686
8.33255830733278
8.332558307332826
8.332558307332686
8.33255830733278
8.332558307332826
8.332558307332686
8.33255830733278
8.332558307332826
8.332558307332686
8.33255830733278
8.332558307332826
8.332558307332686
8.33255830733278
8.332558307332826
8.332558307332686
8.33255830733278
8.332558307332826
8.332558307332686
8.33255830733278
8.332558307332826
8.332558307332686
8.33255830733278
8.332558307332826
8.332558307332686
8.33255830733278
8.332558307332826
8.332558307332686
8.33255830733278
8.332558307332826
8.332558307332686
8.33255830733278
8.332558307332826
8.332558307332686
8.33255830733278
8.332558307332826
8.332558307332686
8.33255830733278
8.332558307332826
8.332558307332684
8.33255830733278
8.332558307332826
8.332558307332684
8.33255830733278
8.332558307332826
8.332558307332684
8.33255830733278
8.332558307332825
8.332558307332684
8.33255830733278
8.332558307332825
8.332558307332684
8.332558307332778
8.332558307332825
8.332558307332684
8.332558307332778
8.332558307332825
8.332558307332684
8.332558307332778
8.332558307332825
8.332558307332684
8.33255830733278
8.332558307332825
8.332558307332684
8.33255830733278
8.332558307332825
8.332558307332684
8.332558307332778
8.332558307332825
8.332558307332684
8.332558307332778
8.332558307332825
8.332558307332684
8.332558307332778
8.332558307332825
8.332558307332684
8.33255830733278
8.332558307332825
8.332558307332684
8.332558307332778
8.332558307332825
8.332558307332684
8.332558307332778
8.332558307332825
8.332558307332684
8.33255830733278
8.332558307332825
8.332558307332684
8.332558307332778
8.332558307332825
8.332558307332684
8.33255830733278
8.332558307332825
8.332558307332684
8.332558307332778
8.332558307332825
8.332558307332684
8.33255830733278
8.332558307332825
8.332558307332684
8.332558307332778
8.332558307332825
8.332558307332684
8.332558307332778
8.332558307332825
8.332558307332684
8.33255830733278
8.332558307332825
8.332558307332684
8.332558307332778
8.332558307332825
8.332558307332684
8.332558307332778
8.332558307332825
8.332558307332684
8.332558307332778
8.332558307332825
8.332558307332684
8.332558307332778
8.332558307332825
8.332558307332684
8.332558307332778
8.332558307332825
8.332558307332684
8.332558307332778
8.332558307332825
8.332558307332684
8.332558307332778
8.332558307332825
8.332558307332684
8.332558307332778
8.332558307332825
8.332558307332684
8.332558307332778
8.332558307332825
8.332558307332684
8.332558307332778
8.332558307332825
8.332558307332684
8.332558307332778
8.332558307332825
8.332558307332684
8.332558307332778
8.332558307332825
8.332558307332684
8.332558307332778
8.332558307332825
8.332558307332684
8.332558307332778
8.332558307332825
8.332558307332684
8.332558307332778
8.332558307332825
8.332558307332684
8.332558307332778
8.332558307332825
8.332558307332684
8.332558307332778
8.332558307332825
8.332558307332684
8.332558307332778
8.332558307332825
8.332558307332684
8.332558307332778
8.332558307332825
8.332558307332684
8.332558307332778
8.332558307332825
8.332558307332684
8.332558307332778
8.332558307332825
8.332558307332684
8.332558307332778
8.332558307332825
8.332558307332684
8.332558307332778
8.332558307332825
8.332558307332684
8.332558307332778
8.332558307332825
8.332558307332684
8.332558307332778
8.332558307332825
8.332558307332684
8.332558307332778
8.332558307332825
8.332558307332684
8.332558307332778
8.332558307332825
8.332558307332684
8.332558307332778
8.332558307332825
8.332558307332684
8.332558307332778
8.332558307332825
8.332558307332684
8.332558307332778
8.332558307332825
8.332558307332684
8.332558307332778
8.332558307332825
8.332558307332684
8.332558307332778
8.332558307332825
8.332558307332684
8.332558307332778
8.332558307332825
8.332558307332684
8.332558307332778
8.332558307332825
8.332558307332684
8.332558307332778
8.332558307332825
8.332558307332684
8.332558307332778
8.332558307332825
8.332558307332684
8.332558307332778
8.332558307332825
8.332558307332684
8.332558307332778
8.332558307332825
8.332558307332684
8.332558307332778
8.332558307332825
8.332558307332684
8.332558307332778
8.332558307332825
8.332558307332684
8.332558307332778
8.332558307332825
8.332558307332684
8.332558307332778
8.332558307332825
8.332558307332684
8.332558307332778
8.332558307332825
8.332558307332684
8.332558307332778
8.332558307332825
8.332558307332684
8.332558307332778
8.332558307332825
8.332558307332684
8.332558307332778
8.332558307332825
8.332558307332684
8.332558307332778
8.332558307332825
8.332558307332684
8.332558307332778
8.332558307332825
8.332558307332684
8.332558307332778
8.332558307332825
8.332558307332684
8.332558307332778
8.332558307332825
8.332558307332684
8.332558307332778
8.332558307332825
8.332558307332684
8.332558307332778
8.332558307332825
8.332558307332684
8.332558307332778
8.332558307332825
8.332558307332684
8.332558307332778
8.332558307332825
8.332558307332684
8.332558307332778
8.332558307332825
8.332558307332684
8.332558307332778
8.332558307332825
8.332558307332684
8.332558307332778
8.332558307332825
8.332558307332684
8.332558307332778
8.332558307332825
8.332558307332684
8.332558307332778
8.332558307332825
8.332558307332684
8.332558307332778
8.332558307332825
8.332558307332684
8.332558307332778
8.332558307332825
8.332558307332684
8.332558307332778
8.332558307332825
8.332558307332684
8.332558307332778
8.332558307332825
8.332558307332684
8.332558307332778
8.332558307332825
8.332558307332684
8.332558307332778
8.332558307332825
8.332558307332684
8.332558307332778
8.332558307332825
8.332558307332684
8.332558307332778
8.332558307332825
8.332558307332684
8.332558307332778
8.332558307332825
8.332558307332684
8.332558307332778
8.332558307332825
8.332558307332684
8.332558307332778
8.332558307332825
8.332558307332684
8.332558307332778
8.332558307332825
8.332558307332684
8.332558307332778
8.332558307332825
8.332558307332684
8.332558307332778
8.332558307332825
8.332558307332684
8.332558307332778
8.332558307332825
8.332558307332684
8.332558307332778
8.332558307332825
8.332558307332684
8.332558307332778
8.332558307332825
8.332558307332684
8.332558307332778
8.332558307332825
8.332558307332684
8.332558307332778
8.332558307332825
8.332558307332684
8.332558307332778
8.332558307332825
8.332558307332684
8.332558307332778
8.332558307332825
8.332558307332684
8.332558307332778
8.332558307332825
8.332558307332684
8.332558307332778
8.332558307332825
8.332558307332684
8.332558307332778
8.332558307332825
8.332558307332684
8.332558307332778
8.332558307332825
8.332558307332684
8.332558307332778
8.332558307332825
8.332558307332684
8.332558307332778
8.332558307332825
8.332558307332684
8.332558307332778
8.332558307332825
8.332558307332684
8.332558307332778
8.332558307332825
8.332558307332684
8.332558307332778
8.332558307332825
8.332558307332684
8.332558307332778
8.332558307332825
8.332558307332684
8.332558307332778
8.332558307332825
8.332558307332684
8.332558307332778
8.332558307332825
8.332558307332684
8.332558307332778
8.332558307332825
8.332558307332684
8.332558307332778
8.332558307332825
8.332558307332684
8.332558307332778
8.332558307332825
8.332558307332684
8.332558307332778
8.332558307332825
8.332558307332684
8.332558307332778
8.332558307332825
8.332558307332684
8.332558307332778
8.332558307332825
8.332558307332684
8.332558307332778
8.332558307332825
8.332558307332684
8.332558307332778
8.332558307332825
8.332558307332684
8.332558307332778
8.332558307332825
8.332558307332684
8.332558307332778
8.332558307332825
8.332558307332684
8.332558307332778
8.332558307332825
8.332558307332684
8.332558307332778
8.332558307332825
8.332558307332684
8.332558307332778
8.332558307332825
8.332558307332684
8.332558307332778
8.332558307332825
8.332558307332684
8.332558307332778
8.332558307332825
8.332558307332684
8.332558307332778
8.332558307332825
8.332558307332684
8.332558307332778
8.332558307332825
8.332558307332684
8.332558307332778
8.332558307332825
8.332558307332684
8.332558307332778
8.332558307332825
8.332558307332684
8.332558307332778
8.332558307332825
8.332558307332684
8.332558307332778
8.332558307332825
8.332558307332684
8.332558307332778
8.332558307332825
8.332558307332684
8.332558307332778
8.332558307332825
8.332558307332684
8.332558307332778
8.332558307332825
8.332558307332684
8.332558307332778
8.332558307332825
8.332558307332684
8.332558307332778
8.332558307332825
8.332558307332684
8.332558307332778
8.332558307332825
8.332558307332684
8.332558307332778
8.332558307332825
8.332558307332684
8.332558307332778
8.332558307332825
8.332558307332684
8.332558307332778
8.332558307332825
8.332558307332684
8.332558307332778
8.332558307332825
8.332558307332684
8.332558307332778
8.332558307332825
8.332558307332684
8.332558307332778
8.332558307332825
8.332558307332684
8.332558307332778
8.332558307332825
8.332558307332684
8.332558307332778
8.332558307332825
8.332558307332684
8.332558307332778
8.332558307332825
8.332558307332684
8.332558307332778
8.332558307332825
8.332558307332684
8.332558307332778
8.332558307332825
8.332558307332684
8.332558307332778
8.332558307332825
8.332558307332684
8.332558307332778
8.332558307332825
8.332558307332684
8.332558307332778
8.332558307332825
8.332558307332684
8.332558307332778
8.332558307332825
8.332558307332684
8.332558307332778
8.332558307332825
8.332558307332684
8.332558307332778
8.332558307332825
8.332558307332684
8.332558307332778
8.332558307332825
8.332558307332684
8.332558307332778
8.332558307332825
8.332558307332684
8.332558307332778
8.332558307332825
8.332558307332684
8.332558307332778
8.332558307332825
8.332558307332684
8.332558307332778
8.332558307332825
8.332558307332684
8.332558307332778
8.332558307332825
8.332558307332684
8.332558307332778
8.332558307332825
8.332558307332684
8.332558307332778
8.332558307332825
8.332558307332684
8.332558307332778
8.332558307332825
8.332558307332684
8.332558307332778
8.332558307332825
8.332558307332684
8.332558307332778
8.332558307332825
8.332558307332684
8.332558307332778
8.332558307332825
8.332558307332684
8.332558307332778
8.332558307332825
8.332558307332684
8.332558307332778
8.332558307332825
8.332558307332684
8.332558307332778
8.332558307332825
8.332558307332684
8.332558307332778
8.332558307332825
8.332558307332684
8.332558307332778
8.332558307332825
8.332558307332684
8.332558307332778
8.332558307332825
8.332558307332684
8.332558307332778
8.332558307332825
8.332558307332684
8.332558307332778
8.332558307332825
8.332558307332684
8.332558307332778
8.332558307332825
8.332558307332684
8.332558307332778
8.332558307332825
8.332558307332684
8.332558307332778
8.332558307332825
8.332558307332684
8.332558307332778
8.332558307332825
8.332558307332684
8.332558307332778
8.332558307332825
8.332558307332684
8.332558307332778
8.332558307332825
8.332558307332684
8.332558307332778
8.332558307332825
8.332558307332684
8.332558307332778
8.332558307332825
8.332558307332684
8.332558307332778
8.332558307332825
8.332558307332684
8.332558307332778
8.332558307332825
8.332558307332684
8.332558307332778
8.332558307332825
8.332558307332684
8.332558307332778
8.332558307332825
8.332558307332684
8.332558307332778
8.332558307332825
8.332558307332684
8.332558307332778
8.332558307332825
8.332558307332684
8.332558307332778
8.332558307332825
8.332558307332684
8.332558307332778
8.332558307332825
8.332558307332684
8.332558307332778
8.332558307332825
8.332558307332684
8.332558307332778
8.332558307332825
8.332558307332684
8.332558307332778
8.332558307332825
8.332558307332684
8.332558307332778
8.332558307332825
8.332558307332684
8.332558307332778
8.332558307332825
8.332558307332684
8.332558307332778
8.332558307332825
8.332558307332684
8.332558307332778
8.332558307332825
8.332558307332684
8.332558307332778
8.332558307332825
8.332558307332684
8.332558307332778
8.332558307332825
8.332558307332684
8.332558307332778
8.332558307332825
8.332558307332684
8.332558307332778
8.332558307332825
8.332558307332684
8.332558307332778
8.332558307332825
8.332558307332684
8.332558307332778
8.332558307332825
8.332558307332684
8.332558307332778
8.332558307332825
8.332558307332684
8.332558307332778
8.332558307332825
8.332558307332684
8.332558307332778
8.332558307332825
8.332558307332684
8.332558307332778
8.332558307332825
8.332558307332684
8.332558307332778
8.332558307332825
8.332558307332684
8.332558307332778
8.332558307332825
8.332558307332684
8.332558307332778
8.332558307332825
8.332558307332684
8.332558307332778
8.332558307332825
8.332558307332684
8.332558307332778
8.332558307332825
8.332558307332684
8.332558307332778
8.332558307332825
8.332558307332684
8.332558307332778
8.332558307332825
8.332558307332684
8.332558307332778
8.332558307332825
8.332558307332684
8.332558307332778
8.332558307332825
8.332558307332684
8.332558307332778
8.332558307332825
8.332558307332684
8.332558307332778
8.332558307332825
8.332558307332684
8.332558307332778
8.332558307332825
8.332558307332684
8.332558307332778
8.332558307332825
8.332558307332684
8.332558307332778
8.332558307332825
8.332558307332684
8.332558307332778
8.332558307332825
8.332558307332684
8.332558307332778
8.332558307332825
8.332558307332684
8.332558307332778
8.332558307332825
8.332558307332684
8.332558307332778
8.332558307332825
8.332558307332684
8.332558307332778
8.332558307332825
8.332558307332684
8.332558307332778
8.332558307332825
8.332558307332684
8.332558307332778
8.332558307332825
8.332558307332684
8.332558307332778
8.332558307332825
8.332558307332684
8.332558307332778
8.332558307332825
8.332558307332684
8.332558307332778
8.332558307332825
8.332558307332684
8.332558307332778
8.332558307332825
8.332558307332684
8.332558307332778
8.332558307332825
8.332558307332684
8.332558307332778
8.332558307332825
8.332558307332684
8.332558307332778
8.332558307332825
8.332558307332684
8.332558307332778
8.332558307332825
8.332558307332684
8.332558307332778
8.332558307332825
8.332558307332684
8.332558307332778
8.332558307332825
8.332558307332684
8.332558307332778
8.332558307332825
8.332558307332684
8.332558307332778
8.332558307332825
8.332558307332684
8.332558307332778
8.332558307332825
8.332558307332684
8.332558307332778
8.332558307332825
8.332558307332684
8.332558307332778
8.332558307332825
8.332558307332684
8.332558307332778
8.332558307332825
8.332558307332684
8.332558307332778
8.332558307332825
8.332558307332684
8.332558307332778
8.332558307332825
8.332558307332684
8.332558307332778
8.332558307332825
8.332558307332684
8.332558307332778
8.332558307332825
8.332558307332684
8.332558307332778
8.332558307332825
8.332558307332684
8.332558307332778
8.332558307332825
8.332558307332684
8.332558307332778
8.332558307332825
8.332558307332684
8.332558307332778
8.332558307332825
8.332558307332684
8.332558307332778
8.332558307332825
8.332558307332684
8.332558307332778
8.332558307332825
8.332558307332684
8.332558307332778
8.332558307332825
8.332558307332684
8.332558307332778
8.332558307332825
8.332558307332684
8.332558307332778
8.332558307332825
8.332558307332684
8.332558307332778
8.332558307332825
8.332558307332684
8.332558307332778
8.332558307332825
8.332558307332684
8.332558307332778
8.332558307332825
8.332558307332684
8.332558307332778
8.332558307332825
8.332558307332684
8.332558307332778
8.332558307332825
8.332558307332684
8.332558307332778
8.332558307332825
8.332558307332684
8.332558307332778
8.332558307332825
8.332558307332684
8.332558307332778
8.332558307332825
8.332558307332684
8.332558307332778
8.332558307332825
8.332558307332684
8.332558307332778
8.332558307332825
8.332558307332684
8.332558307332778
8.332558307332825
8.332558307332684
8.332558307332778
8.332558307332825
8.332558307332684
8.332558307332778
8.332558307332825
8.332558307332684
8.332558307332778
8.332558307332825
8.332558307332684
8.332558307332778
8.332558307332825
8.332558307332684
8.332558307332778
8.332558307332825
8.332558307332684
8.332558307332778
8.332558307332825
8.332558307332684
8.332558307332778
8.332558307332825
8.332558307332684
8.332558307332778
8.332558307332825
8.332558307332684
8.332558307332778
8.332558307332825
8.332558307332684
8.332558307332778
8.332558307332825
8.332558307332684
8.332558307332778
8.332558307332825
8.332558307332684
8.332558307332778
8.332558307332825
8.332558307332684
8.332558307332778
8.332558307332825
8.332558307332684
8.332558307332778
8.332558307332825
8.332558307332684
8.332558307332778
8.332558307332825
8.332558307332684
8.332558307332778
8.332558307332825
8.332558307332684
8.332558307332778
8.332558307332825
8.332558307332684
8.332558307332778
8.332558307332825
8.332558307332684
8.332558307332778
8.332558307332825
8.332558307332684
8.332558307332778
8.332558307332825
8.332558307332684
8.332558307332778
8.332558307332825
8.332558307332684
8.332558307332778
8.332558307332825
8.332558307332684
8.332558307332778
8.332558307332825
8.332558307332684
8.332558307332778
8.332558307332825
8.332558307332684
8.332558307332778
8.332558307332825
8.332558307332684
8.332558307332778
8.332558307332825
8.332558307332684
8.332558307332778
8.332558307332825
8.332558307332684
8.332558307332778
8.332558307332825
8.332558307332684
8.332558307332778
8.332558307332825
8.332558307332684
8.332558307332778
8.332558307332825
8.332558307332684
8.332558307332778
8.332558307332825
8.332558307332684
8.332558307332778
8.332558307332825
8.332558307332684
8.332558307332778
8.332558307332825
8.332558307332684
8.332558307332778
8.332558307332825
8.332558307332684
8.332558307332778
8.332558307332825
8.332558307332684
8.332558307332778
8.332558307332825
8.332558307332684
8.332558307332778
8.332558307332825
8.332558307332684
8.332558307332778
8.332558307332825
8.332558307332684
8.332558307332778
8.332558307332825
8.332558307332684
8.332558307332778
8.332558307332825
8.332558307332684
8.332558307332778
8.332558307332825
8.332558307332684
8.332558307332778
8.332558307332825
8.332558307332684
8.332558307332778
8.332558307332825
8.332558307332684
8.332558307332778
8.332558307332825
8.332558307332684
8.332558307332778
8.332558307332825
8.332558307332684
8.332558307332778
8.332558307332825
8.332558307332684
8.332558307332778
8.332558307332825
8.332558307332684
8.332558307332778
8.332558307332825
8.332558307332684
8.33255830733278
8.332558307332825
8.332558307332684
8.332558307332778
8.332558307332825
8.332558307332684
8.332558307332778
8.332558307332825
8.332558307332684
8.332558307332778
8.332558307332825
8.332558307332684
8.332558307332778
8.332558307332825
8.332558307332684
8.33255830733278
8.332558307332825
8.332558307332684
8.332558307332778
8.332558307332825
8.332558307332684
8.332558307332778
8.332558307332825
8.332558307332684
8.33255830733278
8.332558307332825
8.332558307332684
8.332558307332778
8.332558307332825
8.332558307332684
8.332558307332778
8.332558307332825
8.332558307332684
8.33255830733278
8.332558307332825
8.332558307332684
8.332558307332778
8.332558307332825
8.332558307332684
8.332558307332778
8.332558307332825
8.332558307332684
8.332558307332778
8.332558307332825
8.332558307332684
8.332558307332778
8.332558307332825
8.332558307332684
8.332558307332778
8.332558307332825
8.332558307332684
8.332558307332778
8.332558307332825
8.332558307332684
8.332558307332778
8.332558307332825
8.332558307332684
8.332558307332778
8.332558307332825
8.332558307332684
8.332558307332778
8.332558307332825
8.332558307332684
8.332558307332778
8.332558307332825
8.332558307332684
8.332558307332778
8.332558307332825
8.332558307332684
8.332558307332778
8.332558307332825
8.332558307332684
8.332558307332778
8.332558307332825
8.332558307332684
8.332558307332778
8.332558307332825
8.332558307332684
8.332558307332778
8.332558307332825
8.332558307332684
8.332558307332778
8.332558307332825
8.332558307332684
8.332558307332778
8.332558307332825
8.332558307332684
8.332558307332778
8.332558307332825
8.332558307332684
8.332558307332778
8.332558307332825
8.332558307332684
8.332558307332778
8.332558307332825
8.332558307332684
8.332558307332778
8.332558307332825
8.332558307332684
8.332558307332778
8.332558307332825
8.332558307332684
8.332558307332778
8.332558307332825
8.332558307332684
8.332558307332778
8.332558307332825
8.332558307332684
8.332558307332778
8.332558307332825
8.332558307332684
8.332558307332778
8.332558307332825
8.332558307332684
8.332558307332778
8.332558307332825
8.332558307332684
8.332558307332778
8.332558307332825
8.332558307332684
8.332558307332778
8.332558307332825
8.332558307332684
8.332558307332778
8.332558307332825
8.332558307332684
8.332558307332778
8.332558307332825
8.332558307332684
8.332558307332778
8.332558307332825
8.332558307332684
8.332558307332778
8.332558307332825
8.332558307332684
8.332558307332778
8.332558307332825
8.332558307332684
8.332558307332778
8.332558307332825
8.332558307332684
8.332558307332778
8.332558307332825
8.332558307332684
8.332558307332778
8.332558307332825
8.332558307332684
8.332558307332778
8.332558307332825
8.332558307332684
8.332558307332778
8.332558307332825
8.332558307332684
8.332558307332778
8.332558307332825
8.332558307332684
8.332558307332778
8.332558307332825
8.332558307332684
8.332558307332778
8.332558307332825
8.332558307332684
8.332558307332778
8.332558307332825
8.332558307332684
8.332558307332778
8.332558307332825
8.332558307332684
8.332558307332778
8.332558307332825
8.332558307332684
8.332558307332778
8.332558307332825
8.332558307332684
8.332558307332778
8.332558307332825
8.332558307332684
8.332558307332778
8.332558307332825
8.332558307332684
8.332558307332778
8.332558307332825
8.332558307332684
8.332558307332778
8.332558307332825
8.332558307332684
8.332558307332778
8.332558307332825
8.332558307332684
8.332558307332778
8.332558307332825
8.332558307332684
8.332558307332778
8.332558307332825
8.332558307332684
8.332558307332778
8.332558307332825
8.332558307332684
8.332558307332778
8.332558307332825
8.332558307332684
8.332558307332778
8.332558307332825
8.332558307332684
8.332558307332778
8.332558307332825
8.332558307332684
8.332558307332778
8.332558307332825
8.332558307332684
8.332558307332778
8.332558307332825
8.332558307332684
8.332558307332778
8.332558307332825
8.332558307332684
8.332558307332778
8.332558307332825
8.332558307332684
8.332558307332778
8.332558307332825
8.332558307332684
8.332558307332778
8.332558307332825
8.332558307332684
8.332558307332778
8.332558307332825
8.332558307332684
8.332558307332778
8.332558307332825
8.332558307332684
8.332558307332778
8.332558307332825
8.332558307332684
8.332558307332778
8.332558307332825
8.332558307332684
8.332558307332778
8.332558307332825
8.332558307332684
8.332558307332778
8.332558307332825
8.332558307332684
8.332558307332778
8.332558307332825
8.332558307332684
8.332558307332778
8.332558307332825
8.332558307332684
8.332558307332778
8.332558307332825
8.332558307332684
8.332558307332778
8.332558307332825
8.332558307332684
8.332558307332778
8.332558307332825
8.332558307332684
8.332558307332778
8.332558307332825
8.332558307332684
8.332558307332778
8.332558307332825
8.332558307332684
8.332558307332778
8.332558307332825
8.332558307332684
8.332558307332778
8.332558307332825
8.332558307332684
8.332558307332778
8.332558307332825
8.332558307332684
8.332558307332778
8.332558307332825
8.332558307332684
8.332558307332778
8.332558307332825
8.332558307332684
8.332558307332778
8.332558307332825
8.332558307332684
8.332558307332778
8.332558307332825
8.332558307332684
8.332558307332778
8.332558307332825
8.332558307332684
8.332558307332778
8.332558307332825
8.332558307332684
8.332558307332778
8.332558307332825
8.332558307332684
8.332558307332778
8.332558307332825
8.332558307332684
8.332558307332778
8.332558307332825
8.332558307332684
8.332558307332778
8.332558307332825
8.332558307332684
8.332558307332778
8.332558307332825
8.332558307332684
8.332558307332778
8.332558307332825
8.332558307332684
8.332558307332778
8.332558307332825
8.332558307332684
8.332558307332778
8.332558307332825
8.332558307332684
8.332558307332778
8.332558307332825
8.332558307332684
8.332558307332778
8.332558307332825
8.332558307332684
8.332558307332778
8.332558307332825
8.332558307332684
8.332558307332778
8.332558307332825
8.332558307332684
8.332558307332778
8.332558307332825
8.332558307332684
8.332558307332778
8.332558307332825
8.332558307332684
8.332558307332778
8.332558307332825
8.332558307332684
8.332558307332778
8.332558307332825
8.332558307332684
8.332558307332778
8.332558307332825
8.332558307332684
8.332558307332778
8.332558307332825
8.332558307332684
8.332558307332778
8.332558307332825
8.332558307332684
8.332558307332778
8.332558307332825
8.332558307332684
8.332558307332778
8.332558307332825
8.332558307332684
8.33255830733278
8.332558307332825
8.332558307332684
8.332558307332778
8.332558307332825
8.332558307332684
8.332558307332778
8.332558307332825
8.332558307332684
8.33255830733278
8.332558307332825
8.332558307332684
8.332558307332778
8.332558307332825
8.332558307332684
8.33255830733278
8.332558307332825
8.332558307332684
8.332558307332778
8.332558307332825
8.332558307332684
8.33255830733278
8.332558307332825
8.332558307332684
8.332558307332778
8.332558307332825
8.332558307332684
8.332558307332778
8.332558307332825
8.332558307332684
8.33255830733278
8.332558307332825
8.332558307332684
8.332558307332778
8.332558307332825
8.332558307332684
8.332558307332778
8.332558307332825
8.332558307332684
8.33255830733278
8.332558307332825
8.332558307332684
8.332558307332778
8.332558307332825
8.332558307332684
8.33255830733278
8.332558307332825
8.332558307332684
8.332558307332778
8.332558307332825
8.332558307332684
8.33255830733278
8.332558307332825
8.332558307332684
8.332558307332778
8.332558307332825
8.332558307332684
8.33255830733278
8.332558307332825
8.332558307332684
8.332558307332778
8.332558307332825
8.332558307332684
8.332558307332778
8.332558307332825
8.332558307332684
8.332558307332778
8.332558307332825
8.332558307332684
8.332558307332778
8.332558307332825
8.332558307332684
8.33255830733278
8.332558307332825
8.332558307332684
8.332558307332778
8.332558307332825
8.332558307332684
8.33255830733278
8.332558307332825
8.332558307332684
8.332558307332778
8.332558307332825
8.332558307332684
8.332558307332778
8.332558307332825
8.332558307332684
8.332558307332778
8.332558307332825
8.332558307332684
8.332558307332778
8.332558307332825
8.332558307332684
8.332558307332778
8.332558307332825
8.332558307332684
8.332558307332778
8.332558307332825
8.332558307332684
8.332558307332778
8.332558307332825
8.332558307332684
8.332558307332778
8.332558307332825
8.332558307332684
8.332558307332778
8.332558307332825
8.332558307332684
8.332558307332778
8.332558307332825
8.332558307332684
8.332558307332778
8.332558307332825
8.332558307332684
8.332558307332778
8.332558307332825
8.332558307332684
8.332558307332778
8.332558307332825
8.332558307332684
8.332558307332778
8.332558307332825
8.332558307332684
8.332558307332778
8.332558307332825
8.332558307332684
8.332558307332778
8.332558307332825
8.332558307332684
8.332558307332778
8.332558307332825
8.332558307332684
8.332558307332778
8.332558307332825
8.332558307332684
8.33255830733278
8.332558307332825
8.332558307332684
8.332558307332778
8.332558307332825
8.332558307332684
8.33255830733278
8.332558307332825
8.332558307332684
8.332558307332778
8.332558307332825
8.332558307332684
8.33255830733278
8.332558307332825
8.332558307332684
8.332558307332778
8.332558307332825
8.332558307332684
8.332558307332778
8.332558307332825
8.332558307332684
8.33255830733278
8.332558307332825
8.332558307332684
8.332558307332778
8.332558307332825
8.332558307332684
8.332558307332778
8.332558307332825
8.332558307332684
8.33255830733278
8.332558307332825
8.332558307332684
8.332558307332778
8.332558307332825
8.332558307332684
8.332558307332778
8.332558307332825
8.332558307332684
8.33255830733278
8.332558307332825
8.332558307332684
8.332558307332778
8.332558307332825
8.332558307332684
8.33255830733278
8.332558307332825
8.332558307332684
8.332558307332778
8.332558307332825
8.332558307332684
8.33255830733278
8.332558307332825
8.332558307332684
8.332558307332778
8.332558307332825
8.332558307332684
8.332558307332778
8.332558307332825
8.332558307332684
8.33255830733278
8.332558307332825
8.332558307332684
8.332558307332778
8.332558307332825
8.332558307332684
8.332558307332778
8.332558307332825
8.332558307332684
8.33255830733278
8.332558307332825
8.332558307332684
8.332558307332778
8.332558307332825
8.332558307332684
8.332558307332778
8.332558307332825
8.332558307332684
8.33255830733278
8.332558307332825
8.332558307332684
8.332558307332778
8.332558307332825
8.332558307332684
8.33255830733278
8.332558307332825
8.332558307332684
8.332558307332778
8.332558307332825
8.332558307332684
8.33255830733278
8.332558307332825
8.332558307332684
8.332558307332778
8.332558307332825
8.332558307332684
8.33255830733278
8.332558307332825
8.332558307332684
8.332558307332778
8.332558307332825
8.332558307332684
8.33255830733278
8.332558307332825
8.332558307332684
8.332558307332778
8.332558307332825
8.332558307332684
8.332558307332778
8.332558307332825
8.332558307332684
8.33255830733278
8.332558307332825
8.332558307332684
8.332558307332778
8.332558307332825
8.332558307332684
8.33255830733278
8.332558307332825
8.332558307332684
8.332558307332778
8.332558307332825
8.332558307332684
8.33255830733278
8.332558307332825
8.332558307332684
8.332558307332778
8.332558307332825
8.332558307332684
8.33255830733278
8.332558307332825
8.332558307332684
8.332558307332778
8.332558307332825
8.332558307332684
8.33255830733278
8.332558307332825
8.332558307332684
8.332558307332778
8.332558307332825
8.332558307332684
8.33255830733278
8.332558307332825
8.332558307332684
8.332558307332778
8.332558307332825
8.332558307332684
8.33255830733278
8.332558307332825
8.332558307332684
8.332558307332778
8.332558307332825
8.332558307332684
8.332558307332778
8.332558307332825
8.332558307332684
8.33255830733278
8.332558307332825
8.332558307332684
8.332558307332778
8.332558307332825
8.332558307332684
8.332558307332778
8.332558307332825
8.332558307332684
8.33255830733278
8.332558307332825
8.332558307332684
8.33255830733278
8.332558307332825
8.332558307332684
8.33255830733278
8.332558307332825
8.332558307332684
8.33255830733278
8.332558307332825
8.332558307332684
8.33255830733278
8.332558307332825
8.332558307332684
8.33255830733278
8.332558307332825
8.332558307332684
8.33255830733278
8.332558307332825
8.332558307332684
8.33255830733278
8.332558307332825
8.332558307332684
8.33255830733278
8.332558307332825
8.332558307332684
8.33255830733278
8.332558307332825
8.332558307332684
8.33255830733278
8.332558307332825
8.332558307332684
8.33255830733278
8.332558307332825
8.332558307332684
8.33255830733278
8.332558307332825
8.332558307332684
8.33255830733278
8.332558307332825
8.332558307332684
8.33255830733278
8.332558307332825
8.332558307332684
8.33255830733278
8.332558307332825
8.332558307332684
8.33255830733278
8.332558307332825
8.332558307332684
8.332558307332778
8.332558307332825
8.332558307332684
8.332558307332778
8.332558307332825
8.332558307332684
8.33255830733278
8.332558307332825
8.332558307332684
8.332558307332778
8.332558307332825
8.332558307332684
8.332558307332778
8.332558307332825
8.332558307332684
8.33255830733278
8.332558307332825
8.332558307332684
8.33255830733278
8.332558307332825
8.332558307332684
8.33255830733278
8.332558307332825
8.332558307332684
8.33255830733278
8.332558307332825
8.332558307332684
8.33255830733278
8.332558307332825
8.332558307332684
