209
305
317
401
413
425
478
485
497
509
521
533
581
593
605
617
629
641
953
1337
81
101
293
389
1338
1349
1361
1373
1385
1397
490
1049
965
1061
1073
1157
1169
1181
1253
1265
1277
1289
197
198
294
390
486
582
941
942
1037
1038
1133
414
609
1350
1145
1241
1062
405
429
82
177
178
1229
1445
1457
1469
1481
1493
1505
5033
5045
5057
5069
306
594
597
621
633
645
190
954
1050
966
1158
1254
1266
393
213
309
321
417
273
369
1134
1446
1458
5021
402
585
1362
94
286
381
1146
501
513
525
537
1074
105
298
102
370
1230
4149
4161
4173
4185
4197
4209
5009
510
522
534
586
1374
93
489
1242
201
202
297
394
310
274
189
285
382
1170
106
214
406
1222
1581
1593
1605
1617
2430
4049
4061
477
1386
1398
1182
1414
1570
1665
1677
1689
1701
1713
1725
3137
3773
3857
3869
3881
3953
3965
3977
3989
4073
4085
4097
318
1234
598
1278
1318
1330
1426
1569
3041
3389
3401
3413
3425
3437
3449
3665
3761
418
210
502
2082
2086
2429
2441
2453
2465
2477
498
4939
4951
4963
4832
514
2094
2098
2182
2190
2194
2274
2278
2537
2549
2561
2573
2585
2854
2945
4940
4952
4964
4748
4820
4828
526
538
958
1798
1986
1990
2178
2286
2290
2525
2662
2942
2950
3134
3138
3142
5013
5025
5037
5049
5061
5073
3311
3323
3335
3347
4427
4924
4928
4936
4948
4960
4736
4844
4856
1906
2770
2866
2946
2962
3149
4893
4905
1054
1150
1246
1462
1042
4413
4509
4797
4917
4927
4929
4941
4953
4965
1354
1342
4732
4744
4816
4821
4833
3669
3957
1282
934
1438
1794
1810
2002
2657
2669
2753
2765
2766
2849
2850
2861
2954
2957
2958
3038
3042
3046
3050
3053
3054
3058
3133
3141
3146
3150
3154
3158
3969
426
1138
4425
4521
4605
4617
4701
4713
4809
1174
1450
4053
4533
4629
4641
4725
4737
4749
4845
4857
1270
3861
4065
4077
4089
4101
1126
1998
2106
2202
2298
2762
2862
3037
3062
3407
3419
3431
3443
3455
3981
3993
946
3179
3299
4912
4916
3777
2214
4840
4843
4852
4855
2322
3765
1806
1902
1914
2010
2653
2749
2846
2858
2870
2990
3002
3182
3393
3395
4041
2034
3873
3885
3657
3753
1186
100
2674
2774
2845
2882
2941
2966
2978
3045
3074
3170
3405
3417
3429
3441
3453
2310
3549
3561
3645
3741
3837
3849
3945
2130
2118
4640
2980
2984
2049
1470
2658
2665
4029
1378
1258
2311
3172
3933
4915
2157
2683
1290
1162
2022
1482
1494
1506
2181
2538
2550
2562
2574
2586
2661
2757
2761
2853
2857
2953
3049
3143
3145
4064
1390
1402
618
630
642
2779
4636
4724
1078
1888
2277
2526
2773
2949
3073
3153
3192
4172
4184
4196
4208
5032
5044
5056
5068
2145
1366
3083
1235
3176
4628
4720
1028
1893
1894
1989
2085
2097
2670
2673
2677
2758
2785
2797
2893
2965
2989
3057
3061
3085
3108
3120
3147
3155
3181
5036
5048
5060
5072
970
2791
2983
4619
2142
1820
1916
3064
2975
3071
4735
4831
1797
1890
1892
2001
2193
2289
2442
2454
2466
2478
2869
2881
2894
2977
3059
3157
3168
3169
1832
2695
2887
3956
606
1139
4415
2891
2987
1066
2879
3968
4624
322
1030
1804
1809
2689
2754
2769
2865
2867
2905
2961
3001
1043
4423
2795
4723
4747
1905
2963
3013
3084
3097
3109
3121
3193
3403
3415
3427
3439
3451
5035
5047
5059
5071
2241
947
2529
3563
2666
2752
3135
3183
3205
3217
3229
1927
4076
4088
4100
2783
3884
2238
2541
2553
2565
2577
2589
3160
4523
2253
2265
3100
1808
1818
2654
2663
2675
2748
2755
2756
2771
2786
2855
2951
2991
3000
3047
3110
3122
3159
3394
4891
1831
2023
4639
2780
3068
2971
3872
3980
3992
3088
4937
4949
4961
3551
2229
2908
3004
2664
2668
2672
2759
2955
3051
3087
3139
3171
3204
3216
3228
3391
2992
1343
2204
2335
2875
1053
2037
2046
2250
2262
4925
4507
4511
1144
1294
932
1796
2273
2285
2659
2678
2750
2895
2907
2967
2979
3039
3063
3206
3218
3230
3406
3418
3430
3442
3454
4892
957
2347
2359
2371
2345
2357
2369
2219
4913
1336
2300
3164
3647
4411
4616
4696
4804
4808
2434
2788
1941
80
1985
2081
2660
2671
2799
2883
3015
3075
3096
3098
3180
4028
4148
5008
3023
1924
1149
1245
1938
2226
2333
3067
2349
2361
2373
3107
2896
307
403
476
3839
4615
4700
4715
2996
3079
2133
4819
4052
292
1468
1792
1793
1805
1997
2093
2177
2189
2652
2656
2847
2871
2943
2947
3003
3012
3390
4888
5011
5012
2792
2884
2888
3076
1340
1928
2231
2323
3201
3213
3225
3237
2337
3119
3131
1929
2025
2121
3659
3836
3944
4607
4703
3776
488
2321
2913
3009
3021
1830
1926
430
1996
2105
2201
2655
2667
2751
2787
2976
3099
3976
3988
4160
2326
3117
3129
3080
2800
2899
2995
2111
211
2543
2555
2567
2579
2591
3743
3755
4612
4699
4792
1833
2217
3019
3095
3103
2915
2314
1220
1678
1690
1702
1714
1726
1889
1901
2009
2080
2297
2524
2679
2690
2691
2763
3086
3194
3207
3219
3231
3402
3414
3426
3438
3450
4040
4060
5020
2325
2699
3008
4528
4532
2803
1240
2320
3104
3105
2024
2120
2309
2334
3298
3197
1939
319
2047
2207
3065
3644
3066
4420
4508
4519
4708
2900
103
933
1228
1666
2000
2287
2440
2452
2464
2476
2859
2863
3195
4031
4900
4904
5024
610
2687
2912
3092
3112
3124
212
1348
2021
2117
2026
2122
2218
952
3293
3305
3317
3329
3341
208
3165
3177
3932
4424
4504
4600
4712
4807
4919
4637
4733
4745
4829
4841
4853
2872
2346
2358
2370
3189
2110
2206
2969
3070
1474
1486
1498
1510
272
935
1029
1125
1223
1817
1912
1913
2084
2539
2551
2563
2575
2587
2775
2988
3055
3151
3261
3268
3273
3285
4895
5023
2255
2267
4627
1391
1403
1389
1401
2048
3016
3007
3101
3113
3125
1829
1925
3011
3294
944
3548
3560
3752
4603
4604
4796
1281
1293
2999
1917
2109
1918
3191
2014
2777
2873
2974
3209
3221
3233
296
3091
2216
484
1127
1221
1447
1480
1492
1504
1582
1594
1606
1618
2203
2421
3043
3060
3072
3144
3272
5027
2312
1485
1497
1509
2315
4835
3005
3185
499
2531
3740
3848
4520
4799
1060
2205
1460
1821
2013
2681
2874
2876
2970
2968
3020
2805
2901
2997
196
1031
1317
1329
1331
1413
1425
1459
1580
1592
1604
1616
1664
2275
2291
2408
2409
2431
2527
2767
2798
2851
2906
3014
3111
3123
4889
4901
2807
2903
2243
1473
2239
3203
2432
1377
3863
1257
4408
4412
4516
4805
2692
2909
3017
2911
2324
4529
4625
4721
4817
940
1427
1437
2095
2179
2279
2397
2892
2948
3868
4072
4084
4096
4907
1072
2225
1931
2027
2251
2263
1341
1448
2215
4535
3089
2804
2254
2266
2446
2458
2470
2482
2050
320
3656
4421
4517
4613
4697
4709
4793
3671
3764
3767
3860
2228
3093
1412
1424
1483
1495
1507
1900
1904
2107
2191
2200
2284
2288
2299
2852
2856
2864
2904
2959
3952
4175
4187
4199
4211
4903
3971
1156
1264
1247
2972
1451
622
634
646
2793
2889
2985
3081
1834
1930
2123
2801
2897
2993
1940
623
635
647
3116
3128
2302
1041
3162
3166
400
511
587
1040
2540
2552
2564
2576
2588
3163
3306
3318
3330
3342
3947
4409
4505
4601
380
2240
200
2237
2249
2261
3077
1319
1415
1439
1667
1679
1691
1703
1715
1727
1984
1988
2428
2536
2548
2560
2572
2584
2768
2860
2868
2944
4151
2242
1252
2035
1936
2878
2012
2129
2682
1449
2143
1835
3184
1353
2154
3779
2155
3215
3227
3239
2542
2554
2566
2578
2590
3161
3173
427
595
2303
295
368
1471
1903
1987
2011
2272
2772
2952
3148
3156
3260
3284
3287
2153
2789
2159
1185
959
2778
1168
1148
1180
2128
2116
2212
3212
3224
3236
3187
2696
2146
3174
3297
604
607
3562
199
1436
1444
1795
1819
1999
2083
2099
2188
2276
2443
2455
2467
2479
2764
2784
3152
3263
4050
4163
2141
2693
2885
2981
3078
2119
2313
2433
2032
527
539
2227
969
1076
3766
3102
2036
2158
3309
3321
3333
3345
316
619
631
643
3296
3550
4410
4414
4422
1475
1487
1499
1511
1124
1583
1595
1607
1619
1676
1688
1700
1712
1724
1891
2183
2195
2688
2848
2880
2940
2956
3036
3040
3257
3269
3281
3282
3286
3762
3880
2213
4067
1077
2445
2457
2469
2481
1937
1055
2033
964
1463
2782
1151
2108
3188
2131
2680
2776
2051
2230
3670
1065
2686
611
4054
4534
4626
4630
4738
945
1259
1268
1269
3292
3304
3316
3328
3340
3646
3658
3742
3754
3838
3946
4426
4506
4510
4518
4522
4614
388
943
1328
1571
1816
1915
2422
2760
3256
3270
3275
3664
3666
3964
3200
284
3090
1365
407
2045
2982
4531
1367
1822
1919
503
1276
3069
2015
1048
3862
596
608
1387
1399
4530
4642
4726
2790
2794
1161
1379
1137
2530
3308
3320
3332
3344
3850
3934
4618
4698
83
1231
1811
2192
2296
2676
2796
3140
3280
3858
3870
3966
3978
3990
4042
5014
3114
3115
3126
3127
392
1355
1292
3959
4079
4091
4103
2252
2264
2039
2020
4055
2135
2147
3874
1461
2781
2877
2973
3958
308
2697
4722
4822
3178
584
1172
1173
4702
2684
2694
4710
4714
4794
4806
4810
4914
4918
1036
1907
2003
2396
2398
2410
2420
3258
3274
3856
3954
3955
3979
3991
4030
4063
4174
4186
4198
4210
4890
4902
4906
2144
2044
3778
956
191
287
4066
4078
4090
4102
4818
4834
2134
1233
2308
523
535
4602
4606
4798
4930
4942
4954
4966
179
487
1132
1135
1568
1799
1807
2087
2176
2399
2844
2964
3056
3262
3271
3667
3774
4043
4048
4074
4075
4086
4087
4098
4099
4150
4162
4894
5010
5015
5022
5026
5034
5038
5046
5050
5058
5062
5070
5074
404
2698
1184
2132
1271
1384
1396
1256
2886
3082
1288
1823
3875
3186
95
1147
1163
3167
304
412
496
4926
275
583
1316
1456
1895
2008
2092
2104
3044
3048
3136
3283
3404
3416
3428
3440
3452
3763
3772
3859
3871
3882
4062
3106
3118
3130
1280
3010
2152
2236
1364
1372
2910
3018
3006
2685
1352
2986
512
524
3887
536
1244
92
4938
4950
4962
176
371
1039
2423
2960
3259
3388
3392
3775
4051
419
2914
2338
2898
1064
3022
1472
1943
2156
391
580
1991
2096
2180
2411
3052
3132
3400
3412
3424
3436
3448
3760
3883
3967
5039
5051
5063
5075
2224
2350
3208
3220
3232
2362
2374
104
2890
424
508
1388
1400
323
1376
2444
2447
2456
2468
2459
2471
2480
2483
4847
4859
1283
1295
971
3196
967
3210
3222
3234
431
1942
2038
1067
2327
491
428
1187
2336
2301
3295
4811
2806
2994
1079
3983
3995
1171
3199
1175
3094
395
4739
3310
3322
3334
3346
515
2348
2360
2372
1484
1496
1508
1360
2435
500
968
2902
2998
955
4711
2248
2260
2344
2356
2368
1279
3198
3970
3982
3994
2140
1160
2802
4746
1351
4751
3307
3319
3331
3343
107
416
1375
4795
203
3886
2332
1828
4750
599
4842
4854
311
299
1075
1363
4638
2528
4943
4955
4967
3190
1063
4823
4734
4830
4846
4858
188
1051
1136
2339
4643
4727
3211
1183
3223
3235
620
632
644
3214
3226
3238
4931
1291
520
3851
532
3202
3668
4631
1255
1339
2351
2363
2375
1052
1232
415
479
3175
616
628
640
3935
215
592
1159
383
1267
1243
0
1
2
3
4
5
6
7
8
9
10
11
12
13
14
15
16
17
18
19
20
21
22
23
24
25
26
27
28
29
30
31
32
33
34
35
36
37
38
39
40
41
42
43
44
45
46
47
48
49
50
51
52
53
54
55
56
57
58
59
60
61
62
63
64
65
66
67
68
69
70
71
72
73
74
75
76
77
78
79
84
85
86
87
88
89
90
91
96
97
98
99
108
109
110
111
112
113
114
115
116
117
118
119
120
121
122
123
124
125
126
127
128
129
130
131
132
133
134
135
136
137
138
139
140
141
142
143
144
145
146
147
148
149
150
151
152
153
154
155
156
157
158
159
160
161
162
163
164
165
166
167
168
169
170
171
172
173
174
175
180
181
182
183
184
185
186
187
192
193
194
195
204
205
206
207
216
217
218
219
220
221
222
223
224
225
226
227
228
229
230
231
232
233
234
235
236
237
238
239
240
241
242
243
244
245
246
247
248
249
250
251
252
253
254
255
256
257
258
259
260
261
262
263
264
265
266
267
268
269
270
271
276
277
278
279
280
281
282
283
288
289
290
291
300
301
302
303
312
313
314
315
324
325
326
327
328
329
330
331
332
333
334
335
336
337
338
339
340
341
342
343
344
345
346
347
348
349
350
351
352
353
354
355
356
357
358
359
360
361
362
363
364
365
366
367
372
373
374
375
376
377
378
379
384
385
386
387
396
397
398
399
408
409
410
411
420
421
422
423
432
433
434
435
436
437
438
439
440
441
442
443
444
445
446
447
448
449
450
451
452
453
454
455
456
457
458
459
460
461
462
463
464
465
466
467
468
469
470
471
472
473
474
475
480
481
482
483
492
493
494
495
504
505
506
507
516
517
518
519
528
529
530
531
540
541
542
543
544
545
546
547
548
549
550
551
552
553
554
555
556
557
558
559
560
561
562
563
564
565
566
567
568
569
570
571
572
573
574
575
576
577
578
579
588
589
590
591
600
601
602
603
612
613
614
615
624
625
626
627
636
637
638
639
648
649
650
651
652
653
654
655
656
657
658
659
660
661
662
663
664
665
666
667
668
669
670
671
672
673
674
675
676
677
678
679
680
681
682
683
684
685
686
687
688
689
690
691
692
693
694
695
696
697
698
699
700
701
702
703
704
705
706
707
708
709
710
711
712
713
714
715
716
717
718
719
720
721
722
723
724
725
726
727
728
729
730
731
732
733
734
735
736
737
738
739
740
741
742
743
744
745
746
747
748
749
750
751
752
753
754
755
756
757
758
759
760
761
762
763
764
765
766
767
768
769
770
771
772
773
774
775
776
777
778
779
780
781
782
783
784
785
786
787
788
789
790
791
792
793
794
795
796
797
798
799
800
801
802
803
804
805
806
807
808
809
810
811
812
813
814
815
816
817
818
819
820
821
822
823
824
825
826
827
828
829
830
831
832
833
834
835
836
837
838
839
840
841
842
843
844
845
846
847
848
849
850
851
852
853
854
855
856
857
858
859
860
861
862
863
864
865
866
867
868
869
870
871
872
873
874
875
876
877
878
879
880
881
882
883
884
885
886
887
888
889
890
891
892
893
894
895
896
897
898
899
900
901
902
903
904
905
906
907
908
909
910
911
912
913
914
915
916
917
918
919
920
921
922
923
924
925
926
927
928
929
930
931
936
937
938
939
948
949
950
951
960
961
962
963
972
973
974
975
976
977
978
979
980
981
982
983
984
985
986
987
988
989
990
991
992
993
994
995
996
997
998
999
1000
1001
1002
1003
1004
1005
1006
1007
1008
1009
1010
1011
1012
1013
1014
1015
1016
1017
1018
1019
1020
1021
1022
1023
1024
1025
1026
1027
1032
1033
1034
1035
1044
1045
1046
1047
1056
1057
1058
1059
1068
1069
1070
1071
1080
1081
1082
1083
1084
1085
1086
1087
1088
1089
1090
1091
1092
1093
1094
1095
1096
1097
1098
1099
1100
1101
1102
1103
1104
1105
1106
1107
1108
1109
1110
1111
1112
1113
1114
1115
1116
1117
1118
1119
1120
1121
1122
1123
1128
1129
1130
1131
1140
1141
1142
1143
1152
1153
1154
1155
1164
1165
1166
1167
1176
1177
1178
1179
1188
1189
1190
1191
1192
1193
1194
1195
1196
1197
1198
1199
1200
1201
1202
1203
1204
1205
1206
1207
1208
1209
1210
1211
1212
1213
1214
1215
1216
1217
1218
1219
1224
1225
1226
1227
1236
1237
1238
1239
1248
1249
1250
1251
1260
1261
1262
1263
1272
1273
1274
1275
1284
1285
1286
1287
1296
1297
1298
1299
1300
1301
1302
1303
1304
1305
1306
1307
1308
1309
1310
1311
1312
1313
1314
1315
1320
1321
1322
1323
1324
1325
1326
1327
1332
1333
1334
1335
1344
1345
1346
1347
1356
1357
1358
1359
1368
1369
1370
1371
1380
1381
1382
1383
1392
1393
1394
1395
1404
1405
1406
1407
1408
1409
1410
1411
1416
1417
1418
1419
1420
1421
1422
1423
1428
1429
1430
1431
1432
1433
1434
1435
1440
1441
1442
1443
1452
1453
1454
1455
1464
1465
1466
1467
1476
1477
1478
1479
1488
1489
1490
1491
1500
1501
1502
1503
1512
1513
1514
1515
1516
1517
1518
1519
1520
1521
1522
1523
1524
1525
1526
1527
1528
1529
1530
1531
1532
1533
1534
1535
1536
1537
1538
1539
1540
1541
1542
1543
1544
1545
1546
1547
1548
1549
1550
1551
1552
1553
1554
1555
1556
1557
1558
1559
1560
1561
1562
1563
1564
1565
1566
1567
1572
1573
1574
1575
1576
1577
1578
1579
1584
1585
1586
1587
1588
1589
1590
1591
1596
1597
1598
1599
1600
1601
1602
1603
1608
1609
1610
1611
1612
1613
1614
1615
1620
1621
1622
1623
1624
1625
1626
1627
1628
1629
1630
1631
1632
1633
1634
1635
1636
1637
1638
1639
1640
1641
1642
1643
1644
1645
1646
1647
1648
1649
1650
1651
1652
1653
1654
1655
1656
1657
1658
1659
1660
1661
1662
1663
1668
1669
1670
1671
1672
1673
1674
1675
1680
1681
1682
1683
1684
1685
1686
1687
1692
1693
1694
1695
1696
1697
1698
1699
1704
1705
1706
1707
1708
1709
1710
1711
1716
1717
1718
1719
1720
1721
1722
1723
1728
1729
1730
1731
1732
1733
1734
1735
1736
1737
1738
1739
1740
1741
1742
1743
1744
1745
1746
1747
1748
1749
1750
1751
1752
1753
1754
1755
1756
1757
1758
1759
1760
1761
1762
1763
1764
1765
1766
1767
1768
1769
1770
1771
1772
1773
1774
1775
1776
1777
1778
1779
1780
1781
1782
1783
1784
1785
1786
1787
1788
1789
1790
1791
1800
1801
1802
1803
1812
1813
1814
1815
1824
1825
1826
1827
1836
1837
1838
1839
1840
1841
1842
1843
1844
1845
1846
1847
1848
1849
1850
1851
1852
1853
1854
1855
1856
1857
1858
1859
1860
1861
1862
1863
1864
1865
1866
1867
1868
1869
1870
1871
1872
1873
1874
1875
1876
1877
1878
1879
1880
1881
1882
1883
1884
1885
1886
1887
1896
1897
1898
1899
1908
1909
1910
1911
1920
1921
1922
1923
1932
1933
1934
1935
1944
1945
1946
1947
1948
1949
1950
1951
1952
1953
1954
1955
1956
1957
1958
1959
1960
1961
1962
1963
1964
1965
1966
1967
1968
1969
1970
1971
1972
1973
1974
1975
1976
1977
1978
1979
1980
1981
1982
1983
1992
1993
1994
1995
2004
2005
2006
2007
2016
2017
2018
2019
2028
2029
2030
2031
2040
2041
2042
2043
2052
2053
2054
2055
2056
2057
2058
2059
2060
2061
2062
2063
2064
2065
2066
2067
2068
2069
2070
2071
2072
2073
2074
2075
2076
2077
2078
2079
2088
2089
2090
2091
2100
2101
2102
2103
2112
2113
2114
2115
2124
2125
2126
2127
2136
2137
2138
2139
2148
2149
2150
2151
2160
2161
2162
2163
2164
2165
2166
2167
2168
2169
2170
2171
2172
2173
2174
2175
2184
2185
2186
2187
2196
2197
2198
2199
2208
2209
2210
2211
2220
2221
2222
2223
2232
2233
2234
2235
2244
2245
2246
2247
2256
2257
2258
2259
2268
2269
2270
2271
2280
2281
2282
2283
2292
2293
2294
2295
2304
2305
2306
2307
2316
2317
2318
2319
2328
2329
2330
2331
2340
2341
2342
2343
2352
2353
2354
2355
2364
2365
2366
2367
2376
2377
2378
2379
2380
2381
2382
2383
2384
2385
2386
2387
2388
2389
2390
2391
2392
2393
2394
2395
2400
2401
2402
2403
2404
2405
2406
2407
2412
2413
2414
2415
2416
2417
2418
2419
2424
2425
2426
2427
2436
2437
2438
2439
2448
2449
2450
2451
2460
2461
2462
2463
2472
2473
2474
2475
2484
2485
2486
2487
2488
2489
2490
2491
2492
2493
2494
2495
2496
2497
2498
2499
2500
2501
2502
2503
2504
2505
2506
2507
2508
2509
2510
2511
2512
2513
2514
2515
2516
2517
2518
2519
2520
2521
2522
2523
2532
2533
2534
2535
2544
2545
2546
2547
2556
2557
2558
2559
2568
2569
2570
2571
2580
2581
2582
2583
2592
2593
2594
2595
2596
2597
2598
2599
2600
2601
2602
2603
2604
2605
2606
2607
2608
2609
2610
2611
2612
2613
2614
2615
2616
2617
2618
2619
2620
2621
2622
2623
2624
2625
2626
2627
2628
2629
2630
2631
2632
2633
2634
2635
2636
2637
2638
2639
2640
2641
2642
2643
2644
2645
2646
2647
2648
2649
2650
2651
2700
2701
2702
2703
2704
2705
2706
2707
2708
2709
2710
2711
2712
2713
2714
2715
2716
2717
2718
2719
2720
2721
2722
2723
2724
2725
2726
2727
2728
2729
2730
2731
2732
2733
2734
2735
2736
2737
2738
2739
2740
2741
2742
2743
2744
2745
2746
2747
2808
2809
2810
2811
2812
2813
2814
2815
2816
2817
2818
2819
2820
2821
2822
2823
2824
2825
2826
2827
2828
2829
2830
2831
2832
2833
2834
2835
2836
2837
2838
2839
2840
2841
2842
2843
2916
2917
2918
2919
2920
2921
2922
2923
2924
2925
2926
2927
2928
2929
2930
2931
2932
2933
2934
2935
2936
2937
2938
2939
3024
3025
3026
3027
3028
3029
3030
3031
3032
3033
3034
3035
3240
3241
3242
3243
3244
3245
3246
3247
3248
3249
3250
3251
3252
3253
3254
3255
3264
3265
3266
3267
3276
3277
3278
3279
3288
3289
3290
3291
3300
3301
3302
3303
3312
3313
3314
3315
3324
3325
3326
3327
3336
3337
3338
3339
3348
3349
3350
3351
3352
3353
3354
3355
3356
3357
3358
3359
3360
3361
3362
3363
3364
3365
3366
3367
3368
3369
3370
3371
3372
3373
3374
3375
3376
3377
3378
3379
3380
3381
3382
3383
3384
3385
3386
3387
3396
3397
3398
3399
3408
3409
3410
3411
3420
3421
3422
3423
3432
3433
3434
3435
3444
3445
3446
3447
3456
3457
3458
3459
3460
3461
3462
3463
3464
3465
3466
3467
3468
3469
3470
3471
3472
3473
3474
3475
3476
3477
3478
3479
3480
3481
3482
3483
3484
3485
3486
3487
3488
3489
3490
3491
3492
3493
3494
3495
3496
3497
3498
3499
3500
3501
3502
3503
3504
3505
3506
3507
3508
3509
3510
3511
3512
3513
3514
3515
3516
3517
3518
3519
3520
3521
3522
3523
3524
3525
3526
3527
3528
3529
3530
3531
3532
3533
3534
3535
3536
3537
3538
3539
3540
3541
3542
3543
3544
3545
3546
3547
3552
3553
3554
3555
3556
3557
3558
3559
3564
3565
3566
3567
3568
3569
3570
3571
3572
3573
3574
3575
3576
3577
3578
3579
3580
3581
3582
3583
3584
3585
3586
3587
3588
3589
3590
3591
3592
3593
3594
3595
3596
3597
3598
3599
3600
3601
3602
3603
3604
3605
3606
3607
3608
3609
3610
3611
3612
3613
3614
3615
3616
3617
3618
3619
3620
3621
3622
3623
3624
3625
3626
3627
3628
3629
3630
3631
3632
3633
3634
3635
3636
3637
3638
3639
3640
3641
3642
3643
3648
3649
3650
3651
3652
3653
3654
3655
3660
3661
3662
3663
3672
3673
3674
3675
3676
3677
3678
3679
3680
3681
3682
3683
3684
3685
3686
3687
3688
3689
3690
3691
3692
3693
3694
3695
3696
3697
3698
3699
3700
3701
3702
3703
3704
3705
3706
3707
3708
3709
3710
3711
3712
3713
3714
3715
3716
3717
3718
3719
3720
3721
3722
3723
3724
3725
3726
3727
3728
3729
3730
3731
3732
3733
3734
3735
3736
3737
3738
3739
3744
3745
3746
3747
3748
3749
3750
3751
3756
3757
3758
3759
3768
3769
3770
3771
3780
3781
3782
3783
3784
3785
3786
3787
3788
3789
3790
3791
3792
3793
3794
3795
3796
3797
3798
3799
3800
3801
3802
3803
3804
3805
3806
3807
3808
3809
3810
3811
3812
3813
3814
3815
3816
3817
3818
3819
3820
3821
3822
3823
3824
3825
3826
3827
3828
3829
3830
3831
3832
3833
3834
3835
3840
3841
3842
3843
3844
3845
3846
3847
3852
3853
3854
3855
3864
3865
3866
3867
3876
3877
3878
3879
3888
3889
3890
3891
3892
3893
3894
3895
3896
3897
3898
3899
3900
3901
3902
3903
3904
3905
3906
3907
3908
3909
3910
3911
3912
3913
3914
3915
3916
3917
3918
3919
3920
3921
3922
3923
3924
3925
3926
3927
3928
3929
3930
3931
3936
3937
3938
3939
3940
3941
3942
3943
3948
3949
3950
3951
3960
3961
3962
3963
3972
3973
3974
3975
3984
3985
3986
3987
3996
3997
3998
3999
4000
4001
4002
4003
4004
4005
4006
4007
4008
4009
4010
4011
4012
4013
4014
4015
4016
4017
4018
4019
4020
4021
4022
4023
4024
4025
4026
4027
4032
4033
4034
4035
4036
4037
4038
4039
4044
4045
4046
4047
4056
4057
4058
4059
4068
4069
4070
4071
4080
4081
4082
4083
4092
4093
4094
4095
4104
4105
4106
4107
4108
4109
4110
4111
4112
4113
4114
4115
4116
4117
4118
4119
4120
4121
4122
4123
4124
4125
4126
4127
4128
4129
4130
4131
4132
4133
4134
4135
4136
4137
4138
4139
4140
4141
4142
4143
4144
4145
4146
4147
4152
4153
4154
4155
4156
4157
4158
4159
4164
4165
4166
4167
4168
4169
4170
4171
4176
4177
4178
4179
4180
4181
4182
4183
4188
4189
4190
4191
4192
4193
4194
4195
4200
4201
4202
4203
4204
4205
4206
4207
4212
4213
4214
4215
4216
4217
4218
4219
4220
4221
4222
4223
4224
4225
4226
4227
4228
4229
4230
4231
4232
4233
4234
4235
4236
4237
4238
4239
4240
4241
4242
4243
4244
4245
4246
4247
4248
4249
4250
4251
4252
4253
4254
4255
4256
4257
4258
4259
4260
4261
4262
4263
4264
4265
4266
4267
4268
4269
4270
4271
4272
4273
4274
4275
4276
4277
4278
4279
4280
4281
4282
4283
4284
4285
4286
4287
4288
4289
4290
4291
4292
4293
4294
4295
4296
4297
4298
4299
4300
4301
4302
4303
4304
4305
4306
4307
4308
4309
4310
4311
4312
4313
4314
4315
4316
4317
4318
4319
4320
4321
4322
4323
4324
4325
4326
4327
4328
4329
4330
4331
4332
4333
4334
4335
4336
4337
4338
4339
4340
4341
4342
4343
4344
4345
4346
4347
4348
4349
4350
4351
4352
4353
4354
4355
4356
4357
4358
4359
4360
4361
4362
4363
4364
4365
4366
4367
4368
4369
4370
4371
4372
4373
4374
4375
4376
4377
4378
4379
4380
4381
4382
4383
4384
4385
4386
4387
4388
4389
4390
4391
4392
4393
4394
4395
4396
4397
4398
4399
4400
4401
4402
4403
4404
4405
4406
4407
4416
4417
4418
4419
4428
4429
4430
4431
4432
4433
4434
4435
4436
4437
4438
4439
4440
4441
4442
4443
4444
4445
4446
4447
4448
4449
4450
4451
4452
4453
4454
4455
4456
4457
4458
4459
4460
4461
4462
4463
4464
4465
4466
4467
4468
4469
4470
4471
4472
4473
4474
4475
4476
4477
4478
4479
4480
4481
4482
4483
4484
4485
4486
4487
4488
4489
4490
4491
4492
4493
4494
4495
4496
4497
4498
4499
4500
4501
4502
4503
4512
4513
4514
4515
4524
4525
4526
4527
4536
4537
4538
4539
4540
4541
4542
4543
4544
4545
4546
4547
4548
4549
4550
4551
4552
4553
4554
4555
4556
4557
4558
4559
4560
4561
4562
4563
4564
4565
4566
4567
4568
4569
4570
4571
4572
4573
4574
4575
4576
4577
4578
4579
4580
4581
4582
4583
4584
4585
4586
4587
4588
4589
4590
4591
4592
4593
4594
4595
4596
4597
4598
4599
4608
4609
4610
4611
4620
4621
4622
4623
4632
4633
4634
4635
4644
4645
4646
4647
4648
4649
4650
4651
4652
4653
4654
4655
4656
4657
4658
4659
4660
4661
4662
4663
4664
4665
4666
4667
4668
4669
4670
4671
4672
4673
4674
4675
4676
4677
4678
4679
4680
4681
4682
4683
4684
4685
4686
4687
4688
4689
4690
4691
4692
4693
4694
4695
4704
4705
4706
4707
4716
4717
4718
4719
4728
4729
4730
4731
4740
4741
4742
4743
4752
4753
4754
4755
4756
4757
4758
4759
4760
4761
4762
4763
4764
4765
4766
4767
4768
4769
4770
4771
4772
4773
4774
4775
4776
4777
4778
4779
4780
4781
4782
4783
4784
4785
4786
4787
4788
4789
4790
4791
4800
4801
4802
4803
4812
4813
4814
4815
4824
4825
4826
4827
4836
4837
4838
4839
4848
4849
4850
4851
4860
4861
4862
4863
4864
4865
4866
4867
4868
4869
4870
4871
4872
4873
4874
4875
4876
4877
4878
4879
4880
4881
4882
4883
4884
4885
4886
4887
4896
4897
4898
4899
4908
4909
4910
4911
4920
4921
4922
4923
4932
4933
4934
4935
4944
4945
4946
4947
4956
4957
4958
4959
4968
4969
4970
4971
4972
4973
4974
4975
4976
4977
4978
4979
4980
4981
4982
4983
4984
4985
4986
4987
4988
4989
4990
4991
4992
4993
4994
4995
4996
4997
4998
4999
5000
5001
5002
5003
5004
5005
5006
5007
5016
5017
5018
5019
5028
5029
5030
5031
5040
5041
5042
5043
5052
5053
5054
5055
5064
5065
5066
5067
5076
5077
5078
5079
5080
5081
5082
5083
5084
5085
5086
5087
5088
5089
5090
5091
5092
5093
5094
5095
5096
5097
5098
5099
5100
5101
5102
5103
5104
5105
5106
5107
5108
5109
5110
5111
5112
5113
5114
5115
5116
5117
5118
5119
5120
5121
5122
5123
5124
5125
5126
5127
5128
5129
5130
5131
5132
5133
5134
5135
5136
5137
5138
5139
5140
5141
5142
5143
5144
5145
5146
5147
5148
5149
5150
5151
5152
5153
5154
5155
5156
5157
5158
5159
5160
5161
5162
5163
5164
5165
5166
5167
5168
5169
5170
5171
5172
5173
5174
5175
5176
5177
5178
5179
5180
5181
5182
5183
