[1, 1, 3292, 38790.08335950572]
[2, 1, 3412, 37786.860182405326]
[3, 1, 3377, 38080.97073261554]
[4, 1, 3834, 34275.544124844506]
[5, 1, 3301, 38716.041829564645]
[6, 1, 3384, 38020.559309640536]
[7, 1, 3361, 38216.88332605373]
[8, 1, 3375, 38096.79892207776]
[9, 1, 3336, 38422.74955528511]
[10, 1, 3367, 38165.85728554137]
[11, 1, 3385, 38013.08204549388]
[12, 1, 3331, 38461.29098394294]
[13, 1, 3310, 38640.15840498196]
[14, 1, 3316, 38586.76332035737]
[15, 1, 3195, 39599.065862196105]
[16, 1, 3392, 37957.44796218171]
[17, 1, 3369, 38148.04589126958]
[18, 1, 3328, 38486.00125703073]
[19, 1, 3295, 38762.948396229294]
[20, 1, 3347, 38330.955365254486]
[21, 1, 3492, 37125.21197360663]
[22, 1, 3392, 37959.52625969007]
[23, 1, 3340, 38387.59554524523]
[24, 1, 3486, 37171.626911985986]
[25, 1, 3400, 37888.29316538385]
[26, 1, 3139, 40064.162298692085]
[27, 1, 3488, 37159.115482327616]
[28, 1, 3264, 39025.00601641568]
[29, 1, 3434, 37601.69062982811]
[30, 1, 3355, 38260.28314456408]
[31, 1, 3384, 38020.559309640536]
[32, 1, 3295, 38760.05625998045]
[33, 1, 3472, 37292.67756227348]
[34, 1, 3403, 37866.83948456729]
[35, 1, 3346, 38335.627499377624]
[36, 1, 3391, 37967.49622845973]
[37, 1, 3421, 37709.691395651505]
[38, 1, 3397, 37914.84219993068]
[39, 1, 3336, 38424.776050562774]
[40, 1, 3591, 36298.87178044819]
[41, 1, 3445, 37514.9497183322]
[42, 1, 3309, 38643.099216182425]
[43, 1, 3672, 35618.87167022895]
[44, 1, 3228, 39319.30919491143]
[45, 1, 3238, 39242.63140506179]
[46, 1, 3313, 38614.910853790585]
[47, 1, 3447, 37500.86113842335]
[48, 1, 3710, 35304.019016963524]
[49, 1, 3388, 37989.25842565094]
[50, 1, 3156, 39919.56512893564]
