[4, 9, 25, 6]
[5, 8, 24, 6]
[4, 8, 25, 6]
[6, 8, 23, 5]
[4, 8, 26, 6]
[5, 9, 22, 5]
[5, 9, 23, 5]
[4, 8, 26, 6]
[5, 9, 24, 5]
[5, 9, 22, 5]
[4, 8, 25, 6]
[4, 8, 26, 6]
[4, 8, 26, 6]
[4, 9, 24, 6]
[3, 6, 24, 5]
[5, 8, 23, 5]
[4, 8, 25, 6]
[3, 8, 26, 6]
[3, 8, 26, 6]
[5, 9, 25, 6]
[4, 8, 26, 6]
[4, 8, 25, 6]
[5, 9, 25, 6]
[4, 8, 26, 6]
[5, 8, 25, 6]
[5, 8, 25, 6]
[4, 8, 26, 6]
[4, 8, 26, 6]
[4, 8, 25, 6]
[3, 8, 26, 6]
[5, 9, 22, 5]
[8, 9, 22, 5]
[8, 8, 22, 5]
[4, 7, 23, 5]
[6, 7, 22, 5]
[3, 7, 26, 6]
[6, 8, 22, 5]
[6, 8, 23, 5]
[6, 8, 23, 5]
[5, 6, 22, 5]
[6, 6, 23, 5]
[6, 9, 19, 4]
[6, 9, 23, 5]
[6, 8, 23, 5]
[8, 5, 22, 5]
[5, 7, 22, 5]
[5, 7, 22, 5]
[5, 8, 23, 5]
[4, 7, 22, 5]
[6, 6, 22, 5]
