[4, 9, 29, 15]
[5, 8, 29, 14]
[4, 8, 29, 14]
[6, 8, 29, 13]
[4, 8, 30, 14]
[5, 9, 27, 14]
[5, 9, 28, 14]
[4, 8, 30, 14]
[5, 9, 29, 14]
[5, 9, 27, 14]
[4, 8, 29, 14]
[4, 8, 30, 14]
[4, 8, 30, 14]
[4, 9, 28, 15]
[3, 6, 27, 11]
[5, 8, 28, 13]
[4, 8, 29, 14]
[3, 8, 29, 14]
[3, 8, 29, 14]
[5, 9, 30, 15]
[4, 8, 30, 14]
[4, 8, 29, 14]
[5, 9, 30, 15]
[4, 8, 30, 14]
[5, 8, 30, 14]
[5, 8, 30, 14]
[4, 8, 30, 14]
[4, 8, 30, 14]
[4, 8, 29, 14]
[3, 8, 29, 14]
[5, 9, 27, 14]
[8, 9, 30, 14]
[8, 8, 30, 13]
[4, 7, 27, 12]
[6, 7, 28, 12]
[3, 7, 29, 13]
[6, 8, 28, 13]
[6, 8, 29, 13]
[6, 8, 29, 13]
[5, 6, 27, 11]
[6, 6, 29, 11]
[6, 9, 25, 13]
[6, 9, 29, 14]
[6, 8, 29, 13]
[8, 5, 30, 10]
[5, 7, 27, 12]
[5, 7, 27, 12]
[5, 8, 28, 13]
[4, 7, 26, 12]
[6, 6, 28, 11]
