422
434
438
538
630
890
1006
1098
1674
1686
1826
330
334
342
346
354
426
446
458
798
802
810
814
894
898
902
906
910
914
1278
1282
1358
1362
1370
1374
1378
1698
1710
1722
1830
1854
1858
238
430
442
470
706
822
926
950
1186
1266
1270
1290
1382
1394
1666
1734
1738
1746
1750
1758
1762
1834
1838
1842
1846
938
1174
1406
1430
1642
1654
1850
1862
1866
1418
1870
1874
1886
1898
1910
1607
1619
1631
629
1097
1366
1603
1583
1615
2358
2362
1595
1606
1618
1630
69
1591
1627
1135
155
1673
1685
1602
667
1030
1579
1697
1709
1721
1614
1626
1883
623
2262
2273
2285
2297
2741
2753
2765
2777
715
2169
2261
2729
71
251
719
1499
247
329
2470
2482
2494
2637
1102
341
1487
1653
1733
2181
2193
2205
2466
2478
2490
2649
2661
2673
2685
2838
1194
539
1265
1277
1506
1641
1745
2446
562
1134
1146
1206
1678
1126
81
1510
237
353
797
809
821
1048
1173
1986
1988
1990
1998
2000
2002
2010
2014
2442
2444
549
1017
654
666
1122
1198
1218
1594
1151
1185
1518
1530
1757
1975
2443
2454
2455
2456
550
1770
1774
2266
262
1219
1289
1519
1665
1987
1999
1498
1230
1242
658
563
1137
1138
1149
705
1504
1528
1974
1984
1996
2452
2458
2842
95
1101
1113
1114
1231
1511
1521
1533
1038
1050
1051
1507
1531
2440
2826
1125
1139
1053
2267
665
1523
1121
1133
1145
1605
1617
1629
738
258
1207
620
628
712
1976
1150
646
1018
1110
1195
2735
2747
93
653
1147
536
1486
1516
2012
2468
2471
2480
2483
655
1243
1509
1535
270
1690
190
642
249
717
1497
1205
1593
2467
2479
2491
2830
1042
730
282
750
1127
670
162
250
718
548
551
1016
1111
2279
2291
186
573
1040
1041
1522
1534
568
1578
1978
2008
2011
2464
2476
2495
2827
2831
2839
2843
2850
2862
2874
1782
762
70
1582
1878
640
2759
2771
1882
1123
1217
1577
1972
2359
2447
2459
1028
1120
634
271
739
1590
572
1823
1229
955
1007
1979
1991
2003
2370
2374
2382
2386
2394
2398
2854
2866
2878
1132
1532
1054
1109
1052
1241
570
2015
2170
2263
2371
2383
2855
2867
1435
664
1508
1903
766
178
669
256
724
863
1402
641
1581
1624
2758
2770
2782
1799
166
1303
671
1144
1891
726
657
460
1398
632
1771
2303
161
286
1426
1438
1811
727
83
2488
2492
2731
2743
1319
754
80
1423
1411
1327
94
574
645
1422
1193
1589
248
1601
1600
1613
1625
751
462
930
1331
1485
1908
2375
2387
2754
2766
2778
1907
858
1900
1904
1915
1210
1691
860
1192
1434
153
569
1036
1037
1049
1505
1517
1529
1576
1720
1973
1985
1997
2009
2357
2363
2369
2381
2393
2399
2441
2453
2465
2477
2489
2825
2837
2849
2861
2873
1031
185
844
1235
189
1679
1888
1892
834
356
448
452
943
1787
283
1115
731
633
244
1004
1484
2275
2287
2879
954
851
767
177
1343
1520
742
846
376
1795
827
1295
1612
1727
263
537
1005
1096
1271
1395
1428
2662
2674
2686
2755
2767
561
1029
1902
1914
466
1304
274
383
1312
934
164
259
359
366
1055
1786
472
752
475
647
245
713
1283
1383
1739
1977
1989
2001
2013
2356
2445
2457
2469
2481
2493
1328
1703
1715
1804
165
856
1339
82
1100
1390
1246
1604
2733
2745
2757
2769
2781
2783
1302
1384
859
1148
940
1211
1807
152
621
1371
1407
1759
1875
2360
2851
2863
928
763
268
728
748
659
1410
451
824
916
919
918
922
184
832
945
1247
176
1196
465
933
2265
2277
2289
2301
1292
1043
1388
287
803
815
915
939
1419
1687
1763
1839
1851
2168
2171
2260
2639
2651
476
836
1336
275
1316
1400
736
635
737
1425
378
920
450
1386
1232
1324
464
467
935
1783
2264
1385
1234
425
437
459
471
927
1359
1675
1735
1751
1827
2207
2299
944
269
1890
1326
1338
1414
1436
1439
1136
454
826
1294
942
368
838
847
1315
1340
764
1616
849
191
479
347
443
799
893
948
951
1279
1379
1640
1696
1708
2274
2286
2298
2361
2373
2385
2397
2663
2675
2742
2841
2853
2865
2877
575
835
957
1808
281
463
477
381
1688
474
1220
1103
379
1222
1223
246
622
714
1267
1291
1667
1672
1711
1732
1747
1855
1863
1884
2182
2183
2194
2195
2206
2395
2829
1317
1209
917
947
956
861
755
380
280
1403
260
749
761
1330
1342
358
1415
1819
1124
167
952
1420
370
1306
1580
1806
1818
154
447
812
903
905
911
1172
1184
1264
1268
1404
1655
1699
1860
2650
2730
2840
932
173
174
560
668
1314
273
741
1401
931
1412
357
825
1293
367
837
1305
1313
1496
1775
333
345
352
421
433
435
444
445
457
469
571
801
813
891
1288
1375
1652
1737
1748
1831
1864
1868
2687
2836
1424
1437
449
1432
740
652
1894
1906
1918
1714
1726
365
1387
473
941
1409
1413
1793
1805
1817
1592
1244
179
335
468
704
808
811
823
889
900
901
904
913
1187
1269
1276
1281
1360
1361
1369
1373
1643
1736
1749
1760
1824
1829
1835
1837
1841
1848
1849
1852
1853
1887
1896
1899
2392
2740
2779
2848
2852
2860
2864
2872
2875
1341
656
371
839
1712
257
725
92
175
1199
1628
1780
743
1112
1396
1399
1769
1588
1880
236
328
332
343
423
796
888
892
895
899
924
925
936
937
949
1175
1280
1356
1357
1364
1367
1368
1376
1381
1393
1405
1417
1429
1723
1756
1761
1825
1832
1843
1857
1861
1865
1869
1873
1885
1897
1909
2638
2824
2828
2876
369
1329
272
1781
850
848
1427
958
1318
1397
284
455
833
1391
1879
163
1876
2732
355
420
424
431
432
441
907
909
1363
1372
1380
1431
1744
1828
1833
1844
1856
1867
1911
2396
2648
2728
2776
1208
1408
1433
644
478
946
845
1221
1307
1700
929
923
453
921
1389
1301
2300
2756
2768
2780
331
340
427
429
439
440
456
800
896
897
908
912
1099
1365
1377
1416
1664
1845
1859
1872
2296
2372
2384
2660
2672
2752
2764
188
1325
1337
172
1912
1916
377
382
239
344
428
436
631
707
820
1039
1392
1684
1836
1840
1847
1871
2180
2192
2204
2272
2284
2368
2380
2636
2684
716
862
1702
2276
2288
1797
1809
1821
1794
1895
1792
1784
1204
953
1421
1701
1713
1725
1019
2746
187
959
461
1240
1796
857
1785
1889
1901
1913
753
1108
2278
2290
2302
1810
1822
760
1724
1300
1689
1816
643
1768
2734
1877
1919
1820
1677
1773
1798
1216
1197
68
1881
1233
160
1245
261
1893
1905
1917
1228
364
285
729
1772
765
1676
2744
0
1
2
3
4
5
6
7
8
9
10
11
12
13
14
15
16
17
18
19
20
21
22
23
24
25
26
27
28
29
30
31
32
33
34
35
36
37
38
39
40
41
42
43
44
45
46
47
48
49
50
51
52
53
54
55
56
57
58
59
60
61
62
63
64
65
66
67
72
73
74
75
76
77
78
79
84
85
86
87
88
89
90
91
96
97
98
99
100
101
102
103
104
105
106
107
108
109
110
111
112
113
114
115
116
117
118
119
120
121
122
123
124
125
126
127
128
129
130
131
132
133
134
135
136
137
138
139
140
141
142
143
144
145
146
147
148
149
150
151
156
157
158
159
168
169
170
171
180
181
182
183
192
193
194
195
196
197
198
199
200
201
202
203
204
205
206
207
208
209
210
211
212
213
214
215
216
217
218
219
220
221
222
223
224
225
226
227
228
229
230
231
232
233
234
235
240
241
242
243
252
253
254
255
264
265
266
267
276
277
278
279
288
289
290
291
292
293
294
295
296
297
298
299
300
301
302
303
304
305
306
307
308
309
310
311
312
313
314
315
316
317
318
319
320
321
322
323
324
325
326
327
336
337
338
339
348
349
350
351
360
361
362
363
372
373
374
375
384
385
386
387
388
389
390
391
392
393
394
395
396
397
398
399
400
401
402
403
404
405
406
407
408
409
410
411
412
413
414
415
416
417
418
419
480
481
482
483
484
485
486
487
488
489
490
491
492
493
494
495
496
497
498
499
500
501
502
503
504
505
506
507
508
509
510
511
512
513
514
515
516
517
518
519
520
521
522
523
524
525
526
527
528
529
530
531
532
533
534
535
540
541
542
543
544
545
546
547
552
553
554
555
556
557
558
559
564
565
566
567
576
577
578
579
580
581
582
583
584
585
586
587
588
589
590
591
592
593
594
595
596
597
598
599
600
601
602
603
604
605
606
607
608
609
610
611
612
613
614
615
616
617
618
619
624
625
626
627
636
637
638
639
648
649
650
651
660
661
662
663
672
673
674
675
676
677
678
679
680
681
682
683
684
685
686
687
688
689
690
691
692
693
694
695
696
697
698
699
700
701
702
703
708
709
710
711
720
721
722
723
732
733
734
735
744
745
746
747
756
757
758
759
768
769
770
771
772
773
774
775
776
777
778
779
780
781
782
783
784
785
786
787
788
789
790
791
792
793
794
795
804
805
806
807
816
817
818
819
828
829
830
831
840
841
842
843
852
853
854
855
864
865
866
867
868
869
870
871
872
873
874
875
876
877
878
879
880
881
882
883
884
885
886
887
960
961
962
963
964
965
966
967
968
969
970
971
972
973
974
975
976
977
978
979
980
981
982
983
984
985
986
987
988
989
990
991
992
993
994
995
996
997
998
999
1000
1001
1002
1003
1008
1009
1010
1011
1012
1013
1014
1015
1020
1021
1022
1023
1024
1025
1026
1027
1032
1033
1034
1035
1044
1045
1046
1047
1056
1057
1058
1059
1060
1061
1062
1063
1064
1065
1066
1067
1068
1069
1070
1071
1072
1073
1074
1075
1076
1077
1078
1079
1080
1081
1082
1083
1084
1085
1086
1087
1088
1089
1090
1091
1092
1093
1094
1095
1104
1105
1106
1107
1116
1117
1118
1119
1128
1129
1130
1131
1140
1141
1142
1143
1152
1153
1154
1155
1156
1157
1158
1159
1160
1161
1162
1163
1164
1165
1166
1167
1168
1169
1170
1171
1176
1177
1178
1179
1180
1181
1182
1183
1188
1189
1190
1191
1200
1201
1202
1203
1212
1213
1214
1215
1224
1225
1226
1227
1236
1237
1238
1239
1248
1249
1250
1251
1252
1253
1254
1255
1256
1257
1258
1259
1260
1261
1262
1263
1272
1273
1274
1275
1284
1285
1286
1287
1296
1297
1298
1299
1308
1309
1310
1311
1320
1321
1322
1323
1332
1333
1334
1335
1344
1345
1346
1347
1348
1349
1350
1351
1352
1353
1354
1355
1440
1441
1442
1443
1444
1445
1446
1447
1448
1449
1450
1451
1452
1453
1454
1455
1456
1457
1458
1459
1460
1461
1462
1463
1464
1465
1466
1467
1468
1469
1470
1471
1472
1473
1474
1475
1476
1477
1478
1479
1480
1481
1482
1483
1488
1489
1490
1491
1492
1493
1494
1495
1500
1501
1502
1503
1512
1513
1514
1515
1524
1525
1526
1527
1536
1537
1538
1539
1540
1541
1542
1543
1544
1545
1546
1547
1548
1549
1550
1551
1552
1553
1554
1555
1556
1557
1558
1559
1560
1561
1562
1563
1564
1565
1566
1567
1568
1569
1570
1571
1572
1573
1574
1575
1584
1585
1586
1587
1596
1597
1598
1599
1608
1609
1610
1611
1620
1621
1622
1623
1632
1633
1634
1635
1636
1637
1638
1639
1644
1645
1646
1647
1648
1649
1650
1651
1656
1657
1658
1659
1660
1661
1662
1663
1668
1669
1670
1671
1680
1681
1682
1683
1692
1693
1694
1695
1704
1705
1706
1707
1716
1717
1718
1719
1728
1729
1730
1731
1740
1741
1742
1743
1752
1753
1754
1755
1764
1765
1766
1767
1776
1777
1778
1779
1788
1789
1790
1791
1800
1801
1802
1803
1812
1813
1814
1815
1920
1921
1922
1923
1924
1925
1926
1927
1928
1929
1930
1931
1932
1933
1934
1935
1936
1937
1938
1939
1940
1941
1942
1943
1944
1945
1946
1947
1948
1949
1950
1951
1952
1953
1954
1955
1956
1957
1958
1959
1960
1961
1962
1963
1964
1965
1966
1967
1968
1969
1970
1971
1980
1981
1982
1983
1992
1993
1994
1995
2004
2005
2006
2007
2016
2017
2018
2019
2020
2021
2022
2023
2024
2025
2026
2027
2028
2029
2030
2031
2032
2033
2034
2035
2036
2037
2038
2039
2040
2041
2042
2043
2044
2045
2046
2047
2048
2049
2050
2051
2052
2053
2054
2055
2056
2057
2058
2059
2060
2061
2062
2063
2064
2065
2066
2067
2068
2069
2070
2071
2072
2073
2074
2075
2076
2077
2078
2079
2080
2081
2082
2083
2084
2085
2086
2087
2088
2089
2090
2091
2092
2093
2094
2095
2096
2097
2098
2099
2100
2101
2102
2103
2104
2105
2106
2107
2108
2109
2110
2111
2112
2113
2114
2115
2116
2117
2118
2119
2120
2121
2122
2123
2124
2125
2126
2127
2128
2129
2130
2131
2132
2133
2134
2135
2136
2137
2138
2139
2140
2141
2142
2143
2144
2145
2146
2147
2148
2149
2150
2151
2152
2153
2154
2155
2156
2157
2158
2159
2160
2161
2162
2163
2164
2165
2166
2167
2172
2173
2174
2175
2176
2177
2178
2179
2184
2185
2186
2187
2188
2189
2190
2191
2196
2197
2198
2199
2200
2201
2202
2203
2208
2209
2210
2211
2212
2213
2214
2215
2216
2217
2218
2219
2220
2221
2222
2223
2224
2225
2226
2227
2228
2229
2230
2231
2232
2233
2234
2235
2236
2237
2238
2239
2240
2241
2242
2243
2244
2245
2246
2247
2248
2249
2250
2251
2252
2253
2254
2255
2256
2257
2258
2259
2268
2269
2270
2271
2280
2281
2282
2283
2292
2293
2294
2295
2304
2305
2306
2307
2308
2309
2310
2311
2312
2313
2314
2315
2316
2317
2318
2319
2320
2321
2322
2323
2324
2325
2326
2327
2328
2329
2330
2331
2332
2333
2334
2335
2336
2337
2338
2339
2340
2341
2342
2343
2344
2345
2346
2347
2348
2349
2350
2351
2352
2353
2354
2355
2364
2365
2366
2367
2376
2377
2378
2379
2388
2389
2390
2391
2400
2401
2402
2403
2404
2405
2406
2407
2408
2409
2410
2411
2412
2413
2414
2415
2416
2417
2418
2419
2420
2421
2422
2423
2424
2425
2426
2427
2428
2429
2430
2431
2432
2433
2434
2435
2436
2437
2438
2439
2448
2449
2450
2451
2460
2461
2462
2463
2472
2473
2474
2475
2484
2485
2486
2487
2496
2497
2498
2499
2500
2501
2502
2503
2504
2505
2506
2507
2508
2509
2510
2511
2512
2513
2514
2515
2516
2517
2518
2519
2520
2521
2522
2523
2524
2525
2526
2527
2528
2529
2530
2531
2532
2533
2534
2535
2536
2537
2538
2539
2540
2541
2542
2543
2544
2545
2546
2547
2548
2549
2550
2551
2552
2553
2554
2555
2556
2557
2558
2559
2560
2561
2562
2563
2564
2565
2566
2567
2568
2569
2570
2571
2572
2573
2574
2575
2576
2577
2578
2579
2580
2581
2582
2583
2584
2585
2586
2587
2588
2589
2590
2591
2592
2593
2594
2595
2596
2597
2598
2599
2600
2601
2602
2603
2604
2605
2606
2607
2608
2609
2610
2611
2612
2613
2614
2615
2616
2617
2618
2619
2620
2621
2622
2623
2624
2625
2626
2627
2628
2629
2630
2631
2632
2633
2634
2635
2640
2641
2642
2643
2644
2645
2646
2647
2652
2653
2654
2655
2656
2657
2658
2659
2664
2665
2666
2667
2668
2669
2670
2671
2676
2677
2678
2679
2680
2681
2682
2683
2688
2689
2690
2691
2692
2693
2694
2695
2696
2697
2698
2699
2700
2701
2702
2703
2704
2705
2706
2707
2708
2709
2710
2711
2712
2713
2714
2715
2716
2717
2718
2719
2720
2721
2722
2723
2724
2725
2726
2727
2736
2737
2738
2739
2748
2749
2750
2751
2760
2761
2762
2763
2772
2773
2774
2775
2784
2785
2786
2787
2788
2789
2790
2791
2792
2793
2794
2795
2796
2797
2798
2799
2800
2801
2802
2803
2804
2805
2806
2807
2808
2809
2810
2811
2812
2813
2814
2815
2816
2817
2818
2819
2820
2821
2822
2823
2832
2833
2834
2835
2844
2845
2846
2847
2856
2857
2858
2859
2868
2869
2870
2871
