0.0
0.0
0.0
0.0
0.0
0.0
0.0
0.0
0.0
0.0
0.0
3.950517720960881e-06
3.9518811025826906e-06
3.953245425573747e-06
3.954610690909204e-06
3.955976899566035e-06
3.957344052521507e-06
3.958712150756397e-06
3.960081195250046e-06
3.961451186985181e-06
3.9628221269445565e-06
3.964194016114345e-06
3.9655668554790746e-06
3.966940646027558e-06
3.968315388748055e-06
3.969691084630881e-06
3.9710677346679965e-06
3.972445339852221e-06
3.9738239011776645e-06
3.975203419640366e-06
3.976583896237148e-06
3.977965331967343e-06
3.979347727830202e-06
3.980731084827169e-06
3.982115403960999e-06
3.983500686236188e-06
3.984886932657811e-06
3.986274144232732e-06
3.987662321969269e-06
3.9890514668774e-06
3.990441579968029e-06
3.991832662253791e-06
7.98644942949709e-06
7.989206734963698e-06
7.991965944989872e-06
7.994727061549678e-06
7.997490086618421e-06
8.000255022175352e-06
8.003021870205048e-06
8.005790632690406e-06
8.008561311618913e-06
8.011333908982072e-06
8.014108426773368e-06
8.016884866987443e-06
8.019663231624064e-06
8.022443522685184e-06
8.025225742172338e-06
8.028009892096179e-06
8.030795974463346e-06
8.033583991288922e-06
8.036373944587833e-06
8.039165836376961e-06
8.041959668677803e-06
8.04475544351556e-06
8.04755316291544e-06
8.050352828906414e-06
8.053154443522647e-06
1.2083937013198497e-05
1.2088101423725374e-05
1.2092268705533549e-05
1.209643886159651e-05
1.2100611894888097e-05
1.2104787808383567e-05
1.2108966605071278e-05
1.2113148287933652e-05
1.2117332859964012e-05
1.6162027098876754e-05
1.6167555392389833e-05
1.6173087469121297e-05
1.617862333296238e-05
1.6184162987797862e-05
1.6189706437524188e-05
1.6884413417367356e-05
1.6889248526230747e-05
1.689408640507936e-05
2.4313762397326866e-05
2.4321925712377314e-05
2.4330094510856365e-05
2.4845316064917738e-05
2.89934438924684e-05
2.9000581134524793e-05
3.247511721942762e-05
3.248580219439219e-05
3.811423921116798e-05
3.812446234703136e-05
3.8136824642758846e-05
3.814919495817728e-05
4.151837835999427e-05
4.153172868901724e-05
4.154151403082955e-05
4.66789117104965e-05
4.885673611445634e-05
4.8863541958659234e-05
4.887895166233433e-05
4.991300381913024e-05
5.099102155055707e-05
5.100129695540527e-05
5.301287841772468e-05
5.302008034565824e-05
5.303663272868865e-05
5.305319544971102e-05
5.4175388695870306e-05
5.41922636362024e-05
5.420914909220704e-05
5.7195618181917375e-05
5.7203192167690324e-05
5.722087260429716e-05
5.723856397338184e-05
5.7256266285093444e-05
5.7273979549586476e-05
5.729170377703188e-05
5.730943897760042e-05
5.7327185161492606e-05
6.144100964882965e-05
6.144894040987035e-05
6.146775583011278e-05
6.148658277597768e-05
6.278678420093947e-05
6.280050985201508e-05
6.281424150528812e-05
6.282797916470605e-05
6.56574924162492e-05
6.566574036130219e-05
6.56856409920569e-05
6.570555368825778e-05
6.572547846089009e-05
6.574541532095004e-05
6.85638904189622e-05
6.989673197890606e-05
6.991769443166502e-05
6.992623829523239e-05
6.994721845207023e-05
6.996821120175002e-05
6.998921655562693e-05
7.001023452504653e-05
7.003126512136751e-05
7.00523083559933e-05
7.007336424030116e-05
7.009443278570924e-05
7.011551400363699e-05
7.013660790552116e-05
7.01577145028149e-05
7.017883380697982e-05
7.166246511760623e-05
7.435166619440297e-05
7.437379145509341e-05
7.439592988715279e-05
7.44180815023332e-05
7.444024631242999e-05
7.446242432923233e-05
7.448461556453847e-05
7.623885406554456e-05
7.626581609685675e-05
7.629279720462516e-05
7.63197974090875e-05
7.634681673053455e-05
7.696336179022212e-05
7.784000361477309e-05
7.785414779566204e-05
7.884845112637085e-05
7.88717291737817e-05
7.889502096928422e-05
7.89183265250798e-05
7.894164585334818e-05
7.896497896631224e-05
7.898832587620404e-05
7.901168659524726e-05
7.903506113570128e-05
7.905844950985336e-05
7.908185172996731e-05
7.910526780834142e-05
7.912869775730093e-05
7.915214158917142e-05
7.917559931628682e-05
7.919907095101702e-05
7.92225565057279e-05
8.089701549264316e-05
8.090662901248452e-05
8.118807990635983e-05
8.121669999410596e-05
8.124534026629168e-05
8.127400074428797e-05
8.130268144948139e-05
8.133138240330432e-05
8.225163073672952e-05
8.364039389280132e-05
8.366496252349013e-05
8.368954559152247e-05
8.371414310962245e-05
8.37387550905244e-05
8.374822509070044e-05
8.375769723296852e-05
8.378233483317875e-05
8.379181469296063e-05
8.55626488787172e-05
8.55877004562423e-05
8.561276670700587e-05
8.563784764392725e-05
8.680511585696803e-05
8.751399399622258e-05
8.814951098084174e-05
8.81751671919911e-05
8.818483379263413e-05
8.82105105717256e-05
8.82201849233967e-05
9.006798350969796e-05
9.055047644140634e-05
9.058191759266726e-05
9.19965917515176e-05
9.210661958932363e-05
9.215039872905301e-05
9.217943097104326e-05
9.221094646220189e-05
9.265479384229685e-05
9.268149960509593e-05
9.27082207664128e-05
9.273495733957809e-05
9.27617093379348e-05
9.278847677482248e-05
9.281525966360907e-05
9.284205801769636e-05
9.286887185045188e-05
9.445620208439469e-05
9.540061960257834e-05
9.660247840405325e-05
9.663008939741681e-05
9.695793657366122e-05
9.696870870831206e-05
9.69794832367267e-05
9.699026015969605e-05
9.727098671218132e-05
9.729876947432021e-05
9.732656811104705e-05
9.733657950889877e-05
9.734659296651173e-05
9.735660848450068e-05
9.738444018398254e-05
9.74764592676227e-05
9.750695837877974e-05
9.931051520951914e-05
9.950992594169258e-05
0.00010016483442770691
0.00010019911437503995
0.00010022171476327378
0.00010025603365950003
0.00010029037606632774
0.00010032474200793954
0.00010035913150853401
0.00010039354459233684
0.0001018064045561308
0.00010188896255414881
0.00010197039210134343
0.00010207187091089445
0.00010208203262417036
0.00010211096550059935
0.00010212113499948787
0.0001026793596209802
0.00010394769991725265
0.00010433064012730914
0.00010436944141671509
0.00010440827157642799
0.00010441890381406373
0.00010442953821725885
0.00010444017478666685
0.00010519701110827583
0.00010523280299523836
0.00010665423742337629
0.00010668414687904155
0.00010671407311386359
0.00010674401614193845
0.0001067739759774295
0.00010680395263447673
0.00010681422248222554
0.00010684422174392744
0.00010694543933679568
0.00010695659459129343
0.00010696775217307347
0.00010697891208287616
0.00010708913920505421
0.00010792743456065895
0.00010851884384925877
0.00010923124672956187
0.00010927164742795052
0.00010930218266499697
0.00010933273497171418
0.00011018102154921621
0.0001102182500375508
0.00011146520242494027
0.00011147552772097998
0.00011148585493002393
0.00011149618405259529
0.00011194680859526747
0.00011213509437939194
0.00011217000714792624
0.00011220871966967022
0.00011320411339992086
0.00011402980393115316
0.00011406789094094989
0.00011410980316656331
0.00011415174620171729
0.0001141937200804065
0.00011422533368769996
0.0001142361766683277
0.00011426781378955311
0.0001142786648366041
0.00011428951794460393
0.00011468264860950214
0.00011472433943150686
0.00011473618894400948
0.00011476795771114827
0.00011533336428569048
0.00011537209973866396
0.00011645087427973048
0.00011646127425210347
0.00011649339023554243
0.00011652552393587656
0.000116557675367786
0.00011656809442509673
0.00011660026935520261
0.00011663246205101459
0.00011664289448282959
0.00011665332878101134
0.0001166855507848245
0.00011669599271600501
0.00011672823829542575
0.00011676050169911177
0.00011679278294185615
0.00011725121168672614
0.000117822380795129
0.00011933617040569514
0.00011937986925017028
0.00011942360010818302
0.00011946736301490739
0.00011950020624795066
0.00011951115800525934
0.00011952211177000816
0.00012060237356308511
0.00012063544357581686
0.00012153771103839888
0.00012157096341979925
0.00012158141792617574
0.00012159187423067317
0.00012160233233377354
0.0001222596687903848
0.0001222930681119369
0.00012303124733168176
0.00012306899276979616
0.00012309836634763236
0.00012431167466061014
0.00012512930562960718
0.00012540194006076903
0.00012555892583692932
0.00012573560128444427
0.00012632150547204333
0.00012633190830460675
0.00012634231285058362
0.00012635271911042836
0.00012636312708455482
0.00012639733678935768
0.0001264315650210098
0.00012646581179453026
0.00012650007712501488
0.0001265343610275391
0.00012656866351719775
0.0001266029846091365
0.0001266373243184544
0.00012750810609683355
0.00012754261399524827
0.00012802286816301857
0.0001294213646304604
0.0001304387021567075
0.00013073810447109435
0.00013127761628086877
0.00013131279041326443
0.00013132313933345268
0.000131358337866528
0.00013136869396710162
0.0001313790517006373
0.00013138941106749828
0.00013139977206809935
0.00013159264877877401
0.00013247600013475736
0.00013251141971641755
0.00013253886020085268
0.00013298561704182417
0.00013302001750827193
0.0001330659806066438
0.00013321544520536116
0.00013323927213969338
0.0001336852373251922
0.00013387033707465987
0.00013449923163886862
0.0001345475598972451
0.0001345834212622027
0.00013461930174756454
0.00013465520136864001
0.00013469112014073378
0.00013494612646630744
0.00013558201619060867
0.00013597331919293386
0.00013738704228151856
0.00013771588441907466
0.00013775231592882625
0.00013841259174354148
0.0001387905240686297
0.00013917539947296828
0.0001392072735200816
0.00013924397681935608
0.00013958087339813982
0.00013959162348448442
0.00013960237522672457
0.00013986671387699267
0.00014059140262871807
0.00014063042143063812
0.00014075332217826722
0.00014117530578204254
0.00014127287569147627
0.00014142677106973627
0.0001414639164932881
0.00014150108143302939
0.00014151122071468544
0.0001424058699584965
0.0001428573283268097
0.0001430112015480731
0.000143287101168792
0.00014341749282380695
0.00014348709996978666
0.0001439048918613273
0.00014394249057014493
0.00014429237063193006
0.00014481792590966474
0.00014485569361648843
0.0001449070656928199
0.00014495847421720155
0.00014496911501757782
0.00014502056758266613
0.00014504482800597692
0.0001450963343353671
0.00014514787725581306
0.0001451655801273423
0.00014519846834738388
0.0001453546578653473
0.00014675461162793764
0.0001467645996621914
0.00014680280174494717
0.00014684102371919613
0.0001468792656004559
0.0001468892706091104
0.0001468992769808047
0.00014697243076556023
0.0001472281529348431
0.00014859029767582565
0.00014862881591571435
0.0001486673541291787
0.00014872485407280123
0.00014876342388831358
0.00014944623066502405
0.00015024444463849283
0.00015090536750726058
0.0001516848028243396
0.0001517237994365137
0.0001517628161037249
0.00015177257340581637
0.00015181161516359523
0.00015185067701126034
0.00015188975896431625
0.00015192886103829677
0.00015196798324874125
0.00015197776694937263
0.00015201691435227468
0.00015205608192668117
0.00015209526968816244
0.00015213447765232484
0.00015217370583483106
0.00015218351604126556
0.00015222276951865808
0.00015223258605188226
0.00015224240385119613
0.00015225222291684364
0.00015226204324906767
0.00015230133724922071
0.00015234065153427385
0.00015237998611996708
0.00015241934102198782
0.00015245871625612677
0.00015246856324325133
0.00015247841150237845
0.00015248826103374802
0.00015249811183757684
0.00015276246197657093
0.0001529186091245946
0.0001531426378590729
0.00015434122902271058
0.0001544070572845731
0.0001545054717436701
0.00015451654263954075
0.00015454672431368673
0.00015555391631463523
0.0001555867632489923
0.00015561962405730194
0.00015565249874835153
0.0001559320649188336
0.00015597945118831684
0.00015678449961786732
0.00015680248035403836
0.00015683153487185808
0.00015687167548216168
0.00015761790173620175
0.0001576274866547846
0.0001576677560455553
0.00015767734702823165
0.00015768693917775524
0.00015769653249430614
0.00015770612697812699
0.0001582722580172032
0.00015865960399278074
0.00015913706808237733
0.00015985504827005221
0.00015992955364981537
0.00015999850816016286
0.00016061993305962113
0.00016066067948633644
0.00016100453253949055
0.00016118185708987172
0.00016121537256366284
0.00016144946031327914
0.0001621340207643692
0.00016243870813595167
0.00016278119177816155
0.0001627904682842071
0.00016279974584753655
0.00016284084491349603
0.00016285012821945892
0.00016285941258386397
0.0001629005417828597
0.00016290983189621214
0.00016291912306917698
0.00016292841530191925
0.00016293770859462649
0.00016358903211589827
0.0001636098817418866
0.00016363073668276923
0.00016368220160811015
0.00016480712788478232
0.0001652090094333119
0.00016610427887658844
0.00016633195786735645
0.0001666410684508104
0.0001666793663399062
0.00016672105761931727
0.000166762769758757
0.00016678163775279482
0.00016681575611702273
0.0001668498884422045
0.00016705356992674107
0.00016709537448361057
0.0001675227744082365
0.00016789891377037473
0.00016794084458779488
0.00016818616193874867
0.00016822815143169038
0.00016827016189452875
0.00016827911765606934
0.00016828807437085984
0.00016829703203908412
0.0001683059906608965
0.00016831495023643354
0.00016832391076586275
0.00016833287224931026
0.00016834183468696337
0.00016835079807895877
0.0001683597624254422
0.00016836872772656993
0.00016837769398248242
0.00016847938087098798
0.00016861978835414543
0.00016866534613243757
0.00016904732357522615
0.00016912013290502968
0.00016944723298850946
0.00016948952008543898
0.00016952992696683066
0.00016957225016616802
0.00017007325906829283
0.0001706272992300501
0.00017129979724992
0.00017242225045368802
0.0001724482924884279
0.000172474342390327
0.00017250040016296273
0.00017252646580990093
0.00017255253933472285
0.00017276473221817604
0.00017279955383901145
0.00017295700844022574
0.00017307049007810797
0.00017340773629508652
0.00017343806256616784
0.00017346839944543498
0.00017381787400212953
0.00017382646274022705
0.0001738694191651611
0.00017387801299766512
0.00017388660767966366
0.00017389520321131618
0.00017390379959272422
0.00017391239682400253
0.00017392099490531144
0.00017443815990060292
0.0001744686863779981
0.0001744866941807908
0.0001745235042958468
0.00017455406065113678
0.00017503628414294138
0.00017527909588934342
0.00017573972912703295
0.0001757910987773734
0.00017584249846537084
0.00017589392821735204
0.00017594538805971194
0.00017598874602184415
0.00017603212535682514
0.00017606738681472635
0.00017621078844715177
0.0001766702209602639
0.0001768547425686616
0.00017724406322981094
0.00017739917080859195
0.00017743758599649847
0.00017832926790974297
0.0001783383082450008
0.00017834734949684296
0.00017835639166540262
0.00017877359364037976
0.00017880079048251967
0.0001788197149053926
0.00017888581400256877
0.0001794440153499191
0.00017945219105100236
0.00017946036749705679
0.0001794685446881658
0.00017947672262446472
0.0001794849013060089
0.0001794930807329426
0.00017950126090534463
0.00017950944182333167
0.00017951762348699426
0.0001795258058964255
0.00017953398905175145
0.0001795421729530423
0.00017955035760043128
0.0001797457001161696
0.00017997985406492545
0.0001804314545841612
0.00018048819518641024
0.00018066100504304325
0.00018070508536543445
0.00018073611774717816
0.00018077369752416837
0.00018081783285867788
0.00018088162195515343
0.0001817418391770594
0.00018195800734493778
0.00018201078208015663
0.0001820551203924461
0.00018270388825802466
0.00018348906438086149
0.0001836098179211745
0.00018364896480944643
0.00018368812839269092
0.00018372191330178058
0.00018417422741475153
0.00018479883591940706
0.00018496462090841485
0.0001851375972164067
0.00018518234578645106
0.00018522711599176342
0.0001852348371803849
0.0001852425590127017
0.00018525028148875882
0.00018525800460869656
0.00018526572837255308
0.0001852734527804015
0.0001852811778323717
0.00018528890352849487
0.0001852966298688695
0.00018639659798138416
0.00018667770931528167
0.00018685039896244185
0.00018716930529223303
0.0001872276207164693
0.00018729237549145806
0.00018758296116845794
0.00018761944134078348
0.0001878484477579821
0.00018799074406229024
0.00018803596123293583
0.0001880812001590133
0.0001883896207944904
0.00018846645391122987
0.0001885117791009367
0.00018854929815253333
0.00018857900173171752
0.00018887295797219452
0.0001891111903530612
0.00018925122647623052
0.0001900813031306715
0.00019043338861900004
0.0001904687946758961
0.0001909848703588198
0.00019099207790839977
0.0001909992860019615
0.00019100649463956286
0.0001910521619831017
0.0001910593746122512
0.00019106658778596133
0.00019107380150430232
0.00019108101576731197
0.0001910882305750702
0.00019109544592761234
0.00019110266182505089
0.00019110987826739624
0.00019111709525474873
0.00019112431278714672
0.0001911315308646529
0.0001911387494873338
0.00019114596865525135
0.00019115318836847813
0.0001911604086270554
0.00019116762943106915
0.0001911748507805522
0.00019118207267557498
0.00019118929511622885
0.00019119651810253497
0.00019125443191603288
0.00019127324856381054
0.00019247788757028155
0.0001926867978114175
0.00019310452685802933
0.0001931716820741093
0.00019348694419585777
0.0001938676527487198
0.00019394846215302269
0.0001947601134877893
0.0001948838036978622
0.0001949920545622417
0.00019502962920426193
0.00019550380676988004
0.0001955579675649789
0.00019651249177219697
0.00019655885076682935
0.00019660523163764053
0.0001966516344001666
0.0001966582651540854
0.00019666489635514754
0.00019667152800340016
0.00019667816009886208
0.0001966847926415877
0.00019669142563162037
0.0001966980590690306
0.00019670469295382192
0.00019671132728605876
0.00019675778014494383
0.0001967644180584084
0.00019677105641970166
0.00019677769522893232
0.0001967843344860805
0.00019679097419122223
0.0001967976143443979
0.00019680425494566567
0.00019684300071983005
0.00019727059184721578
0.00019739583588126167
0.00019757000916809748
0.00019794570571982943
0.00019838342172163472
0.00019924859379486494
0.00019936865644475677
0.00019940077075069286
0.00019944023963447722
0.0001994870718250305
0.00019955598265906075
0.00020022457199405053
0.00020027575472611234
0.00020039416254486565
0.00020064094087387212
0.00020068299545516105
0.0002009000036248838
0.00020096510359137435
0.000201892218352598
0.0002019394024353848
0.0002019738682370149
0.00020200834580443085
0.00020205133432535437
0.00020255800222046305
0.00020262545450432364
0.00020280263405574167
0.0002028499985472345
0.00020285602834210667
0.00020286205849542622
0.00020286808900724418
0.0002028741198775698
0.00020288015110644247
0.00020288618269390164
0.00020289221463998377
0.0002028982469446881
0.00020290427960808883
0.00020291031263020297
0.00020291634601104822
0.00020292237975066293
0.00020292841384909896
0.00020293444830636387
0.00020294048312248942
0.00020323255990189058
0.0002050512686329627
0.0002050988157750411
0.00020514638497060554
0.00020529526386909287
0.00020536454198955052
0.00020588476291047338
0.00020595109110178013
0.00020601746203969696
0.00020606522899379958
0.0002064630595491809
0.00020670801190391646
0.00020676571985084164
0.000206823460025139
0.00020688123245379708
0.00020729955813452
0.00020734314862912048
0.00020738236994136822
0.00020811741525453617
0.00020812376224201725
0.00020862401115816478
0.00020862935367677474
0.00020863469646902307
0.00020864003953488156
0.00020864538287439018
0.00020865072648757816
0.00020865607037445696
0.00020866141453505584
0.00020866675896936238
0.0002086721036774566
0.00020867744865930797
0.00020868279391496062
0.00020868813944441574
0.0002086934852477197
0.0002086988313249041
0.0002087041776759417
0.00020870952430088706
0.00020871487119975687
0.00020872021837257997
0.00020872556581936927
0.00020873091354012887
0.0002087362615349053
0.0002087416098037095
0.00020874695834657058
0.00020922674422523224
0.0002092650608279503
0.0002098122492878057
0.00021044237208461543
0.00021058070748380486
0.00021122702364949618
0.00021128916614339337
0.0002113513452089175
0.00021141356087836554
0.00021215437675875504
0.00021222086253565292
0.00021283032449403704
0.00021288907330549222
0.00021307239986758674
0.00021310494890736228
0.00021313750789209938
0.00021317543157641742
0.0002132187256824264
0.00021327275638642984
0.0002133160900333731
0.00021365657629689354
0.00021409138593225492
0.00021414015602752804
0.00021456349776810668
0.00021456810228355985
0.00021457270699663548
0.00021457731190730692
0.0002145819170156273
0.0002145865223216079
0.00021459112782524407
0.00021459573352654074
0.00021460033942554283
0.00021460494552223358
0.0002146095518166176
0.00021461415830875477
0.00021461876499861775
0.00021462337188624299
0.00021462797897160482
0.0002146325862547619
0.00021463719373570724
0.0002146418014144578
0.00021464640929100295
0.00021465101736539867
0.0002146556256376137
0.00021466023410768672
0.00021466484277563635
0.00021466945164144713
0.0002146740607051565
0.00021467866996676544
0.00021468327942628912
0.00021468788908374605
0.00021469249893915653
0.00021469710899249393
0.00021470171924380796
0.00021470632969310835
0.00021471094034039348
0.0002147155511856852
0.00021472016222901611
0.00021472477347034266
0.0002147293849097458
0.00021473399654718534
0.00021473860838268078
0.00021474322041629374
0.00021474783264797498
0.00021475244507775535
0.00021475705770567156
0.0002147616705317215
0.0002151957350944391
0.00021580407080889138
0.0002158438347915764
0.000215883613429345
0.00021592800962300307
0.00021627994214561084
0.00021636021977137834
0.00021644055700751412
0.00021769992822096883
0.0002177347782213977
0.0002177553025991633
0.0002184612769866925
0.00021861827791833072
0.00021891381080083234
0.00021896312134840078
0.00021899600738856814
0.0002200314995086572
0.00022008089964846873
0.0002200857439931875
0.00022039003152878929
0.00022039383339396488
0.00022039763539026124
0.00022040143751774939
0.00022040523977640323
0.00022040904216625388
0.00022041284468725836
0.00022041664733947957
0.00022042045012289022
0.00022042425303749798
0.00022042805608333486
0.00022043185926038934
0.00022043566256864958
0.00022043946600815734
0.0002204432695789156
0.00022044707328090868
0.0002204508771141586
0.00022045468107866436
0.00022045848517442468
0.0002204622894014729
0.00022046609375980604
0.00022046989824942476
0.0002204737028703427
0.00022047750762254912
0.00022048131250606269
0.00022048511752090853
0.00022048892266704606
0.00022049272794453834
0.00022049653335334902
0.00022050033889352443
0.00022050414456503066
0.00022050795036788882
0.0002205117563021188
0.0002205155623677025
0.0002205193685646725
0.00022052317489302457
0.00022052698135277814
0.0002205307879439112
0.00022053459466646355
0.00022053840152041183
0.00022054220850578046
0.00022054601562255532
0.00022054982287078793
0.0002205536302504352
0.00022055743776153944
0.00022056124540408885
0.00022096462754980054
0.00022102843765948988
0.00022229968415642096
0.00022262438802590081
0.00022339336990304855
0.0002234422412581828
0.00022349350031932848
0.0002239560267944818
0.00022415323099759648
0.00022495759814588644
0.0002251857960678387
0.0002252741673438844
0.00022532401086107674
0.00022538478747445242
0.0002258616395762363
0.0002258885948493493
0.00022589258877023328
0.00022589658283236143
0.0002261010212034335
0.00022610395841357115
0.00022610689569999736
0.00022610983306273178
0.00022611277050178585
0.0002261157080171429
0.0002261186456088169
0.00022612158327682785
0.00022612452102115286
0.00022612745884181232
0.0002261303967387969
0.00022613333471210373
0.0002261362727617582
0.0002261392108877498
0.00022614214909007365
0.00022614508736876595
0.00022614802572378046
0.00022615096415516526
0.00022615390266288242
0.00022615684124697058
0.000226159779907429
0.0002261627186442358
0.00022616565745740204
0.00022639241484901637
0.0002272086226588379
0.00022743721259088206
0.00022805545438270815
0.00022892805293752656
0.00022897813629377622
0.00022903544511344566
0.00022950324763016528
0.00023055560446069216
0.00023060579590442233
0.00023104100424251937
0.00023119667906922693
0.00023124694131263618
0.0002313084620830957
0.00023137001559271403
0.00023143160186768816
0.0002316850375103459
0.00023168812157800477
0.00023169120572777454
0.0002316942899596426
0.0002317979810362179
0.00023179999620085118
0.00023180201140051484
0.0002318040266352128
0.0002318060419049692
0.00023180805720975266
0.00023181007254955002
0.00023181208792442192
0.00023181410333430663
0.00023181611877924954
0.00023181813425922232
0.00023182014977425974
0.00023182216532433025
0.00023182418090944112
0.00023182619652958547
0.00023182821218479475
0.00023183022787504572
0.00023183224360034688
0.00023183425936070188
0.00023183627515609563
0.00023183829098656365
0.00023184030685205532
0.00023184232275262392
0.0002318443386882333
0.0002318463546588842
0.00023184837066461296
0.00023185038670539822
0.00023219274619090823
0.00023480504609057177
0.00023485549682981856
0.00023515611976908358
0.0002352066165293697
0.00023525713497906346
0.0002355777987388138
0.00023627079684237153
0.00023708461285918764
0.00023708564540464392
0.00023708667795910936
0.00023708771052253976
0.00023708874309498056
0.0002370897756764104
0.0002370908082668351
0.00023709184086626812
0.00023709287347468017
0.0002370939060920733
0.00023709493871847332
0.00023709597135387382
0.00023709700399826713
0.0002370980366516498
0.00023709906931402097
0.00023710010198538212
0.0002371011346657575
0.00023710216735510798
0.00023710320005346442
0.00023710423276082095
0.00023710526547716788
0.00023710629820250805
0.00023710733093684232
0.00023710836368016452
0.00023713472319544636
0.00023718042690710602
0.00023724132558600403
0.00023724343649677562
0.00023788848930812503
0.00023793034855852617
0.0002379722225411686
0.00023894804469857167
0.00023911117023452756
0.00023984456753903176
0.00023990147002381923
0.0002409481396624256
0.00024185555085797574
0.00024189589258670605
0.00024193624777428625
0.00024199757646002764
0.0002420589362428222
0.00024282828131924654
0.00024285428019540535
0.00024314569675370777
0.00024323015173556602
0.00024334181720625
0.0002448469907242846
0.0002478393335004293
0.00025111805129386265
0.00025171638025206673
0.000251835550469432
0.00025188651619263485
0.00025193750254621654
0.0002533316231713253
0.0002534298953347515
0.0002535069993106211
0.00025358415021191024
0.00025366134808147437
0.00025434533278276755
0.0002544012031611874
0.0002548455822067579
0.0002560248850590777
0.0002571950016575034
0.0002580800088819588
0.0002589320293503904
0.00025906267110480146
0.00025908706912361603
0.0002591382036854618
0.00026420103157773873
0.00026650726046824623
0.0002698666520516356
0.0002716996871614955
0.00027444109321614704
0.0002759402823351346
0.0002770235723360218
0.0002770740097577327
0.00027971235782370425
0.0002797626677096452
0.0002798419424857097
0.00027989574510356343
0.00027991715263470427
0.00028264085538499116
0.00028429076913285097
0.0002843408718848012
0.00028439099229759504
0.0002878476109839064
0.0002897851529306061
0.0002916999589236736
0.0002936619266004496
0.00029540286123403065
0.0002975674184313745
0.0002983471170220502
0.00033060258656336775
0.00048089166590744377
0.0004808916659074792
0.00048089166590744117
0.0004808916659074771
0.00048089166590745
0.0004808916659074377
0.00048089166590747483
0.0004808916659074493
0.00048089166590743705
0.0004808916659074743
0.0004808916659074491
0.00048089166590743575
0.0004808916659074743
0.0004808916659074491
0.00048089166590743575
0.0004808916659074743
0.0004808916659074491
0.00048089166590743575
0.0004808916659074743
0.0004808916659074491
0.00048089166590743575
0.0004808916659074743
0.0004808916659074491
0.00048089166590743705
0.00048089166590747424
0.0004808916659074478
0.00048089166590748226
0.000480891665907444
0.0004808916659074794
0.0004808916659074416
0.00048089166590747727
0.00048089166590745017
0.00048089166590743786
0.0004808916659074749
0.00048089166590744973
0.00048089166590743727
0.0004808916659074743
0.0004808916659074491
0.00048089166590743705
0.0004808916659074743
0.0004808916659074491
0.00048089166590743575
0.0004808916659074743
0.0004808916659074491
0.00048089166590743705
0.00048089166590747424
0.0004808916659074491
0.00048089166590743575
0.0004808916659074743
0.0004808916659074491
0.00048089166590743705
0.00048089166590747424
0.0004808916659074491
0.00048089166590743705
0.00048089166590747424
0.0004808916659074491
0.00048089166590743705
0.00048089166590747424
0.0004808916659074491
0.00048089166590743705
0.00048089166590747424
0.0004808916659074491
0.00048089166590743705
0.00048089166590747424
0.0004808916659074491
0.00048089166590743705
0.00048089166590747424
0.0004808916659074491
0.00048089166590743705
0.00048089166590747424
0.0004808916659074491
0.00048089166590743705
0.00048089166590747424
0.0004808916659074491
0.00048089166590743705
0.00048089166590747424
0.0004808916659074491
0.00048089166590743705
0.00048089166590747424
0.0004808916659074491
0.00048089166590743705
0.00048089166590747424
0.0004808916659074491
0.00048089166590743705
0.00048089166590747424
0.0004808916659074491
0.00048089166590743705
0.00048089166590747424
0.0004808916659074491
0.00048089166590743705
0.00048089166590747424
0.0004808916659074491
0.00048089166590743705
0.00048089166590747424
0.0004808916659074491
0.00048089166590743705
0.0004808916659074743
0.0004808916659074491
0.00048089166590743705
0.0004808916659074743
0.0004808916659074491
0.00048089166590743705
0.0004808916659074743
0.0004808916659074491
0.00048089166590743705
0.0004808916659074743
0.0004808916659074491
0.00048089166590743705
0.0004808916659074743
0.0004808916659074491
0.00048089166590743705
0.0004808916659074743
0.0004808916659074491
0.00048089166590743705
0.0004808916659074743
0.0004808916659074491
0.00048089166590743705
0.0004808916659074743
0.0004808916659074491
0.00048089166590743705
0.0004808916659074743
0.0004808916659074491
0.00048089166590743705
0.0004808916659074743
0.0004808916659074491
0.00048089166590743705
0.0004808916659074743
0.0004808916659074491
0.00048089166590743705
0.0004808916659074743
0.0004808916659074491
0.00048089166590743705
0.0004808916659074743
0.0004808916659074491
0.00048089166590743705
0.0004808916659074743
0.0004808916659074492
0.00048089166590743705
0.0004808916659074743
0.0004808916659074492
0.00048089166590743705
0.0004808916659074743
0.0004808916659074492
0.00048089166590743705
0.0004808916659074743
0.0004808916659074492
0.00048089166590743705
0.0004808916659074743
0.0004808916659074492
0.00048089166590743705
0.0004808916659074743
0.0004808916659074492
0.00048089166590743705
0.0004808916659074743
0.0004808916659074492
0.00048089166590743705
0.0004808916659074743
0.0004808916659074492
0.00048089166590743705
0.0004808916659074743
0.0004808916659074492
0.00048089166590743705
0.0004808916659074743
0.0004808916659074492
0.00048089166590743705
0.0004808916659074743
0.0004808916659074492
0.00048089166590743705
0.0004808916659074743
0.0004808916659074492
0.00048089166590743705
0.0004808916659074743
0.0004808916659074492
0.00048089166590743705
0.0004808916659074743
0.0004808916659074492
0.00048089166590743705
0.0004808916659074743
0.0004808916659074492
0.00048089166590743705
0.0004808916659074743
0.0004808916659074492
0.00048089166590743705
0.0004808916659074743
0.0004808916659074492
0.0004808916659074371
0.00048089166590747467
0.0004808916659074492
0.0004808916659074371
0.00048089166590747467
0.0004808916659074493
0.0004808916659074371
0.00048089166590747467
0.0004808916659074493
0.0004808916659074371
0.00048089166590747467
0.0004808916659074493
0.00048089166590743727
0.00048089166590747467
0.0004808916659074493
0.00048089166590743727
0.00048089166590747467
0.0004808916659074493
0.00048089166590743727
0.00048089166590747483
0.0004808916659074493
0.00048089166590743727
0.00048089166590747483
0.00048089166590744973
0.00048089166590743727
0.00048089166590747483
0.00048089166590744973
0.00048089166590743727
0.00048089166590747483
0.00048089166590744973
0.00048089166590743764
0.00048089166590747483
0.00048089166590744973
0.00048089166590743764
0.00048089166590747483
0.00048089166590744973
0.00048089166590743764
0.00048089166590747483
0.00048089166590744973
0.00048089166590743764
0.00048089166590747483
0.00048089166590744973
0.00048089166590743764
0.00048089166590747483
0.00048089166590744973
0.00048089166590743764
0.00048089166590747483
0.00048089166590744973
0.00048089166590743764
0.00048089166590747483
0.00048089166590744973
0.00048089166590743764
0.0004808916659074749
0.00048089166590744973
0.00048089166590743764
0.00048089166590747483
0.00048089166590744973
0.00048089166590743764
0.0004808916659074749
0.00048089166590744973
0.00048089166590743764
0.0004808916659074749
0.00048089166590744973
0.00048089166590743764
0.0004808916659074749
0.00048089166590744973
0.00048089166590743764
0.0004808916659074749
0.00048089166590744973
0.00048089166590743764
0.0004808916659074749
0.00048089166590744973
0.00048089166590743764
0.0004808916659074749
0.00048089166590744973
0.00048089166590743764
0.0004808916659074749
0.00048089166590744973
0.00048089166590743764
0.0004808916659074749
0.00048089166590744973
0.00048089166590743764
0.0004808916659074749
0.00048089166590744973
0.00048089166590743764
0.0004808916659074749
0.00048089166590744973
0.00048089166590743764
0.0004808916659074749
0.00048089166590744973
0.00048089166590743764
0.0004808916659074749
0.00048089166590744973
0.00048089166590743764
0.0004808916659074749
0.00048089166590744973
0.00048089166590743764
0.0004808916659074749
0.00048089166590744973
0.00048089166590743764
0.0004808916659074749
0.00048089166590744973
0.00048089166590743764
0.0004808916659074749
0.00048089166590744973
0.00048089166590743764
0.0004808916659074749
0.00048089166590744973
0.00048089166590743764
0.0004808916659074749
0.00048089166590744973
0.00048089166590743764
0.0004808916659074749
0.00048089166590744973
0.00048089166590743764
0.0004808916659074749
0.00048089166590744973
0.00048089166590743764
0.0004808916659074749
0.00048089166590744973
0.00048089166590743764
0.0004808916659074749
0.00048089166590744973
0.00048089166590743764
0.0004808916659074749
0.00048089166590744973
0.00048089166590743764
0.0004808916659074749
0.00048089166590744973
0.00048089166590743764
0.0004808916659074749
0.00048089166590744973
0.00048089166590743764
0.0004808916659074749
0.00048089166590744973
0.00048089166590743764
0.0004808916659074749
0.00048089166590744973
0.00048089166590743764
0.0004808916659074749
0.00048089166590744973
0.00048089166590743764
0.0004808916659074749
0.00048089166590744973
0.00048089166590743764
0.0004808916659074749
0.00048089166590744973
0.00048089166590743764
0.0004808916659074749
0.00048089166590744973
0.00048089166590743764
0.0004808916659074749
0.00048089166590744973
0.00048089166590743764
0.0004808916659074749
0.00048089166590744973
0.00048089166590743764
0.0004808916659074749
0.00048089166590744973
0.00048089166590743764
0.0004808916659074749
0.00048089166590744973
0.00048089166590743764
0.0004808916659074749
0.00048089166590744973
0.00048089166590743764
0.0004808916659074749
0.00048089166590744973
0.00048089166590743764
0.0004808916659074749
0.0004808916659074498
0.00048089166590743764
0.0004808916659074749
0.00048089166590744973
0.00048089166590743764
0.0004808916659074749
0.0004808916659074498
0.00048089166590743764
0.0004808916659074749
0.0004808916659074499
0.0004808916659074377
0.0004808916659074749
0.0004808916659074498
0.00048089166590743764
0.0004808916659074749
0.0004808916659074499
0.0004808916659074377
0.0004808916659074749
0.0004808916659074499
0.0004808916659074377
0.0004808916659074749
0.0004808916659074499
0.0004808916659074377
0.0004808916659074749
0.0004808916659074499
0.00048089166590743764
0.0004808916659074749
0.0004808916659074498
0.00048089166590743764
0.0004808916659074749
0.0004808916659074499
0.00048089166590743764
0.0004808916659074749
0.0004808916659074498
0.00048089166590743764
0.0004808916659074749
0.0004808916659074499
0.00048089166590743764
0.0004808916659074749
0.0004808916659074498
0.00048089166590743764
0.0004808916659074749
0.0004808916659074499
0.00048089166590743764
0.0004808916659074749
0.0004808916659074498
0.00048089166590743764
0.0004808916659074749
0.0004808916659074499
0.00048089166590743786
0.0004808916659074762
0.0004808916659074498
0.0004808916659074377
0.0004808916659074762
0.0004808916659074498
0.0004808916659074377
0.0004808916659074762
0.0004808916659074498
0.0004808916659074377
0.0004808916659074762
0.0004808916659074498
0.0004808916659074377
0.0004808916659074762
0.0004808916659074498
0.0004808916659074377
0.0004808916659074762
0.0004808916659074498
0.0004808916659074377
0.0004808916659074762
0.0004808916659074498
0.0004808916659074377
0.0004808916659074762
0.0004808916659074498
0.0004808916659074377
0.0004808916659074762
0.0004808916659074498
0.0004808916659074377
0.0004808916659074762
0.0004808916659074498
0.0004808916659074377
0.0004808916659074762
0.0004808916659074499
0.00048089166590743786
0.0004808916659074762
0.0004808916659074499
0.00048089166590743786
0.00048089166590747624
0.0004808916659074499
0.00048089166590743786
0.00048089166590747624
0.0004808916659074499
0.00048089166590743786
0.00048089166590747624
0.0004808916659074499
0.00048089166590743786
0.00048089166590747624
0.0004808916659074499
0.00048089166590743786
0.00048089166590747624
0.00048089166590744995
0.0004808916659074379
0.0004808916659074764
0.00048089166590744995
0.0004808916659074379
0.0004808916659074764
0.00048089166590744995
0.0004808916659074379
0.0004808916659074764
0.00048089166590744995
0.0004808916659074379
0.0004808916659074764
0.00048089166590744995
0.0004808916659074379
0.0004808916659074764
0.00048089166590744995
0.0004808916659074379
0.0004808916659074764
0.00048089166590745
0.0004808916659074379
0.0004808916659074764
0.00048089166590745
0.0004808916659074379
0.0004808916659074764
0.00048089166590745
0.0004808916659074379
0.0004808916659074764
0.00048089166590745
0.0004808916659074379
0.0004808916659074764
0.00048089166590745
0.0004808916659074379
0.0004808916659074764
0.00048089166590745
0.0004808916659074379
0.0004808916659074764
0.00048089166590745
0.00048089166590743797
0.0004808916659074764
0.00048089166590745
0.00048089166590743797
0.0004808916659074768
0.00048089166590745
0.00048089166590743797
0.0004808916659074768
0.00048089166590745
0.00048089166590743797
0.0004808916659074768
0.0004808916659074501
0.00048089166590743797
0.0004808916659074768
0.0004808916659074501
0.00048089166590743797
0.0004808916659074768
0.00048089166590745017
0.0004808916659074381
0.00048089166590747684
0.00048089166590745017
0.0004808916659074381
0.00048089166590747684
0.00048089166590745017
0.00048089166590743813
0.000480891665907477
0.00048089166590745017
0.00048089166590743813
0.000480891665907477
0.00048089166590745017
0.00048089166590743813
0.000480891665907477
0.00048089166590745017
0.00048089166590743813
0.000480891665907477
0.00048089166590745017
0.00048089166590743813
0.000480891665907477
0.00048089166590745017
0.00048089166590743813
0.000480891665907477
0.00048089166590745017
0.00048089166590743813
0.000480891665907477
0.0004808916659074506
0.00048089166590743813
0.000480891665907477
0.0004808916659074506
0.00048089166590743857
0.000480891665907477
0.0004808916659074506
0.00048089166590743857
0.000480891665907477
0.0004808916659074506
0.00048089166590743857
0.000480891665907477
0.0004808916659074506
0.00048089166590743857
0.000480891665907477
0.0004808916659074506
0.00048089166590743857
0.000480891665907477
0.0004808916659074506
0.00048089166590743857
0.000480891665907477
0.0004808916659074506
0.00048089166590743857
0.000480891665907477
0.0004808916659074506
0.00048089166590743857
0.000480891665907477
0.0004808916659074506
0.00048089166590743857
0.000480891665907477
0.0004808916659074506
0.00048089166590743857
0.000480891665907477
0.0004808916659074506
0.00048089166590743857
0.000480891665907477
0.0004808916659074506
0.00048089166590743857
0.000480891665907477
0.0004808916659074506
0.00048089166590743857
0.000480891665907477
0.0004808916659074506
0.00048089166590743857
0.000480891665907477
0.0004808916659074506
0.00048089166590743857
0.000480891665907477
0.0004808916659074506
0.00048089166590743857
0.000480891665907477
0.0004808916659074506
0.00048089166590743857
0.000480891665907477
0.0004808916659074506
0.00048089166590743857
0.000480891665907477
0.0004808916659074506
0.00048089166590743857
0.000480891665907477
0.0004808916659074506
0.00048089166590743857
0.000480891665907477
0.0004808916659074506
0.00048089166590743857
0.00048089166590747706
0.0004808916659074506
0.00048089166590743857
0.00048089166590747706
0.0004808916659074507
0.00048089166590743857
0.00048089166590747706
0.0004808916659074507
0.00048089166590743857
0.00048089166590747706
0.0004808916659074507
0.00048089166590743857
0.00048089166590747706
0.0004808916659074507
0.00048089166590743857
0.00048089166590747706
0.0004808916659074507
0.00048089166590743857
0.00048089166590747706
0.0004808916659074507
0.00048089166590743857
0.00048089166590747706
0.0004808916659074507
0.00048089166590743857
0.00048089166590747706
0.0004808916659074507
0.00048089166590743857
0.00048089166590747706
0.0004808916659074507
0.00048089166590743857
0.00048089166590747706
0.0004808916659074507
0.00048089166590743857
0.00048089166590747706
0.0004808916659074507
0.00048089166590743857
0.00048089166590747706
0.0004808916659074507
0.00048089166590743857
0.00048089166590747706
0.0004808916659074507
0.00048089166590743857
0.00048089166590747706
0.0004808916659074507
0.00048089166590743857
0.00048089166590747706
0.0004808916659074507
0.00048089166590743857
0.00048089166590747706
0.0004808916659074507
0.00048089166590743857
0.00048089166590747706
0.0004808916659074507
0.00048089166590743857
0.00048089166590747706
0.0004808916659074507
0.00048089166590743857
0.00048089166590747706
0.0004808916659074507
0.00048089166590743857
0.00048089166590747706
0.0004808916659074507
0.00048089166590743857
0.00048089166590747706
0.0004808916659074507
0.00048089166590743857
0.00048089166590747706
0.0004808916659074507
0.00048089166590743857
0.00048089166590747706
0.0004808916659074507
0.00048089166590743857
0.00048089166590747706
0.0004808916659074507
0.00048089166590743857
0.00048089166590747706
0.0004808916659074507
0.00048089166590743857
0.00048089166590747706
0.0004808916659074507
0.00048089166590743857
0.00048089166590747706
0.0004808916659074507
0.00048089166590743857
0.00048089166590747706
0.0004808916659074507
0.00048089166590743857
0.00048089166590747706
0.0004808916659074507
0.00048089166590743857
0.0004808916659074771
0.0004808916659074507
0.0004808916659074387
0.0004808916659074771
0.0004808916659074507
0.0004808916659074387
0.0004808916659074771
0.0004808916659074507
0.0004808916659074387
0.0004808916659074771
0.0004808916659074508
0.0004808916659074387
0.0004808916659074771
0.0004808916659074508
0.0004808916659074387
0.0004808916659074771
0.0004808916659074508
0.00048089166590743873
0.0004808916659074771
0.0004808916659074508
0.00048089166590743873
0.0004808916659074771
0.0004808916659074508
0.00048089166590743873
0.0004808916659074772
0.0004808916659074508
0.00048089166590743873
0.0004808916659074772
0.0004808916659074508
0.00048089166590743873
0.00048089166590747727
0.0004808916659074521
0.0004808916659074387
0.0004808916659074771
0.0004808916659074508
0.00048089166590743873
0.0004808916659074772
0.0004808916659074508
0.00048089166590743873
0.00048089166590747727
0.0004808916659074521
0.0004808916659074387
0.0004808916659074771
0.0004808916659074508
0.00048089166590743873
0.0004808916659074772
0.0004808916659074508
0.00048089166590743873
0.0004808916659074772
0.0004808916659074521
0.0004808916659074387
0.0004808916659074771
0.0004808916659074508
0.00048089166590743873
0.0004808916659074771
0.0004808916659074508
0.00048089166590743873
0.0004808916659074772
0.0004808916659074508
0.00048089166590743873
0.0004808916659074772
0.0004808916659074521
0.0004808916659074387
0.0004808916659074771
0.0004808916659074508
0.00048089166590743873
0.0004808916659074772
0.0004808916659074508
0.00048089166590743873
0.00048089166590747727
0.0004808916659074521
0.0004808916659074387
0.0004808916659074771
0.0004808916659074508
0.00048089166590743873
0.0004808916659074772
0.0004808916659074508
0.00048089166590743873
0.0004808916659074772
0.0004808916659074521
0.0004808916659074387
0.0004808916659074771
0.0004808916659074508
0.00048089166590743873
0.0004808916659074771
0.0004808916659074508
0.00048089166590743873
0.0004808916659074772
0.0004808916659074508
0.00048089166590743873
0.0004808916659074772
0.0004808916659074508
0.00048089166590743873
0.0004808916659074772
0.0004808916659074521
0.0004808916659074387
0.0004808916659074771
0.0004808916659074508
0.00048089166590743873
0.0004808916659074771
0.0004808916659074521
0.0004808916659074387
0.0004808916659074771
0.0004808916659074508
0.00048089166590743873
0.0004808916659074771
0.0004808916659074508
0.0004808916659074387
0.0004808916659074771
0.0004808916659074508
0.00048089166590743873
0.0004808916659074771
0.0004808916659074508
0.0004808916659074387
0.0004808916659074771
0.0004808916659074508
0.00048089166590743873
0.0004808916659074771
0.0004808916659074508
0.00048089166590743873
0.0004808916659074771
0.0004808916659074508
0.00048089166590743873
0.0004808916659074771
0.0004808916659074508
0.00048089166590743873
0.0004808916659074771
0.0004808916659074508
0.0004808916659074387
0.0004808916659074771
0.0004808916659074508
0.0004808916659074387
0.0004808916659074771
0.0004808916659074507
0.0004808916659074387
0.0004808916659074771
0.0004808916659074507
0.0004808916659074387
0.0004808916659074771
0.0004808916659074507
0.0004808916659074387
0.0004808916659074771
0.0004808916659074507
0.0004808916659074387
0.0004808916659074771
0.0004808916659074507
0.0004808916659074387
0.0004808916659074771
0.0004808916659074507
0.0004808916659074387
0.0004808916659074771
0.0004808916659074507
0.0004808916659074387
0.0004808916659074771
0.0004808916659074507
0.0004808916659074387
0.0004808916659074771
0.0004808916659074507
0.0004808916659074387
0.0004808916659074771
0.0004808916659074507
0.0004808916659074387
0.0004808916659074771
0.0004808916659074507
0.0004808916659074387
0.0004808916659074771
0.0004808916659074507
0.0004808916659074387
0.0004808916659074771
0.0004808916659074507
0.0004808916659074387
0.0004808916659074771
0.0004808916659074507
0.0004808916659074387
0.0004808916659074771
0.0004808916659074507
0.0004808916659074387
0.0004808916659074771
0.0004808916659074507
0.0004808916659074387
0.0004808916659074771
0.0004808916659074507
0.0004808916659074387
0.0004808916659074771
0.0004808916659074507
0.0004808916659074387
0.0004808916659074771
0.0004808916659074507
0.0004808916659074387
0.0004808916659074771
0.0004808916659074508
0.00048089166590743857
0.0004808916659074771
0.0004808916659074507
0.00048089166590743857
0.00048089166590747706
0.0004808916659074507
0.00048089166590743857
0.000480891665907477
0.0004808916659074506
0.00048089166590743813
0.000480891665907477
0.0004808916659074506
0.00048089166590743813
0.000480891665907477
0.0004808916659074506
0.00048089166590743813
0.000480891665907477
0.00048089166590745017
0.00048089166590743797
0.00048089166590747684
0.00048089166590745017
0.00048089166590743797
0.0004808916659074768
0.00048089166590745017
0.00048089166590743797
0.0004808916659074768
0.0004808916659074501
0.00048089166590743797
0.0004808916659074768
0.00048089166590745
0.00048089166590743797
0.0004808916659074764
0.00048089166590745
0.00048089166590743797
0.0004808916659074764
0.00048089166590745
0.00048089166590743797
0.0004808916659074764
0.00048089166590745
0.00048089166590743797
0.0004808916659074764
0.00048089166590745
0.00048089166590743797
0.0004808916659074764
0.00048089166590745
0.00048089166590743797
0.0004808916659074764
0.00048089166590745
0.00048089166590743797
0.0004808916659074764
0.00048089166590745
0.00048089166590743797
0.0004808916659074764
0.00048089166590745
0.00048089166590743797
0.0004808916659074764
0.00048089166590745
0.00048089166590743797
0.0004808916659074764
0.00048089166590745
0.00048089166590743797
0.0004808916659074764
0.00048089166590745
0.00048089166590743797
0.0004808916659074764
0.00048089166590745
0.00048089166590743797
0.0004808916659074764
0.00048089166590745
0.00048089166590743797
0.0004808916659074764
0.00048089166590745
0.00048089166590743797
0.0004808916659074764
0.00048089166590745
0.00048089166590743797
0.0004808916659074768
0.00048089166590745
0.00048089166590743797
0.0004808916659074764
0.00048089166590745
0.00048089166590743797
0.0004808916659074764
0.00048089166590745
0.00048089166590743797
0.0004808916659074764
0.00048089166590745
0.00048089166590743797
0.0004808916659074768
0.00048089166590745
0.00048089166590743797
0.0004808916659074768
0.00048089166590745
0.00048089166590743797
0.0004808916659074768
0.00048089166590745
0.00048089166590743797
0.0004808916659074768
0.00048089166590745
0.00048089166590743797
0.0004808916659074768
0.00048089166590745
0.00048089166590743797
0.0004808916659074768
0.00048089166590745
0.00048089166590743797
0.0004808916659074768
0.00048089166590745
0.00048089166590743797
0.0004808916659074768
0.00048089166590745
0.00048089166590743797
0.0004808916659074768
0.00048089166590745
0.00048089166590743797
0.0004808916659074768
0.00048089166590745
0.00048089166590743797
0.0004808916659074768
0.00048089166590745
0.00048089166590743797
0.0004808916659074768
0.00048089166590745
0.00048089166590743797
0.0004808916659074768
0.00048089166590745
0.00048089166590743797
0.0004808916659074768
0.00048089166590745
0.0004808916659074379
0.0004808916659074768
0.00048089166590745
0.0004808916659074379
0.0004808916659074764
0.00048089166590745
0.00048089166590743786
0.0004808916659074764
0.00048089166590745
0.00048089166590743786
0.0004808916659074764
0.00048089166590745
0.00048089166590743786
0.0004808916659074764
0.00048089166590744995
0.00048089166590743786
0.0004808916659074764
0.00048089166590744995
0.0004808916659074379
0.0004808916659074764
0.00048089166590744995
0.0004808916659074379
0.0004808916659074764
0.00048089166590744995
0.00048089166590743786
0.0004808916659074764
0.00048089166590745
0.0004808916659074379
0.0004808916659074764
0.00048089166590745
0.00048089166590743786
0.0004808916659074764
0.00048089166590745
0.00048089166590743786
0.0004808916659074764
0.00048089166590744995
0.00048089166590743786
0.0004808916659074764
0.0004808916659074499
0.00048089166590743786
0.0004808916659074764
0.0004808916659074499
0.00048089166590743786
0.0004808916659074764
0.0004808916659074499
0.00048089166590743786
0.0004808916659074764
0.0004808916659074499
0.00048089166590743786
0.0004808916659074764
0.0004808916659074499
0.00048089166590743786
0.0004808916659074764
0.00048089166590744995
0.00048089166590743786
0.0004808916659074764
0.00048089166590744995
0.00048089166590743786
0.0004808916659074764
0.00048089166590744995
0.00048089166590743786
0.0004808916659074764
0.00048089166590744995
0.00048089166590743786
0.0004808916659074764
0.00048089166590744995
0.0004808916659074379
0.0004808916659074764
0.00048089166590744995
0.0004808916659074379
0.0004808916659074764
0.00048089166590744995
0.0004808916659074379
0.0004808916659074764
0.00048089166590744995
0.0004808916659074379
0.0004808916659074764
0.00048089166590744995
0.0004808916659074379
0.0004808916659074764
0.00048089166590744995
0.0004808916659074379
0.0004808916659074764
0.00048089166590745
0.0004808916659074379
0.0004808916659074764
0.00048089166590744995
0.0004808916659074379
0.0004808916659074764
0.00048089166590744995
0.0004808916659074379
0.0004808916659074764
0.00048089166590744995
0.0004808916659074379
0.0004808916659074764
0.00048089166590744995
0.0004808916659074379
0.0004808916659074764
0.00048089166590744995
0.0004808916659074379
0.0004808916659074764
0.00048089166590744995
0.0004808916659074379
0.0004808916659074764
0.00048089166590744995
0.0004808916659074379
0.0004808916659074764
0.00048089166590745
0.0004808916659074379
0.0004808916659074764
0.00048089166590745
0.0004808916659074379
0.0004808916659074764
0.00048089166590745
0.0004808916659074379
0.0004808916659074764
0.00048089166590745
0.0004808916659074379
0.0004808916659074764
0.00048089166590745
0.0004808916659074379
0.0004808916659074764
0.00048089166590745
0.00048089166590743797
0.0004808916659074768
0.00048089166590745
0.00048089166590743797
0.0004808916659074768
0.00048089166590745
0.00048089166590743797
0.0004808916659074768
0.00048089166590745
0.00048089166590743797
0.0004808916659074764
0.00048089166590745
0.00048089166590743797
0.0004808916659074768
0.00048089166590745
0.00048089166590743797
0.0004808916659074768
0.00048089166590745
0.00048089166590743797
0.0004808916659074768
0.00048089166590745
0.00048089166590743797
0.0004808916659074768
0.00048089166590745
0.00048089166590743797
0.0004808916659074768
0.00048089166590745
0.00048089166590743797
0.0004808916659074768
0.00048089166590745
0.00048089166590743797
0.0004808916659074768
0.00048089166590745
0.00048089166590743797
0.0004808916659074768
0.0004808916659074501
0.00048089166590743797
0.00048089166590747684
0.00048089166590745017
0.0004808916659074381
0.00048089166590747684
0.00048089166590745017
0.0004808916659074381
0.000480891665907477
0.00048089166590745017
0.00048089166590743813
0.00048089166590747684
0.00048089166590745017
0.00048089166590743813
0.000480891665907477
0.00048089166590745017
0.00048089166590743813
0.000480891665907477
0.00048089166590745017
0.00048089166590743813
0.000480891665907477
0.00048089166590745017
0.00048089166590743813
0.000480891665907477
0.00048089166590745017
0.00048089166590743813
0.000480891665907477
0.00048089166590745017
0.00048089166590743813
0.000480891665907477
0.00048089166590745017
0.00048089166590743813
0.000480891665907477
0.00048089166590745017
0.00048089166590743813
0.000480891665907477
0.00048089166590745017
0.00048089166590743813
0.000480891665907477
0.00048089166590745017
0.00048089166590743813
0.000480891665907477
0.00048089166590745017
0.00048089166590743813
0.000480891665907477
0.00048089166590745017
0.00048089166590743813
0.000480891665907477
0.00048089166590745017
0.00048089166590743813
0.000480891665907477
0.00048089166590745017
0.00048089166590743813
0.000480891665907477
0.00048089166590745017
0.00048089166590743813
0.000480891665907477
0.00048089166590745017
0.00048089166590743813
0.000480891665907477
0.00048089166590745017
0.00048089166590743813
0.000480891665907477
0.0004808916659074506
0.00048089166590743857
0.000480891665907477
0.00048089166590745017
0.00048089166590743813
0.000480891665907477
0.0004808916659074506
0.00048089166590743813
0.000480891665907477
0.0004808916659074506
0.00048089166590743857
0.000480891665907477
0.0004808916659074506
0.00048089166590743857
0.000480891665907477
0.0004808916659074506
0.00048089166590743857
0.000480891665907477
0.0004808916659074506
0.00048089166590743857
0.000480891665907477
0.0004808916659074506
0.00048089166590743857
0.000480891665907477
0.0004808916659074506
0.00048089166590743857
0.000480891665907477
0.0004808916659074506
0.00048089166590743857
0.000480891665907477
0.0004808916659074506
0.00048089166590743857
0.000480891665907477
0.0004808916659074506
0.00048089166590743857
0.000480891665907477
0.0004808916659074506
0.00048089166590743857
0.000480891665907477
0.0004808916659074506
0.00048089166590743857
0.000480891665907477
0.0004808916659074506
0.00048089166590743857
0.000480891665907477
0.0004808916659074506
0.00048089166590743857
0.000480891665907477
0.0004808916659074506
0.00048089166590743857
0.000480891665907477
0.0004808916659074506
0.00048089166590743857
0.000480891665907477
0.0004808916659074506
0.00048089166590743857
0.00048089166590747706
0.0004808916659074506
0.00048089166590743857
0.000480891665907477
0.0004808916659074506
0.00048089166590743813
0.000480891665907477
0.0004808916659074506
0.00048089166590743857
0.00048089166590747706
0.0004808916659074506
0.00048089166590743857
0.0004808916659074771
0.0004808916659074507
0.00048089166590743857
0.0004808916659074771
0.0004808916659074507
0.0004808916659074387
0.0004808916659074771
0.0004808916659074507
0.0004808916659074387
0.0004808916659074771
0.0004808916659074507
0.0004808916659074387
0.0004808916659074771
0.0004808916659074507
0.0004808916659074387
0.0004808916659074771
0.0004808916659074507
0.0004808916659074387
0.0004808916659074771
0.0004808916659074507
0.0004808916659074387
0.0004808916659074771
0.0004808916659074508
0.0004808916659074387
0.0004808916659074771
0.0004808916659074508
0.00048089166590743873
0.0004808916659074771
0.0004808916659074508
0.00048089166590743873
0.0004808916659074771
0.0004808916659074508
0.00048089166590743873
0.0004808916659074771
0.0004808916659074508
0.00048089166590743873
0.0004808916659074771
0.0004808916659074508
0.00048089166590743873
0.0004808916659074771
0.0004808916659074508
0.00048089166590743873
0.0004808916659074771
0.0004808916659074508
0.00048089166590743873
0.0004808916659074771
0.0004808916659074508
0.00048089166590743873
0.0004808916659074771
0.0004808916659074508
0.00048089166590743873
0.0004808916659074771
0.0004808916659074508
0.00048089166590743873
0.0004808916659074771
0.0004808916659074508
0.00048089166590743873
0.0004808916659074771
0.0004808916659074508
0.00048089166590743873
0.0004808916659074771
0.0004808916659074508
0.00048089166590743873
0.0004808916659074771
0.0004808916659074508
0.00048089166590743873
0.0004808916659074771
0.0004808916659074508
0.00048089166590743873
0.0004808916659074771
0.0004808916659074508
0.00048089166590743873
0.0004808916659074771
0.0004808916659074508
0.00048089166590743873
0.0004808916659074771
0.0004808916659074508
0.00048089166590743873
0.0004808916659074771
0.0004808916659074508
0.00048089166590743873
0.0004808916659074771
0.0004808916659074508
0.00048089166590743873
0.0004808916659074771
0.0004808916659074508
0.00048089166590743873
0.0004808916659074771
0.0004808916659074508
0.00048089166590743873
0.0004808916659074771
0.0004808916659074508
0.00048089166590743873
0.0004808916659074771
0.0004808916659074508
0.00048089166590743873
0.0004808916659074771
0.0004808916659074508
0.0004808916659074387
0.0004808916659074771
0.0004808916659074508
0.0004808916659074387
0.0004808916659074771
0.0004808916659074508
0.0004808916659074387
0.0004808916659074771
0.0004808916659074508
0.0004808916659074387
0.0004808916659074771
0.0004808916659074508
0.0004808916659074387
0.0004808916659074771
0.0004808916659074508
0.0004808916659074387
0.0004808916659074771
0.0004808916659074508
0.0004808916659074387
0.0004808916659074771
0.0004808916659074508
0.0004808916659074387
0.0004808916659074771
0.0004808916659074508
0.0004808916659074387
0.0004808916659074771
0.0004808916659074508
0.0004808916659074387
0.0004808916659074771
0.0004808916659074508
0.0004808916659074387
0.0004808916659074771
0.0004808916659074508
0.0004808916659074387
0.0004808916659074771
0.0004808916659074508
0.0004808916659074387
0.0004808916659074771
0.0004808916659074508
0.0004808916659074387
0.0004808916659074771
0.0004808916659074508
0.0004808916659074387
0.0004808916659074771
0.0004808916659074508
0.0004808916659074387
0.0004808916659074771
0.0004808916659074508
0.0004808916659074387
0.0004808916659074771
0.0004808916659074508
0.0004808916659074387
0.0004808916659074771
0.0004808916659074508
0.0004808916659074387
0.0004808916659074771
0.0004808916659074508
0.0004808916659074387
0.0004808916659074771
0.0004808916659074508
0.0004808916659074387
0.0004808916659074771
0.0004808916659074508
0.0004808916659074387
0.0004808916659074771
0.0004808916659074508
0.0004808916659074387
0.0004808916659074771
0.0004808916659074508
0.0004808916659074387
0.0004808916659074771
0.0004808916659074508
0.0004808916659074387
0.0004808916659074771
0.0004808916659074508
0.0004808916659074387
0.0004808916659074771
0.0004808916659074508
0.0004808916659074387
0.0004808916659074771
0.0004808916659074508
0.00048089166590743873
0.0004808916659074771
0.0004808916659074508
0.00048089166590743873
0.0004808916659074771
0.0004808916659074508
0.00048089166590743873
0.0004808916659074771
0.0004808916659074508
0.00048089166590743873
0.0004808916659074771
0.0004808916659074508
0.00048089166590743873
0.0004808916659074771
0.0004808916659074508
0.00048089166590743873
0.0004808916659074771
0.0004808916659074508
0.00048089166590743873
0.0004808916659074771
0.0004808916659074508
0.00048089166590743873
0.0004808916659074771
0.0004808916659074508
0.00048089166590743873
0.0004808916659074771
0.0004808916659074508
0.00048089166590743873
0.0004808916659074771
0.0004808916659074508
0.00048089166590743873
0.0004808916659074771
0.0004808916659074508
0.00048089166590743873
0.0004808916659074771
0.0004808916659074508
0.00048089166590743873
0.0004808916659074771
0.0004808916659074508
0.00048089166590743873
0.0004808916659074771
0.0004808916659074508
0.00048089166590743873
0.0004808916659074771
0.0004808916659074508
0.00048089166590743873
0.0004808916659074771
0.0004808916659074508
0.00048089166590743873
0.0004808916659074771
0.0004808916659074508
0.00048089166590743873
0.0004808916659074771
0.0004808916659074508
0.00048089166590743873
0.0004808916659074771
0.0004808916659074508
0.00048089166590743873
0.0004808916659074771
0.0004808916659074508
0.00048089166590743873
0.0004808916659074771
0.0004808916659074508
0.00048089166590743873
0.0004808916659074771
0.0004808916659074508
0.00048089166590743873
0.0004808916659074771
0.0004808916659074508
0.0004808916659074387
0.0004808916659074771
0.0004808916659074508
0.00048089166590743873
0.0004808916659074771
0.0004808916659074508
0.00048089166590743873
0.0004808916659074772
0.0004808916659074508
0.00048089166590743873
0.0004808916659074772
0.0004808916659074521
0.0004808916659074387
0.0004808916659074771
0.0004808916659074508
0.00048089166590743873
0.0004808916659074772
0.0004808916659074508
0.00048089166590743873
0.0004808916659074772
0.0004808916659074521
0.0004808916659074387
0.0004808916659074771
0.0004808916659074508
0.00048089166590743873
0.0004808916659074772
0.0004808916659074521
0.0004808916659074387
0.0004808916659074771
0.0004808916659074508
0.00048089166590743873
0.0004808916659074771
0.0004808916659074508
0.00048089166590743873
0.0004808916659074772
0.0004808916659074521
0.0004808916659074387
0.0004808916659074771
0.0004808916659074508
0.00048089166590743873
0.0004808916659074771
0.0004808916659074508
0.00048089166590743873
0.0004808916659074772
0.0004808916659074521
0.0004808916659074387
0.0004808916659074771
0.0004808916659074508
0.00048089166590743873
0.0004808916659074771
0.0004808916659074508
0.00048089166590743873
0.0004808916659074771
0.0004808916659074508
0.0004808916659074387
0.0004808916659074771
0.0004808916659074508
0.00048089166590743873
0.0004808916659074771
0.0004808916659074508
0.00048089166590743873
0.0004808916659074772
0.0004808916659074508
0.00048089166590743873
0.0004808916659074772
0.0004808916659074521
0.0004808916659074387
0.0004808916659074771
0.0004808916659074508
0.00048089166590743873
0.0004808916659074771
0.0004808916659074508
0.00048089166590743873
0.0004808916659074771
0.0004808916659074508
0.00048089166590743873
0.0004808916659074771
0.0004808916659074508
0.00048089166590743873
0.0004808916659074771
0.0004808916659074508
0.00048089166590743873
0.0004808916659074771
0.0004808916659074508
0.00048089166590743873
0.0004808916659074771
0.0004808916659074508
0.00048089166590743873
0.0004808916659074771
0.0004808916659074508
0.00048089166590743873
0.0004808916659074771
0.0004808916659074508
0.00048089166590743873
0.0004808916659074772
0.0004808916659074508
0.00048089166590743873
0.00048089166590747727
0.0004808916659074521
0.0004808916659074387
0.0004808916659074771
0.0004808916659074508
0.00048089166590743873
0.0004808916659074772
0.0004808916659074508
0.00048089166590743873
0.0004808916659074772
0.0004808916659074508
0.00048089166590743873
0.0004808916659074772
0.0004808916659074508
0.00048089166590743873
0.0004808916659074772
0.0004808916659074508
0.00048089166590743873
0.0004808916659074772
0.0004808916659074508
0.00048089166590743873
0.0004808916659074772
0.0004808916659074508
0.00048089166590743873
0.0004808916659074772
0.0004808916659074508
0.00048089166590743873
0.0004808916659074772
0.0004808916659074508
0.00048089166590743873
0.0004808916659074772
0.0004808916659074508
0.00048089166590743873
0.0004808916659074772
0.0004808916659074508
0.00048089166590743873
0.0004808916659074772
0.0004808916659074508
0.00048089166590743873
0.0004808916659074772
0.0004808916659074508
0.00048089166590743873
0.0004808916659074772
0.0004808916659074508
0.00048089166590743873
0.0004808916659074772
0.0004808916659074508
0.00048089166590743873
