0.0
0.0
0.0
0.0
0.0
0.0
0.0
0.0
0.0
0.0
0.0
3.949015963985432e-06
3.950378832177821e-06
3.951742641388299e-06
3.9531073925916636e-06
3.954473086764522e-06
3.955839724883783e-06
3.957207307929861e-06
3.9585758368817356e-06
3.959945312721769e-06
3.9613157364323536e-06
3.962687108999298e-06
3.964059431406766e-06
3.965432704643206e-06
3.966806929696512e-06
3.968182107556633e-06
3.969558239215164e-06
3.970935325664558e-06
3.972313367898556e-06
3.973692366912831e-06
3.975072323703836e-06
3.976453239270535e-06
3.97783511461181e-06
3.979217950728734e-06
3.9806017486236945e-06
3.981986509300813e-06
3.983372233764794e-06
3.984758923022132e-06
3.9861465780807705e-06
3.987535199950313e-06
3.988924789641295e-06
3.990315348165973e-06
7.983442454594054e-06
7.986198741733871e-06
7.988956932743563e-06
7.991717029596493e-06
7.994479034267265e-06
7.997242948734432e-06
8.00000877498186e-06
8.002776514991744e-06
8.00554617075087e-06
8.008317744250031e-06
8.011091237482005e-06
8.013866652440728e-06
8.016643991125252e-06
8.019423255536824e-06
8.022204447676271e-06
8.024987569553527e-06
8.027772623174523e-06
8.030559610553624e-06
8.033348533705044e-06
8.036139394644948e-06
8.038932195394117e-06
8.041726937977032e-06
8.044523624418184e-06
8.047322256745824e-06
8.050122836993392e-06
1.2079431856048071e-05
1.2083594759295983e-05
1.2087760532817204e-05
1.2091929179584203e-05
1.2096100702569814e-05
1.2100275104748282e-05
1.2104452389106947e-05
1.2108632558627216e-05
1.2112815616301397e-05
1.615606085814832e-05
1.616158719132189e-05
1.6167117306427375e-05
1.617265120735475e-05
1.617818889798753e-05
1.6183730382220888e-05
1.687819148364698e-05
1.688302488425901e-05
1.688786105391975e-05
2.430496530695657e-05
2.4313125847087487e-05
2.4321291868903117e-05
2.4836338536257347e-05
2.8983075734263723e-05
2.8990210610304057e-05
3.246360576447489e-05
3.2474287264339324e-05
3.810092229784338e-05
3.8111142212581705e-05
3.8123500613424894e-05
3.8135867031707694e-05
4.150399926269853e-05
4.1517345467120604e-05
4.1527127785943066e-05
4.666296216764216e-05
4.884013820404234e-05
4.884694203543661e-05
4.886234718204481e-05
4.989609451836414e-05
5.097379651837929e-05
5.098406892381718e-05
5.299506686242387e-05
5.300226671429375e-05
5.301881432620554e-05
5.30353722736231e-05
5.415724323842699e-05
5.4174113349766124e-05
5.419099397428171e-05
5.717661660944223e-05
5.718418846893269e-05
5.7201863942425e-05
5.7219550345889536e-05
5.7237247689473574e-05
5.7254955983329815e-05
5.72726752376274e-05
5.729040546253527e-05
5.730814666825214e-05
6.142083244050782e-05
6.142876103572077e-05
6.144757131807458e-05
6.146639312354148e-05
6.27662410928827e-05
6.277996302891677e-05
6.279369096586309e-05
6.280742490766845e-05
6.563617969276691e-05
6.564442544798114e-05
6.566432079560003e-05
6.568422820617564e-05
6.570414769069155e-05
6.572407926014242e-05
6.854181362539295e-05
6.987430987726954e-05
6.989526692469216e-05
6.990380858538281e-05
6.992478333343396e-05
6.994577067187367e-05
6.996677061205565e-05
6.998778316532398e-05
7.000880834303579e-05
7.002984615659308e-05
7.00508966173716e-05
7.007195973678798e-05
7.009303552626016e-05
7.011412399722342e-05
7.013522516112938e-05
7.015633902943816e-05
7.16395904806589e-05
7.432811313266321e-05
7.435023286564746e-05
7.437236576759201e-05
7.439451185024764e-05
7.44166711254083e-05
7.443884360486177e-05
7.446102930040497e-05
7.621483268291535e-05
7.624178806983785e-05
7.626876252982555e-05
7.6295756083114e-05
7.632276874999173e-05
7.693916231840373e-05
7.78155899215902e-05
7.782973065746506e-05
7.882379271420287e-05
7.884706513437089e-05
7.887035130028352e-05
7.889365122414092e-05
7.891696491812157e-05
7.894029239444722e-05
7.896363366534864e-05
7.898698874304832e-05
7.901035763980447e-05
7.903374036790307e-05
7.905713693960671e-05
7.908054736721249e-05
7.910397166304444e-05
7.912740983942691e-05
7.91508619086926e-05
7.917432788321019e-05
7.919780777534436e-05
8.087186559452163e-05
8.088147682572435e-05
8.116286078985051e-05
8.119147407965412e-05
8.122010755057923e-05
8.12487612239949e-05
8.127743512128575e-05
8.130612926388219e-05
8.222615999274152e-05
8.361459764439964e-05
8.363916054784165e-05
8.366373788634934e-05
8.368832967264575e-05
8.371293591946419e-05
8.37224037136162e-05
8.373187364952278e-05
8.375650551161315e-05
8.376598316381807e-05
8.55364078129361e-05
8.556145363734029e-05
8.558651413274407e-05
8.561158931206581e-05
8.677859081894208e-05
8.74873081856106e-05
8.812268180494655e-05
8.814833224362115e-05
8.815799666965148e-05
8.818366767327389e-05
8.819333984920427e-05
9.004072595922044e-05
9.05231121981797e-05
9.055454641146402e-05
9.196891024214098e-05
9.207891409484633e-05
9.212268369716981e-05
9.215170961630924e-05
9.218321824551489e-05
9.262696917544959e-05
9.265366914627072e-05
9.268038451355512e-05
9.270711529063277e-05
9.273386149084597e-05
9.276062312753363e-05
9.278740021406301e-05
9.281419276383529e-05
9.284100079021726e-05
9.442798960382287e-05
9.537220613873752e-05
9.657381149244138e-05
9.66014166937623e-05
9.692919520140538e-05
9.693996508308303e-05
9.695073735823278e-05
9.696151202764558e-05
9.724217995121805e-05
9.726995691872478e-05
9.729774975889937e-05
9.730775906952217e-05
9.731777043965732e-05
9.732778386991948e-05
9.73556097688539e-05
9.744760968425206e-05
9.747810244558697e-05
9.928128675897758e-05
9.948065666322445e-05
0.000100135431565056
0.00010016970454144498
0.00010019230033497009
0.00010022661225584761
0.00010026094768467068
0.00010029530664562143
0.00010032968916289787
0.00010036409526072516
0.00010177667024977107
0.00010185921170692688
0.00010194062495137028
0.0001020420834608799
0.0001020522431424059
0.00010208117023496545
0.00010209133770126323
0.0001026494510353154
0.00010391754056128694
0.00010430040562744017
0.00010433919931764628
0.00010437802187521877
0.00010438865203175619
0.00010439928435363268
0.00010440991884150178
0.00010516660757581754
0.00010520239250870176
0.00010662355262812533
0.000106653456350935
0.00010668337685129731
0.0001067133141433083
0.00010674326824113136
0.0001067732391589065
0.00010678350704078243
0.00010681350056105878
0.0001069146987942974
0.00010692585191628668
0.00010693700736533743
0.00010694816514219009
0.00010705837120913319
0.00010789650715202293
0.00010848780473766322
0.00010920007389839634
0.00010924046704086526
0.0001092709965690247
0.0001093015431653437
0.0001101496718644312
0.00011018689345368227
0.00011143361620074902
0.00011144393960695575
0.00011145426492600861
0.00011146459215843074
0.00011191513442730403
0.00011210338594301971
0.00011213829236437176
0.00011217699785069972
0.00011317221160982499
0.00011399775420658052
0.00011403583442215166
0.00011407773917418934
0.00011411967473344004
0.00011416164113389937
0.00011419324911088357
0.00011420409016081632
0.00011423572164996378
0.0001142465707657135
0.00011425742194225733
0.00011465048278725936
0.00011469216622130532
0.00011470401363454735
0.00011473577677477633
0.00011530108350800964
0.00011533981214201957
0.00011641839786160513
0.00011642879602383389
0.00011646090641862547
0.00011649303452908787
0.00011652518036990173
0.00011653559761575013
0.00011656776695314091
0.00011659995405501517
0.00011661038467444743
0.00011662081716011821
0.00011665303356798007
0.00011666347368612576
0.00011669571366797851
0.00011672797147287606
0.00011676024711561202
0.00011721859653678854
0.0001177896673430087
0.00011930319926118361
0.00011934689072807613
0.00011939061420654346
0.00011943436973176128
0.00011946720742738865
0.00011947815733864722
0.00011948910925722357
0.00012056919004173004
0.00012060225454639872
0.0001215043724891933
0.0001215376193881609
0.00012154807217127886
0.00012155852675241822
0.00012156898313206098
0.0001222262116571803
0.00012225960551549305
0.0001229976645015339
0.00012303540381808516
0.00012306477263388316
0.00012427788560294658
0.00012509538642743387
0.0001253679777302412
0.00012552493873335845
0.00012570158635378433
0.0001262873986613694
0.0001262977998681715
0.0001263082027883142
0.00012631860742225192
0.0001263290137703985
0.00012636321813218378
0.0001263974410200336
0.00012643168244896811
0.00012646594243408423
0.00012650022099045848
0.00012653451813318678
0.00012656883387741585
0.00012660316823824582
0.00012747381509993887
0.00012750831767991273
0.0001279884980523095
0.0001293867819935829
0.000130403967130094
0.0001307033249511195
0.00013124275699298444
0.00013127792594301195
0.0001312882733388699
0.0001313234666888679
0.00013133382126490295
0.00013134417747385284
0.00013135453531608083
0.00013136489479200175
0.0001315577431550624
0.00013244096553838235
0.00013247637997794605
0.00013250381648021624
0.0001329505086785306
0.00013298490418236778
0.0001330308606534295
0.00013318030372749766
0.0001332041272341901
0.00013365002845368445
0.00013383510175895162
0.00013446390693726485
0.000134512228356126
0.000134548084648627
0.0001345839600611452
0.0001346198546089915
0.0001346557683074721
0.00013491073867957787
0.00013554653925949581
0.00013593778776753185
0.00013735131627322917
0.0001376801136653024
0.0001377165402298065
0.0001383767268322122
0.000138754608446716
0.00013913943247316894
0.00013917130227730296
0.00013920800069300833
0.00013954485255922666
0.0001395556012221955
0.00013956635154104883
0.00013983065526188305
0.0001405552488992696
0.00014059426260685698
0.00014071714732636107
0.00014113907610407064
0.00014123663338240833
0.00014139050887269393
0.00014142764950231344
0.00014146480964809014
0.00014147494762229598
0.0001423694822307484
0.00014282088329883275
0.00014297473707397922
0.00014325060193393993
0.00014338097720852783
0.00014345057562265646
0.00014386831528772847
0.00014390590931189927
0.00014425574590210186
0.0001447812362953414
0.0001448189993585587
0.00014487036512272523
0.00014492176733522062
0.0001449324068297247
0.00014498385308327013
0.00014500811053227609
0.0001450596105505527
0.00014511114716018352
0.00014512884786531115
0.00014516173206213125
0.00014531790249999255
0.00014671768720567402
0.00014672767404646226
0.0001467658715661265
0.00014680408897753782
0.00014684232629621615
0.00014685233011162274
0.00014686233529008676
0.00014693548035694674
0.00014719117212698022
0.00014855315692562608
0.00014859167069129599
0.00014863020443089508
0.00014868769770437447
0.0001487262630490239
0.00014940899112089246
0.00015020711415125515
0.00015086796258718927
0.00015164731113538192
0.00015168630343508063
0.00015172531579033907
0.00015173507201452432
0.0001517741094610073
0.00015181316699790478
0.0001518522446407239
0.000151891342405001
0.000151930460306278
0.00015194024292970154
0.00015197938602410952
0.0001520185492905636
0.00015205773274463665
0.00015209693640193755
0.00015213616027813162
0.00015214596940807425
0.00015218521857984486
0.00015219503403675021
0.00015220485075978
0.00015221466874917818
0.00015222448800518773
0.00015226377770083166
0.00015230308768193594
0.00015234241796424316
0.00015238176856344335
0.0001524211394953298
0.00015243098540698038
0.00015244083259066915
0.00015245068104663612
0.00015246053077509815
0.0001527248521214678
0.0001528809823212913
0.00015310498681638833
0.00015430344983047794
0.00015436927112913128
0.0001544676751926557
0.0001544787449201929
0.0001545089234103284
0.00015551601009843277
0.0001555488536290441
0.00015558171103411428
0.00015561458232243234
0.00015589411963474903
0.00015594150102674244
0.0001567464672101589
0.00015676444612268845
0.00015679349769497246
0.00015683363423833733
0.0001575797854150662
0.0001575893693758394
0.0001576296347443447
0.00015763922476946647
0.00015764881596148464
0.00015765840832057936
0.00015766800184699328
0.0001582340766868769
0.00015862138454357416
0.00015909880201749556
0.00015981671288024912
0.00015989121111927013
0.00015996015902978812
0.00016058152483719356
0.00016062226741357376
0.0001609660880933885
0.00016114339603209092
0.00016117690837253083
0.00016141097429375634
0.0001620954714766424
0.00016240013095989288
0.00016274258345380064
0.00016275185911910175
0.00016276113584174593
0.0001628022311853827
0.00016281151365098216
0.00016282079717508315
0.00016286192265344723
0.00016287121192681863
0.00016288050225986216
0.00016288979365274275
0.00016289908610564802
0.00016355035115651922
0.00016357119892341986
0.00016359205200552402
0.00016364351234720244
0.00016476833962514293
0.0001651701863586883
0.00016606537929039376
0.00016629303905344334
0.0001666021236815944
0.00016664041836688407
0.00016668210616161794
0.00016672381481776916
0.00016674268123721169
0.00016677679675577918
0.0001668109262362335
0.00016701459078873512
0.00016705639187963316
0.00016748375654954218
0.00016785986515739616
0.00016790179256221015
0.00016814709001106802
0.00016818907610834983
0.00016823108317700974
0.00016824003821539263
0.00016824899420709295
0.0001682579511522946
0.00016826690905115182
0.00016827586790380133
0.00016828482771041056
0.0001682937884711058
0.00016830275018607431
0.00016831171285545282
0.0001683206764793871
0.0001683296410580335
0.0001683386065915324
0.00016844028529723016
0.00016858068151231437
0.00016862623564210195
0.00016900818264118238
0.0001690809861978758
0.0001694080604631057
0.00016945034423634768
0.00016949074794484175
0.00016953306782395772
0.00017003403766742582
0.00017058803516251244
0.00017126048213593243
0.00017238285195310694
0.0001724088920801242
0.00017243494007494604
0.00017246099594115096
0.0001724870596823055
0.00017251313130199177
0.00017272530872649514
0.00017276012781820542
0.0001729175710106116
0.0001730310444535516
0.00017336826645355686
0.00017339859055700622
0.00017342892526954015
0.00017377837498542916
0.0001737869631158043
0.00017382991650321923
0.0001738385097284382
0.00017384710380322462
0.00017385569872773804
0.00017386429450208006
0.0001738728911263654
0.00017388148860075444
0.00017439861733531292
0.00017442914168741485
0.00017444714823726772
0.00017448395579298086
0.00017451451002559437
0.0001749967002411352
0.00017523949539060532
0.00017570009743434403
0.00017575146362962789
0.00017580285986530458
0.00017585428616770742
0.00017590574256323797
0.0001759490976249141
0.00017599247406139702
0.00017602773316571308
0.00017617112524962445
0.00017663052742042262
0.00017681503694944197
0.0001772043323255626
0.0001773594299066769
0.00017739784262517467
0.00017828946796597913
0.00017829850773500787
0.00017830754842071073
0.00017831659002322088
0.000178733766041022
0.0001787609612019305
0.00017877988445573527
0.00017884597947465838
0.00017940414669527684
0.0001794123219006919
0.00017942049785115336
0.00017942867454674466
0.00017943685198760112
0.00017944503017377816
0.00017945320910542006
0.00017946138878260562
0.00017946956920545157
0.00017947775037404848
0.00017948593228848952
0.00017949411494890064
0.00017950229835535223
0.00017951048250797744
0.00017970581325101425
0.0001799399531785724
0.00018039152693469598
0.00018044826420030865
0.00018062106393055947
0.00018066514167852234
0.00018069617224997697
0.00018073374983705416
0.00018077788260288132
0.00018084166799302174
0.00018170183594944163
0.00018191799194666188
0.00018197076372334758
0.00018201509955392383
0.00018266383151141166
0.00018344896518997808
0.0001835697123012153
0.00018360885711089203
0.00018364801861741638
0.00018368180173721898
0.0001841340920930937
0.0001847586683968209
0.0001849244449569714
0.0001850974125232461
0.00018514215884060103
0.0001851869267957435
0.00018519464759665964
0.0001852023690413461
0.00018521009112984797
0.0001852178138623056
0.00018522553723875713
0.00018523326125927567
0.00018524098592399114
0.0001852487112329348
0.00018525643718620511
0.0001863563512853169
0.0001866374491649513
0.0001868101306175786
0.00018712902195566953
0.00018718733465832065
0.00018725208641837504
0.0001875426586588949
0.00018757913715514583
0.0001878081331054315
0.00018795042295355197
0.0001879956380802641
0.00018804087496510929
0.00018834928178250706
0.00018842611148356752
0.0001884714346632914
0.0001885089520538735
0.00018853865431984164
0.00018883259764997437
0.0001890708196820073
0.00018921084976969248
0.00019004089137334023
0.00019039296236929195
0.000190428366981174
0.00019094442185796156
0.00019095162912035758
0.00019095883692680726
0.00019096604527736846
0.00019101171080465734
0.00019101892314729458
0.0001910261360345645
0.00019103334946653734
0.000191040563443251
0.00019104777796478533
0.0001910549930311757
0.0001910622086425346
0.00019106942479887255
0.0001910766415002898
0.00019108385874682478
0.00019109107653854013
0.0001910982948755025
0.00019110551375777374
0.00019111273318542652
0.00019111995315850214
0.0001911271736770865
0.00019113439474121254
0.00019114161635095067
0.0001911488385063923
0.00019115606120755855
0.00019121397273820528
0.0001912327886455669
0.00019243738157777928
0.00019264628409455087
0.0001930639979315155
0.00019313115073177296
0.00019344640162092928
0.00019382709684796336
0.0001939079034573003
0.00019471952737161338
0.00019484321350716674
0.0001949514608282271
0.00019498903424526994
0.0001954631965706437
0.00019551735565076047
0.00019647185050026482
0.00019651820811084227
0.0001965645876008185
0.00019661098898573465
0.0001966176195431156
0.00019662425054770585
0.00019663088199955246
0.00019663751389867442
0.000196644146245126
0.0001966507790389506
0.00019665741228021882
0.00019666404596893413
0.00019667068010516102
0.00019671713159382653
0.00019672376931180994
0.0001967304074776882
0.00019673704609157006
0.00019674368515343565
0.00019675032466336099
0.0001967569646213865
0.00019676360502757036
0.00019680234966506626
0.00019722992842793942
0.0001973551689026903
0.000197529337286675
0.0001979050234488393
0.00019834272766657804
0.0001992078774628881
0.00019932793712785498
0.0001993600506397851
0.00019939951855027028
0.00019944634958958513
0.00019951525873681723
0.0002001838321500845
0.00020023501369645797
0.00020035341879028247
0.0002006001915213073
0.00020064224515955702
0.00020085924851367308
0.00020092434705207371
0.00020185144230361457
0.0002018986254348809
0.00020193309054400307
0.00020196756742081506
0.00020201055508365433
0.00020251721311604793
0.00020258466412176394
0.00020276184035485851
0.00020280920396885784
0.00020281523365230954
0.00020282126369426743
0.00020282729409478267
0.0002028333248538644
0.00020283935597155208
0.00020284538744788516
0.00020285141928290013
0.00020285745147659623
0.00020286348402904765
0.00020286951694027148
0.00020287555021028533
0.00020288158383912765
0.0002028876178268502
0.00020289365217346069
0.00020289968687899082
0.00020319175838412923
0.00020501043773008887
0.000205057984183844
0.0002051055526948402
0.00020525442947714697
0.00020532370662648715
0.00020584392053127064
0.00020591024786305147
0.0002059766179488191
0.0002060243842945419
0.00020642220994261472
0.0002066671594175993
0.0002067248667018158
0.00020678260621903683
0.0002068403779962607
0.00020725869913933886
0.00020730228917923728
0.0002073415100852836
0.00020807654829831676
0.00020808289522872666
0.0002085831398749084
0.00020858848235034858
0.00020859382509947632
0.00020859916812226344
0.00020860451141874992
0.00020860985498896497
0.00020861519883292007
0.00020862054295064445
0.0002086258873421258
0.000208631232007444
0.00020863657694656867
0.00020864192215954387
0.00020864726764637082
0.00020865261340709585
0.00020865795944175066
0.00020866330575030798
0.0002086686523328223
0.0002086739991893104
0.00020867934631980112
0.00020868469372430735
0.00020869004140283327
0.00020869538935542535
0.00020870073758209447
0.00020870608608286993
0.00020918586839587121
0.00020922418473170494
0.00020977136966875487
0.00021040148907684056
0.00021053982382780346
0.00021118613742157735
0.00021124827970783153
0.00021131045857255128
0.0002113726740480457
0.00021211348815467713
0.00021217997382071824
0.00021278943513386382
0.00021284818391847113
0.00021303151043674861
0.00021306405947507182
0.00021309661846026504
0.00021313454214752126
0.00021317783626005087
0.00021323186697692708
0.00021327520063799382
0.0002136156871301664
0.0002140504973610792
0.000214099267544389
0.0002145226102291314
0.00021452721475662825
0.00021453181948178626
0.00021453642440457876
0.0002145410295250589
0.00021454563484323802
0.00021455024035911145
0.00021455484607268407
0.00021455945198400084
0.00021456405809304504
0.0002145686643998212
0.0002145732709043893
0.00021457787760672197
0.00021458248450685562
0.00021458709160476462
0.00021459169890050765
0.00021459630639407773
0.00021460091408549177
0.00021460552197473924
0.00021461013006187602
0.00021461473834687088
0.00021461934682976257
0.0002146239555105697
0.00021462856438927673
0.00021463317346592117
0.000214637782740504
0.00021464239221304042
0.0002146470018835489
0.00021465161175204974
0.00021465622181851635
0.00021466083208299843
0.00021466544254550573
0.00021467005320603658
0.00021467466406461293
0.0002146792751212673
0.00021468388637595618
0.00021468849782876054
0.00021469310947964016
0.0002146977213286146
0.00021470233337574535
0.00021470694562098335
0.00021471155806435937
0.00021471617070591012
0.0002147207835456335
0.00021515484956647965
0.00021576318789550192
0.0002158029520722952
0.00021584273090709282
0.00021588712732401646
0.0002162390617420702
0.0002163193398314426
0.0002163996775431469
0.00021765905773093243
0.00021769390802031907
0.00021771443256928533
0.0002184204133074346
0.0002185774157733863
0.00021887295166445457
0.00021892226272932368
0.0002189551491169218
0.00021999065317287358
0.00022004005393036922
0.00022004489833589677
0.0002203491897757846
0.00022035299169079637
0.00022035679373695662
0.00022036059591433644
0.0002203643982229097
0.00022036820066270756
0.00022037200323368696
0.0002203758059359109
0.000220379608769352
0.000220383411734018
0.0002203872148299409
0.00022039101805710918
0.00022039482141551103
0.00022039862490518813
0.00022040242852614355
0.0002204062322783616
0.00022041003616186426
0.0002204138401766505
0.00022041764432271916
0.00022042144860010354
0.00022042525300880057
0.000220429057548811
0.0002204328622201485
0.00022043666702280227
0.000220440471956791
0.0002204442770221398
0.00022044808221880817
0.00022045188754685904
0.00022045569300625616
0.00022045949859704586
0.0002204633043191942
0.0002204671101727223
0.00022047091615765005
0.00022047472227395938
0.00022047852852168282
0.00022048233490081618
0.00022048614141137888
0.00022048994805334894
0.00022049375482676613
0.00022049756173160717
0.00022050136876789633
0.0002205051759356196
0.0002205089832348285
0.00022051279066547997
0.00022051659822761618
0.00022052040592122552
0.00022092379362413853
0.0002209876046397542
0.0002222588707131663
0.00022258358004955168
0.00022335257563107423
0.00022340144789315973
0.0002234527079101895
0.00022391524322457735
0.00022411245131357212
0.00022491683503727395
0.00022514503787383458
0.00022523341107828968
0.0002252832556893549
0.00022534403364259684
0.00022582089648780755
0.00022584785238044907
0.00022585184639323895
0.000225855840547305
0.00022606028366264216
0.0002260632209414902
0.00022606615829664413
0.00022606909572812356
0.00022607203323594
0.00022607497082007672
0.00022607790848054772
0.00022608084621737303
0.00022608378403052973
0.0002260867219200382
0.0002260896598858891
0.00022609259792807964
0.0002260955360466351
0.00022609847424154503
0.00022610141251280458
0.0002261043508604499
0.00022610728928443478
0.00022611022778480728
0.00022611316636152951
0.00022611610501464008
0.00022611904374413827
0.00022612198255000216
0.0002261249214322428
0.00022635168420051085
0.00022716791213005165
0.00022739650791196196
0.0002280147659967315
0.00022888738871921176
0.0002289374735041936
0.0002289947839642589
0.0002294626000924721
0.000230514988983677
0.00023056518200635276
0.00023100040422566938
0.0002311560841005498
0.00023120634798316797
0.00023126787076620502
0.00023132942629629393
0.00023139101459964352
0.00023164445866122923
0.0002316475428320508
0.0002316506270850031
0.00023165371142007358
0.00023175740597625798
0.0002317594212087069
0.00023176143647619468
0.00023176345177872528
0.0002317654671163228
0.00023176748248895584
0.0002317694978966113
0.00023177151333934982
0.00023177352881710963
0.00023177554432993612
0.00023177755987780095
0.00023177957546073897
0.00023178159107871857
0.00023178360673174698
0.0002317856224198174
0.00023178763814296125
0.0002317896539011553
0.00023179166969440807
0.0002317936855227231
0.00023179570138608544
0.0002317977172845305
0.00023179973321800777
0.0002318017491865704
0.00023180376519018237
0.00023180578122884436
0.0002318077973025927
0.00023180981341140605
0.00023215218455546272
0.00023476458036380765
0.0002348150330762913
0.0002351156678686085
0.00023516616663586296
0.0002352166870979826
0.000235537363738708
0.00023623039031240203
0.00023704424086716045
0.0002370452734571951
0.00023704630605624126
0.00023704733866425465
0.0002370483712812808
0.00023704940390729823
0.0002370504365423129
0.00023705146918633811
0.00023705250183934476
0.00023705353450133475
0.00023705456717233394
0.00023705559985233592
0.000237056632541333
0.0002370576652393218
0.00023705869794630135
0.00023705973066227322
0.0002370607633872616
0.00023706179612122743
0.00023706282886420152
0.00023706386161617799
0.0002370648943771472
0.00023706592714711194
0.00023706695992607306
0.00023706799271402447
0.00023709435336906223
0.00023714005905986528
0.00023720096038175225
0.0002372030713842567
0.0002378481526032886
0.00023789001372303607
0.00023793188957884023
0.0002389077562823118
0.00023907088943222535
0.00023980432156049032
0.0002398612267876647
0.0002409079479101886
0.0002418154053365731
0.00024185574915506748
0.00024189610643604158
0.0002419574383087767
0.00024201880128696038
0.00024278818700355237
0.00024281418727170695
0.0002431056195159319
0.00024319007907229034
0.00024330175061105134
0.0002448070081141822
0.0002477995299757005
0.00025107846250993195
0.00025167683274499654
0.0002517960112605486
0.00025184698054045966
0.0002518979704568706
0.0002532921903148135
0.0002533904696052837
0.0002534675791851834
0.000253544735704631
0.0002536219392065044
0.00025430597427977656
0.00025436184880999065
0.0002548062610780947
0.0002559856538215427
0.000257155862086668
0.00025804094028039376
0.0002588930304057205
0.0002590236829563569
0.00025904808299482857
0.00025909922179304904
0.00026416249244572257
0.000266468938328721
0.0002698286631377159
0.0002716618886424046
0.000274403590737263
0.00027590294747705294
0.0002769863611176202
0.0002770368043474308
0.00027967546262030416
0.0002797257785433153
0.00027980506284142195
0.0002798588719281933
0.00027988028203470276
0.00028260431918583227
0.0002842544419999234
0.00028430455117727833
0.0002843546780222661
0.0002878117512303297
0.00028974955736370955
0.00029166463108712133
0.0002936268799390195
0.00029536806987705174
0.0002975329521162401
0.0002983127698583889
0.00033057412836009077
0.00048091536091788363
0.00048091536091791914
0.0004809153609178811
0.0004809153609179171
0.00048091536091789
0.0004809153609178776
0.00048091536091791475
0.00048091536091788927
0.00048091536091787696
0.0004809153609179142
0.00048091536091788905
0.00048091536091787566
0.0004809153609179142
0.00048091536091788905
0.00048091536091787566
0.0004809153609179142
0.00048091536091788905
0.00048091536091787566
0.0004809153609179142
0.00048091536091788905
0.00048091536091787566
0.0004809153609179142
0.00048091536091788905
0.00048091536091787696
0.00048091536091791415
0.0004809153609178877
0.00048091536091792223
0.0004809153609178839
0.00048091536091791936
0.00048091536091788146
0.00048091536091791724
0.00048091536091789014
0.0004809153609178778
0.0004809153609179148
0.00048091536091788965
0.0004809153609178771
0.0004809153609179142
0.00048091536091788905
0.00048091536091787696
0.0004809153609179142
0.00048091536091788905
0.00048091536091787566
0.0004809153609179142
0.00048091536091788905
0.00048091536091787696
0.00048091536091791415
0.00048091536091788905
0.00048091536091787566
0.0004809153609179142
0.00048091536091788905
0.00048091536091787696
0.00048091536091791415
0.00048091536091788905
0.00048091536091787696
0.00048091536091791415
0.00048091536091788905
0.00048091536091787696
0.00048091536091791415
0.00048091536091788905
0.00048091536091787696
0.00048091536091791415
0.00048091536091788905
0.00048091536091787696
0.00048091536091791415
0.00048091536091788905
0.00048091536091787696
0.00048091536091791415
0.00048091536091788905
0.00048091536091787696
0.00048091536091791415
0.00048091536091788905
0.00048091536091787696
0.00048091536091791415
0.00048091536091788905
0.00048091536091787696
0.00048091536091791415
0.00048091536091788905
0.00048091536091787696
0.00048091536091791415
0.00048091536091788905
0.00048091536091787696
0.00048091536091791415
0.00048091536091788905
0.00048091536091787696
0.00048091536091791415
0.00048091536091788905
0.00048091536091787696
0.00048091536091791415
0.00048091536091788905
0.00048091536091787696
0.00048091536091791415
0.00048091536091788905
0.00048091536091787696
0.00048091536091791415
0.00048091536091788905
0.00048091536091787696
0.0004809153609179142
0.00048091536091788905
0.00048091536091787696
0.0004809153609179142
0.00048091536091788905
0.00048091536091787696
0.0004809153609179142
0.00048091536091788905
0.00048091536091787696
0.0004809153609179142
0.00048091536091788905
0.00048091536091787696
0.0004809153609179142
0.00048091536091788905
0.00048091536091787696
0.0004809153609179142
0.00048091536091788905
0.00048091536091787696
0.0004809153609179142
0.00048091536091788905
0.00048091536091787696
0.0004809153609179142
0.00048091536091788905
0.00048091536091787696
0.0004809153609179142
0.00048091536091788905
0.00048091536091787696
0.0004809153609179142
0.00048091536091788905
0.00048091536091787696
0.0004809153609179142
0.00048091536091788905
0.00048091536091787696
0.0004809153609179142
0.00048091536091788905
0.00048091536091787696
0.0004809153609179142
0.00048091536091788905
0.00048091536091787696
0.0004809153609179142
0.0004809153609178891
0.00048091536091787696
0.0004809153609179142
0.0004809153609178891
0.00048091536091787696
0.0004809153609179142
0.0004809153609178891
0.00048091536091787696
0.0004809153609179142
0.0004809153609178891
0.00048091536091787696
0.0004809153609179142
0.0004809153609178891
0.00048091536091787696
0.0004809153609179142
0.0004809153609178891
0.00048091536091787696
0.0004809153609179142
0.0004809153609178891
0.00048091536091787696
0.0004809153609179142
0.0004809153609178891
0.00048091536091787696
0.0004809153609179142
0.0004809153609178891
0.00048091536091787696
0.0004809153609179142
0.0004809153609178891
0.00048091536091787696
0.0004809153609179142
0.0004809153609178891
0.00048091536091787696
0.0004809153609179142
0.0004809153609178891
0.00048091536091787696
0.0004809153609179142
0.0004809153609178891
0.00048091536091787696
0.0004809153609179142
0.0004809153609178891
0.00048091536091787696
0.0004809153609179142
0.0004809153609178891
0.00048091536091787696
0.0004809153609179142
0.0004809153609178891
0.00048091536091787696
0.0004809153609179142
0.0004809153609178891
0.000480915360917877
0.00048091536091791464
0.0004809153609178891
0.000480915360917877
0.00048091536091791464
0.00048091536091788927
0.000480915360917877
0.00048091536091791464
0.00048091536091788927
0.000480915360917877
0.00048091536091791464
0.00048091536091788927
0.0004809153609178771
0.00048091536091791464
0.00048091536091788927
0.0004809153609178771
0.00048091536091791464
0.00048091536091788927
0.0004809153609178771
0.00048091536091791475
0.00048091536091788927
0.0004809153609178771
0.00048091536091791475
0.00048091536091788965
0.0004809153609178771
0.00048091536091791475
0.00048091536091788965
0.0004809153609178771
0.00048091536091791475
0.00048091536091788965
0.00048091536091787756
0.00048091536091791475
0.00048091536091788965
0.00048091536091787756
0.00048091536091791475
0.00048091536091788965
0.00048091536091787756
0.00048091536091791475
0.00048091536091788965
0.00048091536091787756
0.00048091536091791475
0.00048091536091788965
0.00048091536091787756
0.00048091536091791475
0.00048091536091788965
0.00048091536091787756
0.00048091536091791475
0.00048091536091788965
0.00048091536091787756
0.00048091536091791475
0.00048091536091788965
0.00048091536091787756
0.0004809153609179148
0.00048091536091788965
0.00048091536091787756
0.00048091536091791475
0.00048091536091788965
0.00048091536091787756
0.0004809153609179148
0.00048091536091788965
0.00048091536091787756
0.0004809153609179148
0.00048091536091788965
0.00048091536091787756
0.0004809153609179148
0.00048091536091788965
0.00048091536091787756
0.0004809153609179148
0.00048091536091788965
0.00048091536091787756
0.0004809153609179148
0.00048091536091788965
0.00048091536091787756
0.0004809153609179148
0.00048091536091788965
0.00048091536091787756
0.0004809153609179148
0.00048091536091788965
0.00048091536091787756
0.0004809153609179148
0.00048091536091788965
0.00048091536091787756
0.0004809153609179148
0.00048091536091788965
0.00048091536091787756
0.0004809153609179148
0.00048091536091788965
0.00048091536091787756
0.0004809153609179148
0.00048091536091788965
0.00048091536091787756
0.0004809153609179148
0.00048091536091788965
0.00048091536091787756
0.0004809153609179148
0.00048091536091788965
0.00048091536091787756
0.0004809153609179148
0.00048091536091788965
0.00048091536091787756
0.0004809153609179148
0.00048091536091788965
0.00048091536091787756
0.0004809153609179148
0.00048091536091788965
0.00048091536091787756
0.0004809153609179148
0.00048091536091788965
0.00048091536091787756
0.0004809153609179148
0.00048091536091788965
0.00048091536091787756
0.0004809153609179148
0.00048091536091788965
0.00048091536091787756
0.0004809153609179148
0.00048091536091788965
0.00048091536091787756
0.0004809153609179148
0.00048091536091788965
0.00048091536091787756
0.0004809153609179148
0.00048091536091788965
0.00048091536091787756
0.0004809153609179148
0.00048091536091788965
0.00048091536091787756
0.0004809153609179148
0.00048091536091788965
0.00048091536091787756
0.0004809153609179148
0.00048091536091788965
0.00048091536091787756
0.0004809153609179148
0.00048091536091788965
0.00048091536091787756
0.0004809153609179148
0.00048091536091788965
0.00048091536091787756
0.0004809153609179148
0.00048091536091788965
0.00048091536091787756
0.0004809153609179148
0.00048091536091788965
0.00048091536091787756
0.0004809153609179148
0.00048091536091788965
0.00048091536091787756
0.0004809153609179148
0.00048091536091788965
0.00048091536091787756
0.0004809153609179148
0.00048091536091788965
0.00048091536091787756
0.0004809153609179148
0.00048091536091788965
0.00048091536091787756
0.0004809153609179148
0.00048091536091788965
0.00048091536091787756
0.0004809153609179148
0.00048091536091788965
0.00048091536091787756
0.0004809153609179148
0.00048091536091788965
0.00048091536091787756
0.0004809153609179148
0.00048091536091788965
0.00048091536091787756
0.0004809153609179148
0.0004809153609178897
0.00048091536091787756
0.0004809153609179148
0.00048091536091788965
0.00048091536091787756
0.0004809153609179148
0.0004809153609178897
0.00048091536091787756
0.0004809153609179148
0.00048091536091788987
0.0004809153609178776
0.0004809153609179148
0.0004809153609178897
0.00048091536091787756
0.0004809153609179148
0.00048091536091788987
0.0004809153609178776
0.0004809153609179148
0.00048091536091788987
0.0004809153609178776
0.0004809153609179148
0.00048091536091788987
0.0004809153609178776
0.0004809153609179148
0.00048091536091788987
0.00048091536091787756
0.0004809153609179148
0.0004809153609178897
0.00048091536091787756
0.0004809153609179148
0.00048091536091788987
0.00048091536091787756
0.0004809153609179148
0.0004809153609178897
0.00048091536091787756
0.0004809153609179148
0.00048091536091788987
0.00048091536091787756
0.0004809153609179148
0.0004809153609178897
0.00048091536091787756
0.0004809153609179148
0.00048091536091788987
0.00048091536091787756
0.0004809153609179148
0.0004809153609178897
0.00048091536091787756
0.0004809153609179148
0.00048091536091788987
0.0004809153609178778
0.00048091536091791616
0.0004809153609178897
0.0004809153609178776
0.00048091536091791616
0.0004809153609178897
0.0004809153609178776
0.00048091536091791616
0.0004809153609178897
0.0004809153609178776
0.00048091536091791616
0.0004809153609178897
0.0004809153609178776
0.00048091536091791616
0.0004809153609178897
0.0004809153609178776
0.00048091536091791616
0.0004809153609178897
0.0004809153609178776
0.00048091536091791616
0.0004809153609178897
0.0004809153609178776
0.00048091536091791616
0.0004809153609178897
0.0004809153609178776
0.00048091536091791616
0.0004809153609178897
0.0004809153609178776
0.00048091536091791616
0.0004809153609178897
0.0004809153609178776
0.00048091536091791616
0.00048091536091788987
0.0004809153609178778
0.00048091536091791616
0.00048091536091788987
0.0004809153609178778
0.0004809153609179162
0.00048091536091788987
0.0004809153609178778
0.0004809153609179162
0.00048091536091788987
0.0004809153609178778
0.0004809153609179162
0.00048091536091788987
0.0004809153609178778
0.0004809153609179162
0.00048091536091788987
0.0004809153609178778
0.0004809153609179162
0.0004809153609178899
0.00048091536091787783
0.0004809153609179163
0.0004809153609178899
0.00048091536091787783
0.0004809153609179163
0.0004809153609178899
0.00048091536091787783
0.0004809153609179163
0.0004809153609178899
0.00048091536091787783
0.0004809153609179163
0.0004809153609178899
0.00048091536091787783
0.0004809153609179163
0.0004809153609178899
0.00048091536091787783
0.0004809153609179163
0.00048091536091789
0.00048091536091787783
0.0004809153609179163
0.00048091536091789
0.00048091536091787783
0.0004809153609179163
0.00048091536091789
0.00048091536091787783
0.0004809153609179163
0.00048091536091789
0.00048091536091787783
0.0004809153609179163
0.00048091536091789
0.00048091536091787783
0.0004809153609179163
0.00048091536091789
0.00048091536091787783
0.0004809153609179163
0.00048091536091789
0.0004809153609178779
0.0004809153609179163
0.00048091536091789
0.0004809153609178779
0.00048091536091791675
0.00048091536091789
0.0004809153609178779
0.00048091536091791675
0.00048091536091789
0.0004809153609178779
0.00048091536091791675
0.0004809153609178901
0.0004809153609178779
0.00048091536091791675
0.0004809153609178901
0.0004809153609178779
0.00048091536091791675
0.00048091536091789014
0.000480915360917878
0.0004809153609179168
0.00048091536091789014
0.000480915360917878
0.0004809153609179168
0.00048091536091789014
0.00048091536091787805
0.0004809153609179169
0.00048091536091789014
0.00048091536091787805
0.0004809153609179169
0.00048091536091789014
0.00048091536091787805
0.0004809153609179169
0.00048091536091789014
0.00048091536091787805
0.0004809153609179169
0.00048091536091789014
0.00048091536091787805
0.0004809153609179169
0.00048091536091789014
0.00048091536091787805
0.0004809153609179169
0.00048091536091789014
0.00048091536091787805
0.0004809153609179169
0.00048091536091789057
0.00048091536091787805
0.0004809153609179169
0.00048091536091789057
0.0004809153609178785
0.0004809153609179169
0.00048091536091789057
0.0004809153609178785
0.0004809153609179169
0.00048091536091789057
0.0004809153609178785
0.0004809153609179169
0.00048091536091789057
0.0004809153609178785
0.0004809153609179169
0.00048091536091789057
0.0004809153609178785
0.0004809153609179169
0.00048091536091789057
0.0004809153609178785
0.0004809153609179169
0.00048091536091789057
0.0004809153609178785
0.0004809153609179169
0.00048091536091789057
0.0004809153609178785
0.0004809153609179169
0.00048091536091789057
0.0004809153609178785
0.0004809153609179169
0.00048091536091789057
0.0004809153609178785
0.0004809153609179169
0.00048091536091789057
0.0004809153609178785
0.0004809153609179169
0.00048091536091789057
0.0004809153609178785
0.0004809153609179169
0.00048091536091789057
0.0004809153609178785
0.0004809153609179169
0.00048091536091789057
0.0004809153609178785
0.0004809153609179169
0.00048091536091789057
0.0004809153609178785
0.0004809153609179169
0.00048091536091789057
0.0004809153609178785
0.0004809153609179169
0.00048091536091789057
0.0004809153609178785
0.0004809153609179169
0.00048091536091789057
0.0004809153609178785
0.0004809153609179169
0.00048091536091789057
0.0004809153609178785
0.0004809153609179169
0.00048091536091789057
0.0004809153609178785
0.0004809153609179169
0.00048091536091789057
0.0004809153609178785
0.00048091536091791697
0.00048091536091789057
0.0004809153609178785
0.00048091536091791697
0.0004809153609178907
0.0004809153609178785
0.00048091536091791697
0.0004809153609178907
0.0004809153609178785
0.00048091536091791697
0.0004809153609178907
0.0004809153609178785
0.00048091536091791697
0.0004809153609178907
0.0004809153609178785
0.00048091536091791697
0.0004809153609178907
0.0004809153609178785
0.00048091536091791697
0.0004809153609178907
0.0004809153609178785
0.00048091536091791697
0.0004809153609178907
0.0004809153609178785
0.00048091536091791697
0.0004809153609178907
0.0004809153609178785
0.00048091536091791697
0.0004809153609178907
0.0004809153609178785
0.00048091536091791697
0.0004809153609178907
0.0004809153609178785
0.00048091536091791697
0.0004809153609178907
0.0004809153609178785
0.00048091536091791697
0.0004809153609178907
0.0004809153609178785
0.00048091536091791697
0.0004809153609178907
0.0004809153609178785
0.00048091536091791697
0.0004809153609178907
0.0004809153609178785
0.00048091536091791697
0.0004809153609178907
0.0004809153609178785
0.00048091536091791697
0.0004809153609178907
0.0004809153609178785
0.00048091536091791697
0.0004809153609178907
0.0004809153609178785
0.00048091536091791697
0.0004809153609178907
0.0004809153609178785
0.00048091536091791697
0.0004809153609178907
0.0004809153609178785
0.00048091536091791697
0.0004809153609178907
0.0004809153609178785
0.00048091536091791697
0.0004809153609178907
0.0004809153609178785
0.00048091536091791697
0.0004809153609178907
0.0004809153609178785
0.00048091536091791697
0.0004809153609178907
0.0004809153609178785
0.00048091536091791697
0.0004809153609178907
0.0004809153609178785
0.00048091536091791697
0.0004809153609178907
0.0004809153609178785
0.00048091536091791697
0.0004809153609178907
0.0004809153609178785
0.00048091536091791697
0.0004809153609178907
0.0004809153609178785
0.00048091536091791697
0.0004809153609178907
0.0004809153609178785
0.00048091536091791697
0.0004809153609178907
0.0004809153609178785
0.0004809153609179171
0.0004809153609178907
0.0004809153609178786
0.0004809153609179171
0.0004809153609178907
0.0004809153609178786
0.0004809153609179171
0.0004809153609178907
0.0004809153609178786
0.0004809153609179171
0.00048091536091789073
0.0004809153609178786
0.0004809153609179171
0.00048091536091789073
0.0004809153609178786
0.0004809153609179171
0.00048091536091789073
0.00048091536091787864
0.0004809153609179171
0.00048091536091789073
0.00048091536091787864
0.0004809153609179171
0.00048091536091789073
0.00048091536091787864
0.0004809153609179172
0.00048091536091789073
0.00048091536091787864
0.0004809153609179172
0.00048091536091789073
0.00048091536091787864
0.00048091536091791724
0.0004809153609178921
0.0004809153609178786
0.0004809153609179171
0.00048091536091789073
0.00048091536091787864
0.0004809153609179172
0.00048091536091789073
0.00048091536091787864
0.00048091536091791724
0.0004809153609178921
0.0004809153609178786
0.0004809153609179171
0.00048091536091789073
0.00048091536091787864
0.0004809153609179172
0.00048091536091789073
0.00048091536091787864
0.0004809153609179172
0.0004809153609178921
0.0004809153609178786
0.0004809153609179171
0.00048091536091789073
0.00048091536091787864
0.0004809153609179171
0.00048091536091789073
0.00048091536091787864
0.0004809153609179172
0.00048091536091789073
0.00048091536091787864
0.0004809153609179172
0.0004809153609178921
0.0004809153609178786
0.0004809153609179171
0.00048091536091789073
0.00048091536091787864
0.0004809153609179172
0.00048091536091789073
0.00048091536091787864
0.00048091536091791724
0.0004809153609178921
0.0004809153609178786
0.0004809153609179171
0.00048091536091789073
0.00048091536091787864
0.0004809153609179172
0.00048091536091789073
0.00048091536091787864
0.0004809153609179172
0.0004809153609178921
0.0004809153609178786
0.0004809153609179171
0.00048091536091789073
0.00048091536091787864
0.0004809153609179171
0.00048091536091789073
0.00048091536091787864
0.0004809153609179172
0.00048091536091789073
0.00048091536091787864
0.0004809153609179172
0.00048091536091789073
0.00048091536091787864
0.0004809153609179172
0.0004809153609178921
0.0004809153609178786
0.0004809153609179171
0.00048091536091789073
0.00048091536091787864
0.0004809153609179171
0.0004809153609178921
0.0004809153609178786
0.0004809153609179171
0.00048091536091789073
0.00048091536091787864
0.0004809153609179171
0.00048091536091789073
0.0004809153609178786
0.0004809153609179171
0.00048091536091789073
0.00048091536091787864
0.0004809153609179171
0.00048091536091789073
0.0004809153609178786
0.0004809153609179171
0.00048091536091789073
0.00048091536091787864
0.0004809153609179171
0.00048091536091789073
0.00048091536091787864
0.0004809153609179171
0.00048091536091789073
0.00048091536091787864
0.0004809153609179171
0.00048091536091789073
0.00048091536091787864
0.0004809153609179171
0.00048091536091789073
0.0004809153609178786
0.0004809153609179171
0.00048091536091789073
0.0004809153609178786
0.0004809153609179171
0.0004809153609178907
0.0004809153609178786
0.0004809153609179171
0.0004809153609178907
0.0004809153609178786
0.0004809153609179171
0.0004809153609178907
0.0004809153609178786
0.0004809153609179171
0.0004809153609178907
0.0004809153609178786
0.0004809153609179171
0.0004809153609178907
0.0004809153609178786
0.0004809153609179171
0.0004809153609178907
0.0004809153609178786
0.0004809153609179171
0.0004809153609178907
0.0004809153609178786
0.0004809153609179171
0.0004809153609178907
0.0004809153609178786
0.0004809153609179171
0.0004809153609178907
0.0004809153609178786
0.0004809153609179171
0.0004809153609178907
0.0004809153609178786
0.0004809153609179171
0.0004809153609178907
0.0004809153609178786
0.0004809153609179171
0.0004809153609178907
0.0004809153609178786
0.0004809153609179171
0.0004809153609178907
0.0004809153609178786
0.0004809153609179171
0.0004809153609178907
0.0004809153609178786
0.0004809153609179171
0.0004809153609178907
0.0004809153609178786
0.0004809153609179171
0.0004809153609178907
0.0004809153609178786
0.0004809153609179171
0.0004809153609178907
0.0004809153609178786
0.0004809153609179171
0.0004809153609178907
0.0004809153609178786
0.0004809153609179171
0.0004809153609178907
0.0004809153609178786
0.0004809153609179171
0.00048091536091789073
0.0004809153609178785
0.0004809153609179171
0.0004809153609178907
0.0004809153609178785
0.00048091536091791697
0.0004809153609178907
0.0004809153609178785
0.0004809153609179169
0.00048091536091789057
0.00048091536091787805
0.0004809153609179169
0.00048091536091789057
0.00048091536091787805
0.0004809153609179169
0.00048091536091789057
0.00048091536091787805
0.0004809153609179169
0.00048091536091789014
0.0004809153609178779
0.0004809153609179168
0.00048091536091789014
0.0004809153609178779
0.00048091536091791675
0.00048091536091789014
0.0004809153609178779
0.00048091536091791675
0.0004809153609178901
0.0004809153609178779
0.00048091536091791675
0.00048091536091789
0.0004809153609178779
0.0004809153609179163
0.00048091536091789
0.0004809153609178779
0.0004809153609179163
0.00048091536091789
0.0004809153609178779
0.0004809153609179163
0.00048091536091789
0.0004809153609178779
0.0004809153609179163
0.00048091536091789
0.0004809153609178779
0.0004809153609179163
0.00048091536091789
0.0004809153609178779
0.0004809153609179163
0.00048091536091789
0.0004809153609178779
0.0004809153609179163
0.00048091536091789
0.0004809153609178779
0.0004809153609179163
0.00048091536091789
0.0004809153609178779
0.0004809153609179163
0.00048091536091789
0.0004809153609178779
0.0004809153609179163
0.00048091536091789
0.0004809153609178779
0.0004809153609179163
0.00048091536091789
0.0004809153609178779
0.0004809153609179163
0.00048091536091789
0.0004809153609178779
0.0004809153609179163
0.00048091536091789
0.0004809153609178779
0.0004809153609179163
0.00048091536091789
0.0004809153609178779
0.0004809153609179163
0.00048091536091789
0.0004809153609178779
0.00048091536091791675
0.00048091536091789
0.0004809153609178779
0.0004809153609179163
0.00048091536091789
0.0004809153609178779
0.0004809153609179163
0.00048091536091789
0.0004809153609178779
0.0004809153609179163
0.00048091536091789
0.0004809153609178779
0.00048091536091791675
0.00048091536091789
0.0004809153609178779
0.00048091536091791675
0.00048091536091789
0.0004809153609178779
0.00048091536091791675
0.00048091536091789
0.0004809153609178779
0.00048091536091791675
0.00048091536091789
0.0004809153609178779
0.00048091536091791675
0.00048091536091789
0.0004809153609178779
0.00048091536091791675
0.00048091536091789
0.0004809153609178779
0.00048091536091791675
0.00048091536091789
0.0004809153609178779
0.00048091536091791675
0.00048091536091789
0.0004809153609178779
0.00048091536091791675
0.00048091536091789
0.0004809153609178779
0.00048091536091791675
0.00048091536091789
0.0004809153609178779
0.00048091536091791675
0.00048091536091789
0.0004809153609178779
0.00048091536091791675
0.00048091536091789
0.0004809153609178779
0.00048091536091791675
0.00048091536091789
0.0004809153609178779
0.00048091536091791675
0.00048091536091789
0.00048091536091787783
0.00048091536091791675
0.00048091536091789
0.00048091536091787783
0.0004809153609179163
0.00048091536091789
0.0004809153609178778
0.0004809153609179163
0.00048091536091789
0.0004809153609178778
0.0004809153609179163
0.00048091536091789
0.0004809153609178778
0.0004809153609179163
0.0004809153609178899
0.0004809153609178778
0.0004809153609179163
0.0004809153609178899
0.00048091536091787783
0.0004809153609179163
0.0004809153609178899
0.00048091536091787783
0.0004809153609179163
0.0004809153609178899
0.0004809153609178778
0.0004809153609179163
0.00048091536091789
0.00048091536091787783
0.0004809153609179163
0.00048091536091789
0.0004809153609178778
0.0004809153609179163
0.00048091536091789
0.0004809153609178778
0.0004809153609179163
0.0004809153609178899
0.0004809153609178778
0.0004809153609179163
0.00048091536091788987
0.0004809153609178778
0.0004809153609179163
0.00048091536091788987
0.0004809153609178778
0.0004809153609179163
0.00048091536091788987
0.0004809153609178778
0.0004809153609179163
0.00048091536091788987
0.0004809153609178778
0.0004809153609179163
0.00048091536091788987
0.0004809153609178778
0.0004809153609179163
0.0004809153609178899
0.0004809153609178778
0.0004809153609179163
0.0004809153609178899
0.0004809153609178778
0.0004809153609179163
0.0004809153609178899
0.0004809153609178778
0.0004809153609179163
0.0004809153609178899
0.0004809153609178778
0.0004809153609179163
0.0004809153609178899
0.00048091536091787783
0.0004809153609179163
0.0004809153609178899
0.00048091536091787783
0.0004809153609179163
0.0004809153609178899
0.00048091536091787783
0.0004809153609179163
0.0004809153609178899
0.00048091536091787783
0.0004809153609179163
0.0004809153609178899
0.00048091536091787783
0.0004809153609179163
0.0004809153609178899
0.00048091536091787783
0.0004809153609179163
0.00048091536091789
0.00048091536091787783
0.0004809153609179163
0.0004809153609178899
0.00048091536091787783
0.0004809153609179163
0.0004809153609178899
0.00048091536091787783
0.0004809153609179163
0.0004809153609178899
0.00048091536091787783
0.0004809153609179163
0.0004809153609178899
0.00048091536091787783
0.0004809153609179163
0.0004809153609178899
0.00048091536091787783
0.0004809153609179163
0.0004809153609178899
0.00048091536091787783
0.0004809153609179163
0.0004809153609178899
0.00048091536091787783
0.0004809153609179163
0.00048091536091789
0.00048091536091787783
0.0004809153609179163
0.00048091536091789
0.00048091536091787783
0.0004809153609179163
0.00048091536091789
0.00048091536091787783
0.0004809153609179163
0.00048091536091789
0.00048091536091787783
0.0004809153609179163
0.00048091536091789
0.00048091536091787783
0.0004809153609179163
0.00048091536091789
0.0004809153609178779
0.00048091536091791675
0.00048091536091789
0.0004809153609178779
0.00048091536091791675
0.00048091536091789
0.0004809153609178779
0.00048091536091791675
0.00048091536091789
0.0004809153609178779
0.0004809153609179163
0.00048091536091789
0.0004809153609178779
0.00048091536091791675
0.00048091536091789
0.0004809153609178779
0.00048091536091791675
0.00048091536091789
0.0004809153609178779
0.00048091536091791675
0.00048091536091789
0.0004809153609178779
0.00048091536091791675
0.00048091536091789
0.0004809153609178779
0.00048091536091791675
0.00048091536091789
0.0004809153609178779
0.00048091536091791675
0.00048091536091789
0.0004809153609178779
0.00048091536091791675
0.00048091536091789
0.0004809153609178779
0.00048091536091791675
0.0004809153609178901
0.0004809153609178779
0.0004809153609179168
0.00048091536091789014
0.000480915360917878
0.0004809153609179168
0.00048091536091789014
0.000480915360917878
0.0004809153609179169
0.00048091536091789014
0.00048091536091787805
0.0004809153609179168
0.00048091536091789014
0.00048091536091787805
0.0004809153609179169
0.00048091536091789014
0.00048091536091787805
0.0004809153609179169
0.00048091536091789014
0.00048091536091787805
0.0004809153609179169
0.00048091536091789014
0.00048091536091787805
0.0004809153609179169
0.00048091536091789014
0.00048091536091787805
0.0004809153609179169
0.00048091536091789014
0.00048091536091787805
0.0004809153609179169
0.00048091536091789014
0.00048091536091787805
0.0004809153609179169
0.00048091536091789014
0.00048091536091787805
0.0004809153609179169
0.00048091536091789014
0.00048091536091787805
0.0004809153609179169
0.00048091536091789014
0.00048091536091787805
0.0004809153609179169
0.00048091536091789014
0.00048091536091787805
0.0004809153609179169
0.00048091536091789014
0.00048091536091787805
0.0004809153609179169
0.00048091536091789014
0.00048091536091787805
0.0004809153609179169
0.00048091536091789014
0.00048091536091787805
0.0004809153609179169
0.00048091536091789014
0.00048091536091787805
0.0004809153609179169
0.00048091536091789014
0.00048091536091787805
0.0004809153609179169
0.00048091536091789014
0.00048091536091787805
0.0004809153609179169
0.00048091536091789057
0.0004809153609178785
0.0004809153609179169
0.00048091536091789014
0.00048091536091787805
0.0004809153609179169
0.00048091536091789057
0.00048091536091787805
0.0004809153609179169
0.00048091536091789057
0.0004809153609178785
0.0004809153609179169
0.00048091536091789057
0.0004809153609178785
0.0004809153609179169
0.00048091536091789057
0.0004809153609178785
0.0004809153609179169
0.00048091536091789057
0.0004809153609178785
0.0004809153609179169
0.00048091536091789057
0.0004809153609178785
0.0004809153609179169
0.00048091536091789057
0.0004809153609178785
0.0004809153609179169
0.00048091536091789057
0.0004809153609178785
0.0004809153609179169
0.00048091536091789057
0.0004809153609178785
0.0004809153609179169
0.00048091536091789057
0.0004809153609178785
0.0004809153609179169
0.00048091536091789057
0.0004809153609178785
0.0004809153609179169
0.00048091536091789057
0.0004809153609178785
0.0004809153609179169
0.00048091536091789057
0.0004809153609178785
0.0004809153609179169
0.00048091536091789057
0.0004809153609178785
0.0004809153609179169
0.00048091536091789057
0.0004809153609178785
0.0004809153609179169
0.00048091536091789057
0.0004809153609178785
0.0004809153609179169
0.00048091536091789057
0.0004809153609178785
0.00048091536091791697
0.00048091536091789057
0.0004809153609178785
0.0004809153609179169
0.00048091536091789057
0.00048091536091787805
0.0004809153609179169
0.00048091536091789057
0.0004809153609178785
0.00048091536091791697
0.00048091536091789057
0.0004809153609178785
0.0004809153609179171
0.0004809153609178907
0.0004809153609178785
0.0004809153609179171
0.0004809153609178907
0.0004809153609178786
0.0004809153609179171
0.0004809153609178907
0.0004809153609178786
0.0004809153609179171
0.0004809153609178907
0.0004809153609178786
0.0004809153609179171
0.0004809153609178907
0.0004809153609178786
0.0004809153609179171
0.0004809153609178907
0.0004809153609178786
0.0004809153609179171
0.0004809153609178907
0.0004809153609178786
0.0004809153609179171
0.00048091536091789073
0.0004809153609178786
0.0004809153609179171
0.00048091536091789073
0.00048091536091787864
0.0004809153609179171
0.00048091536091789073
0.00048091536091787864
0.0004809153609179171
0.00048091536091789073
0.00048091536091787864
0.0004809153609179171
0.00048091536091789073
0.00048091536091787864
0.0004809153609179171
0.00048091536091789073
0.00048091536091787864
0.0004809153609179171
0.00048091536091789073
0.00048091536091787864
0.0004809153609179171
0.00048091536091789073
0.00048091536091787864
0.0004809153609179171
0.00048091536091789073
0.00048091536091787864
0.0004809153609179171
0.00048091536091789073
0.00048091536091787864
0.0004809153609179171
0.00048091536091789073
0.00048091536091787864
0.0004809153609179171
0.00048091536091789073
0.00048091536091787864
0.0004809153609179171
0.00048091536091789073
0.00048091536091787864
0.0004809153609179171
0.00048091536091789073
0.00048091536091787864
0.0004809153609179171
0.00048091536091789073
0.00048091536091787864
0.0004809153609179171
0.00048091536091789073
0.00048091536091787864
0.0004809153609179171
0.00048091536091789073
0.00048091536091787864
0.0004809153609179171
0.00048091536091789073
0.00048091536091787864
0.0004809153609179171
0.00048091536091789073
0.00048091536091787864
0.0004809153609179171
0.00048091536091789073
0.00048091536091787864
0.0004809153609179171
0.00048091536091789073
0.00048091536091787864
0.0004809153609179171
0.00048091536091789073
0.00048091536091787864
0.0004809153609179171
0.00048091536091789073
0.00048091536091787864
0.0004809153609179171
0.00048091536091789073
0.00048091536091787864
0.0004809153609179171
0.00048091536091789073
0.00048091536091787864
0.0004809153609179171
0.00048091536091789073
0.0004809153609178786
0.0004809153609179171
0.00048091536091789073
0.0004809153609178786
0.0004809153609179171
0.00048091536091789073
0.0004809153609178786
0.0004809153609179171
0.00048091536091789073
0.0004809153609178786
0.0004809153609179171
0.00048091536091789073
0.0004809153609178786
0.0004809153609179171
0.00048091536091789073
0.0004809153609178786
0.0004809153609179171
0.00048091536091789073
0.0004809153609178786
0.0004809153609179171
0.00048091536091789073
0.0004809153609178786
0.0004809153609179171
0.00048091536091789073
0.0004809153609178786
0.0004809153609179171
0.00048091536091789073
0.0004809153609178786
0.0004809153609179171
0.00048091536091789073
0.0004809153609178786
0.0004809153609179171
0.00048091536091789073
0.0004809153609178786
0.0004809153609179171
0.00048091536091789073
0.0004809153609178786
0.0004809153609179171
0.00048091536091789073
0.0004809153609178786
0.0004809153609179171
0.00048091536091789073
0.0004809153609178786
0.0004809153609179171
0.00048091536091789073
0.0004809153609178786
0.0004809153609179171
0.00048091536091789073
0.0004809153609178786
0.0004809153609179171
0.00048091536091789073
0.0004809153609178786
0.0004809153609179171
0.00048091536091789073
0.0004809153609178786
0.0004809153609179171
0.00048091536091789073
0.0004809153609178786
0.0004809153609179171
0.00048091536091789073
0.0004809153609178786
0.0004809153609179171
0.00048091536091789073
0.0004809153609178786
0.0004809153609179171
0.00048091536091789073
0.0004809153609178786
0.0004809153609179171
0.00048091536091789073
0.0004809153609178786
0.0004809153609179171
0.00048091536091789073
0.0004809153609178786
0.0004809153609179171
0.00048091536091789073
0.0004809153609178786
0.0004809153609179171
0.00048091536091789073
0.0004809153609178786
0.0004809153609179171
0.00048091536091789073
0.00048091536091787864
0.0004809153609179171
0.00048091536091789073
0.00048091536091787864
0.0004809153609179171
0.00048091536091789073
0.00048091536091787864
0.0004809153609179171
0.00048091536091789073
0.00048091536091787864
0.0004809153609179171
0.00048091536091789073
0.00048091536091787864
0.0004809153609179171
0.00048091536091789073
0.00048091536091787864
0.0004809153609179171
0.00048091536091789073
0.00048091536091787864
0.0004809153609179171
0.00048091536091789073
0.00048091536091787864
0.0004809153609179171
0.00048091536091789073
0.00048091536091787864
0.0004809153609179171
0.00048091536091789073
0.00048091536091787864
0.0004809153609179171
0.00048091536091789073
0.00048091536091787864
0.0004809153609179171
0.00048091536091789073
0.00048091536091787864
0.0004809153609179171
0.00048091536091789073
0.00048091536091787864
0.0004809153609179171
0.00048091536091789073
0.00048091536091787864
0.0004809153609179171
0.00048091536091789073
0.00048091536091787864
0.0004809153609179171
0.00048091536091789073
0.00048091536091787864
0.0004809153609179171
0.00048091536091789073
0.00048091536091787864
0.0004809153609179171
0.00048091536091789073
0.00048091536091787864
0.0004809153609179171
0.00048091536091789073
0.00048091536091787864
0.0004809153609179171
0.00048091536091789073
0.00048091536091787864
0.0004809153609179171
0.00048091536091789073
0.00048091536091787864
0.0004809153609179171
0.00048091536091789073
0.00048091536091787864
0.0004809153609179171
0.00048091536091789073
0.00048091536091787864
0.0004809153609179171
0.00048091536091789073
0.0004809153609178786
0.0004809153609179171
0.00048091536091789073
0.00048091536091787864
0.0004809153609179171
0.00048091536091789073
0.00048091536091787864
0.0004809153609179172
0.00048091536091789073
0.00048091536091787864
0.0004809153609179172
0.0004809153609178921
0.0004809153609178786
0.0004809153609179171
0.00048091536091789073
0.00048091536091787864
0.0004809153609179172
0.00048091536091789073
0.00048091536091787864
0.0004809153609179172
0.0004809153609178921
0.0004809153609178786
0.0004809153609179171
0.00048091536091789073
0.00048091536091787864
0.0004809153609179172
0.0004809153609178921
0.0004809153609178786
0.0004809153609179171
0.00048091536091789073
0.00048091536091787864
0.0004809153609179171
0.00048091536091789073
0.00048091536091787864
0.0004809153609179172
0.0004809153609178921
0.0004809153609178786
0.0004809153609179171
0.00048091536091789073
0.00048091536091787864
0.0004809153609179171
0.00048091536091789073
0.00048091536091787864
0.0004809153609179172
0.0004809153609178921
0.0004809153609178786
0.0004809153609179171
0.00048091536091789073
0.00048091536091787864
0.0004809153609179171
0.00048091536091789073
0.00048091536091787864
0.0004809153609179171
0.00048091536091789073
0.0004809153609178786
0.0004809153609179171
0.00048091536091789073
0.00048091536091787864
0.0004809153609179171
0.00048091536091789073
0.00048091536091787864
0.0004809153609179172
0.00048091536091789073
0.00048091536091787864
0.0004809153609179172
0.0004809153609178921
0.0004809153609178786
0.0004809153609179171
0.00048091536091789073
0.00048091536091787864
0.0004809153609179171
0.00048091536091789073
0.00048091536091787864
0.0004809153609179171
0.00048091536091789073
0.00048091536091787864
0.0004809153609179171
0.00048091536091789073
0.00048091536091787864
0.0004809153609179171
0.00048091536091789073
0.00048091536091787864
0.0004809153609179171
0.00048091536091789073
0.00048091536091787864
0.0004809153609179171
0.00048091536091789073
0.00048091536091787864
0.0004809153609179171
0.00048091536091789073
0.00048091536091787864
0.0004809153609179171
0.00048091536091789073
0.00048091536091787864
0.0004809153609179172
0.00048091536091789073
0.00048091536091787864
0.00048091536091791724
0.0004809153609178921
0.0004809153609178786
0.0004809153609179171
0.00048091536091789073
0.00048091536091787864
0.0004809153609179172
0.00048091536091789073
0.00048091536091787864
0.0004809153609179172
0.00048091536091789073
0.00048091536091787864
0.0004809153609179172
0.00048091536091789073
0.00048091536091787864
0.0004809153609179172
0.00048091536091789073
0.00048091536091787864
0.0004809153609179172
0.00048091536091789073
0.00048091536091787864
0.0004809153609179172
0.00048091536091789073
0.00048091536091787864
0.0004809153609179172
0.00048091536091789073
0.00048091536091787864
0.0004809153609179172
0.00048091536091789073
0.00048091536091787864
0.0004809153609179172
0.00048091536091789073
0.00048091536091787864
0.0004809153609179172
0.00048091536091789073
0.00048091536091787864
0.0004809153609179172
0.00048091536091789073
0.00048091536091787864
0.0004809153609179172
0.00048091536091789073
0.00048091536091787864
0.0004809153609179172
0.00048091536091789073
0.00048091536091787864
0.0004809153609179172
0.00048091536091789073
0.00048091536091787864
