[68, [14, 39]]
[69, [14, 39]]
[70, [14, 39]]
[71, [14, 39]]
[80, [14, 39, 49]]
[81, [14, 39, 49]]
[82, [14, 39, 49]]
[83, [14, 39, 49]]
[92, [14, 39, 40, 49]]
[93, [14, 39, 40, 49]]
[94, [14, 39, 40, 49]]
[95, [14, 39, 40, 49]]
[152, [48]]
[153, [48]]
[154, [48]]
[155, [48]]
[160, [14, 39]]
[161, [14, 39]]
[162, [14, 39]]
[163, [14, 39]]
[164, [14, 33, 39, 45, 46, 48]]
[165, [14, 33, 39, 45, 46, 48]]
[166, [14, 33, 39, 45, 46, 48]]
[167, [14, 33, 39, 45, 46, 48]]
[172, [14, 39, 49]]
[173, [14, 39, 49]]
[174, [14, 39, 49]]
[175, [14, 39, 49]]
[176, [14, 33, 34, 39, 45, 46, 48, 49]]
[177, [14, 33, 34, 39, 45, 46, 48, 49]]
[178, [14, 33, 34, 39, 45, 46, 48, 49]]
[179, [14, 33, 34, 39, 45, 46, 48, 49]]
[184, [14, 39, 40, 49]]
[185, [14, 39, 40, 49]]
[186, [14, 39, 40, 49]]
[187, [14, 39, 40, 49]]
[188, [14, 33, 34, 39, 40, 45, 46, 48, 49]]
[189, [14, 33, 34, 39, 40, 45, 46, 48, 49]]
[190, [14, 33, 34, 39, 40, 45, 46, 48, 49]]
[191, [14, 33, 34, 39, 40, 45, 46, 48, 49]]
[236, [41]]
[237, [41]]
[238, [41]]
[239, [41]]
[244, [48]]
[245, [48]]
[246, [48]]
[247, [48]]
[248, [41, 48]]
[249, [41, 48]]
[250, [41, 48]]
[251, [41, 48]]
[256, [33, 45, 46, 48]]
[257, [33, 45, 46, 48]]
[258, [33, 45, 46, 48]]
[259, [33, 45, 46, 48]]
[260, [33, 41, 45, 46, 48]]
[261, [33, 41, 45, 46, 48]]
[262, [33, 41, 45, 46, 48]]
[263, [33, 41, 45, 46, 48]]
[268, [33, 34, 45, 46, 48]]
[269, [33, 34, 45, 46, 48]]
[270, [33, 34, 45, 46, 48]]
[271, [33, 34, 45, 46, 48]]
[272, [15, 33, 34, 36, 41, 45, 46, 47, 48]]
[273, [15, 33, 34, 36, 41, 45, 46, 47, 48]]
[274, [15, 33, 34, 36, 41, 45, 46, 47, 48]]
[275, [15, 33, 34, 36, 41, 45, 46, 47, 48]]
[280, [33, 34, 45, 46, 48]]
[281, [33, 34, 45, 46, 48]]
[282, [33, 34, 45, 46, 48]]
[283, [33, 34, 45, 46, 48]]
[284, [3, 15, 33, 34, 35, 36, 37, 38, 41, 43, 45, 46, 47, 48]]
[285, [3, 15, 33, 34, 35, 36, 37, 38, 41, 43, 45, 46, 47, 48]]
[286, [3, 15, 33, 34, 35, 36, 37, 38, 41, 43, 45, 46, 47, 48]]
[287, [3, 15, 33, 34, 35, 36, 37, 38, 41, 43, 45, 46, 47, 48]]
[328, [41]]
[329, [41]]
[330, [41]]
[331, [41]]
[332, [41]]
[333, [41]]
[334, [41]]
[335, [41]]
[340, [41]]
[341, [41]]
[342, [41]]
[343, [41]]
[344, [41]]
[345, [41]]
[346, [41]]
[347, [41]]
[352, [41]]
[353, [41]]
[354, [41]]
[355, [41]]
[356, [5, 9, 30, 41]]
[357, [5, 9, 30, 41]]
[358, [5, 9, 30, 41]]
[359, [5, 9, 30, 41]]
[364, [15, 36, 41, 47]]
[365, [15, 36, 41, 47]]
[366, [15, 36, 41, 47]]
[367, [15, 36, 41, 47]]
[368, [5, 6, 9, 15, 30, 36, 41, 47]]
[369, [5, 6, 9, 15, 30, 36, 41, 47]]
[370, [5, 6, 9, 15, 30, 36, 41, 47]]
[371, [5, 6, 9, 15, 30, 36, 41, 47]]
[376, [3, 15, 36, 37, 38, 41, 43, 47]]
[377, [3, 15, 36, 37, 38, 41, 43, 47]]
[378, [3, 15, 36, 37, 38, 41, 43, 47]]
[379, [3, 15, 36, 37, 38, 41, 43, 47]]
[380, [1, 2, 3, 5, 6, 8, 9, 10, 15, 16, 17, 18, 21, 28, 29, 30, 36, 37, 38, 41, 42, 43, 47]]
[381, [1, 2, 3, 5, 6, 8, 9, 10, 15, 16, 17, 18, 21, 28, 29, 30, 36, 37, 38, 41, 42, 43, 47]]
[382, [1, 2, 3, 5, 6, 8, 9, 10, 15, 16, 17, 18, 21, 28, 29, 30, 36, 37, 38, 41, 42, 43, 47]]
[383, [1, 2, 3, 5, 6, 8, 9, 10, 15, 16, 17, 18, 21, 28, 29, 30, 36, 37, 38, 41, 42, 43, 47]]
[420, [41]]
[421, [41]]
[422, [41]]
[423, [41]]
[424, [41]]
[425, [41]]
[426, [41]]
[427, [41]]
[428, [41]]
[429, [41]]
[430, [41]]
[431, [41]]
[432, [41]]
[433, [41]]
[434, [41]]
[435, [41]]
[436, [41]]
[437, [41]]
[438, [41]]
[439, [41]]
[440, [41]]
[441, [41]]
[442, [41]]
[443, [41]]
[444, [41]]
[445, [41]]
[446, [41]]
[447, [41]]
[448, [5, 9, 30, 41]]
[449, [5, 9, 30, 41]]
[450, [5, 9, 30, 41]]
[451, [5, 9, 30, 41]]
[452, [5, 9, 30, 41]]
[453, [5, 9, 30, 41]]
[454, [5, 9, 30, 41]]
[455, [5, 9, 30, 41]]
[456, [41]]
[457, [41]]
[458, [41]]
[459, [41]]
[460, [5, 6, 9, 30, 41]]
[461, [5, 6, 9, 30, 41]]
[462, [5, 6, 9, 30, 41]]
[463, [5, 6, 9, 30, 41]]
[464, [5, 6, 9, 13, 30, 41]]
[465, [5, 6, 9, 13, 30, 41]]
[466, [5, 6, 9, 13, 30, 41]]
[467, [5, 6, 9, 13, 30, 41]]
[468, [41]]
[469, [41]]
[470, [41]]
[471, [41]]
[472, [5, 6, 8, 9, 30, 41, 42]]
[473, [5, 6, 8, 9, 30, 41, 42]]
[474, [5, 6, 8, 9, 30, 41, 42]]
[475, [5, 6, 8, 9, 30, 41, 42]]
[476, [0, 5, 6, 8, 9, 13, 30, 41, 42]]
[477, [0, 5, 6, 8, 9, 13, 30, 41, 42]]
[478, [0, 5, 6, 8, 9, 13, 30, 41, 42]]
[479, [0, 5, 6, 8, 9, 13, 30, 41, 42]]
[536, [39]]
[537, [39]]
[538, [39]]
[539, [39]]
[548, [39, 49]]
[549, [39, 49]]
[550, [39, 49]]
[551, [39, 49]]
[560, [39, 40, 49]]
[561, [39, 40, 49]]
[562, [39, 40, 49]]
[563, [39, 40, 49]]
[568, [44]]
[569, [44]]
[570, [44]]
[571, [44]]
[572, [39, 40, 44, 49]]
[573, [39, 40, 44, 49]]
[574, [39, 40, 44, 49]]
[575, [39, 40, 44, 49]]
[620, [48]]
[621, [48]]
[622, [48]]
[623, [48]]
[628, [39]]
[629, [39]]
[630, [39]]
[631, [39]]
[632, [33, 39, 45, 46, 48]]
[633, [33, 39, 45, 46, 48]]
[634, [33, 39, 45, 46, 48]]
[635, [33, 39, 45, 46, 48]]
[640, [39, 49]]
[641, [39, 49]]
[642, [39, 49]]
[643, [39, 49]]
[644, [33, 34, 39, 45, 46, 48, 49]]
[645, [33, 34, 39, 45, 46, 48, 49]]
[646, [33, 34, 39, 45, 46, 48, 49]]
[647, [33, 34, 39, 45, 46, 48, 49]]
[652, [39, 40, 49]]
[653, [39, 40, 49]]
[654, [39, 40, 49]]
[655, [39, 40, 49]]
[656, [33, 34, 39, 40, 45, 46, 48, 49]]
[657, [33, 34, 39, 40, 45, 46, 48, 49]]
[658, [33, 34, 39, 40, 45, 46, 48, 49]]
[659, [33, 34, 39, 40, 45, 46, 48, 49]]
[664, [39, 40, 49]]
[665, [39, 40, 49]]
[666, [39, 40, 49]]
[667, [39, 40, 49]]
[668, [33, 34, 39, 40, 45, 46, 48, 49]]
[669, [33, 34, 39, 40, 45, 46, 48, 49]]
[670, [33, 34, 39, 40, 45, 46, 48, 49]]
[671, [33, 34, 39, 40, 45, 46, 48, 49]]
[704, [41]]
[705, [41]]
[706, [41]]
[707, [41]]
[712, [48]]
[713, [48]]
[714, [48]]
[715, [48]]
[716, [41, 48]]
[717, [41, 48]]
[718, [41, 48]]
[719, [41, 48]]
[724, [33, 45, 46, 48]]
[725, [33, 45, 46, 48]]
[726, [33, 45, 46, 48]]
[727, [33, 45, 46, 48]]
[728, [33, 41, 45, 46, 48]]
[729, [33, 41, 45, 46, 48]]
[730, [33, 41, 45, 46, 48]]
[731, [33, 41, 45, 46, 48]]
[736, [33, 34, 45, 46, 48]]
[737, [33, 34, 45, 46, 48]]
[738, [33, 34, 45, 46, 48]]
[739, [33, 34, 45, 46, 48]]
[740, [15, 33, 34, 36, 41, 45, 46, 47, 48]]
[741, [15, 33, 34, 36, 41, 45, 46, 47, 48]]
[742, [15, 33, 34, 36, 41, 45, 46, 47, 48]]
[743, [15, 33, 34, 36, 41, 45, 46, 47, 48]]
[748, [33, 34, 45, 46, 48]]
[749, [33, 34, 45, 46, 48]]
[750, [33, 34, 45, 46, 48]]
[751, [33, 34, 45, 46, 48]]
[752, [3, 15, 33, 34, 36, 37, 38, 41, 43, 45, 46, 47, 48]]
[753, [3, 15, 33, 34, 36, 37, 38, 41, 43, 45, 46, 47, 48]]
[754, [3, 15, 33, 34, 36, 37, 38, 41, 43, 45, 46, 47, 48]]
[755, [3, 15, 33, 34, 36, 37, 38, 41, 43, 45, 46, 47, 48]]
[760, [33, 34, 45, 46, 48]]
[761, [33, 34, 45, 46, 48]]
[762, [33, 34, 45, 46, 48]]
[763, [33, 34, 45, 46, 48]]
[764, [3, 15, 32, 33, 34, 36, 37, 38, 41, 43, 45, 46, 47, 48]]
[765, [3, 15, 32, 33, 34, 36, 37, 38, 41, 43, 45, 46, 47, 48]]
[766, [3, 15, 32, 33, 34, 36, 37, 38, 41, 43, 45, 46, 47, 48]]
[767, [3, 15, 32, 33, 34, 36, 37, 38, 41, 43, 45, 46, 47, 48]]
[796, [41]]
[797, [41]]
[798, [41]]
[799, [41]]
[800, [41]]
[801, [41]]
[802, [41]]
[803, [41]]
[808, [41]]
[809, [41]]
[810, [41]]
[811, [41]]
[812, [41]]
[813, [41]]
[814, [41]]
[815, [41]]
[820, [41]]
[821, [41]]
[822, [41]]
[823, [41]]
[824, [5, 9, 30, 41]]
[825, [5, 9, 30, 41]]
[826, [5, 9, 30, 41]]
[827, [5, 9, 30, 41]]
[832, [15, 36, 41, 47]]
[833, [15, 36, 41, 47]]
[834, [15, 36, 41, 47]]
[835, [15, 36, 41, 47]]
[836, [5, 6, 9, 15, 30, 36, 41, 47]]
[837, [5, 6, 9, 15, 30, 36, 41, 47]]
[838, [5, 6, 9, 15, 30, 36, 41, 47]]
[839, [5, 6, 9, 15, 30, 36, 41, 47]]
[844, [3, 15, 36, 37, 38, 41, 43, 47]]
[845, [3, 15, 36, 37, 38, 41, 43, 47]]
[846, [3, 15, 36, 37, 38, 41, 43, 47]]
[847, [3, 15, 36, 37, 38, 41, 43, 47]]
[848, [1, 2, 3, 5, 6, 8, 9, 10, 15, 16, 21, 28, 30, 36, 37, 38, 41, 42, 43, 47]]
[849, [1, 2, 3, 5, 6, 8, 9, 10, 15, 16, 21, 28, 30, 36, 37, 38, 41, 42, 43, 47]]
[850, [1, 2, 3, 5, 6, 8, 9, 10, 15, 16, 21, 28, 30, 36, 37, 38, 41, 42, 43, 47]]
[851, [1, 2, 3, 5, 6, 8, 9, 10, 15, 16, 21, 28, 30, 36, 37, 38, 41, 42, 43, 47]]
[856, [3, 15, 32, 36, 37, 38, 41, 43, 47]]
[857, [3, 15, 32, 36, 37, 38, 41, 43, 47]]
[858, [3, 15, 32, 36, 37, 38, 41, 43, 47]]
[859, [3, 15, 32, 36, 37, 38, 41, 43, 47]]
[860, [1, 2, 3, 4, 5, 6, 7, 8, 9, 10, 11, 12, 15, 16, 20, 21, 23, 24, 25, 26, 27, 28, 30, 31, 32, 36, 37, 38, 41, 42, 43, 47]]
[861, [1, 2, 3, 4, 5, 6, 7, 8, 9, 10, 11, 12, 15, 16, 20, 21, 23, 24, 25, 26, 27, 28, 30, 31, 32, 36, 37, 38, 41, 42, 43, 47]]
[862, [1, 2, 3, 4, 5, 6, 7, 8, 9, 10, 11, 12, 15, 16, 20, 21, 23, 24, 25, 26, 27, 28, 30, 31, 32, 36, 37, 38, 41, 42, 43, 47]]
[863, [1, 2, 3, 4, 5, 6, 7, 8, 9, 10, 11, 12, 15, 16, 20, 21, 23, 24, 25, 26, 27, 28, 30, 31, 32, 36, 37, 38, 41, 42, 43, 47]]
[888, [41]]
[889, [41]]
[890, [41]]
[891, [41]]
[892, [41]]
[893, [41]]
[894, [41]]
[895, [41]]
[896, [41]]
[897, [41]]
[898, [41]]
[899, [41]]
[900, [41]]
[901, [41]]
[902, [41]]
[903, [41]]
[904, [41]]
[905, [41]]
[906, [41]]
[907, [41]]
[908, [41]]
[909, [41]]
[910, [41]]
[911, [41]]
[912, [41]]
[913, [41]]
[914, [41]]
[915, [41]]
[916, [5, 9, 30, 41]]
[917, [5, 9, 30, 41]]
[918, [5, 9, 30, 41]]
[919, [5, 9, 30, 41]]
[920, [5, 9, 30, 41]]
[921, [5, 9, 30, 41]]
[922, [5, 9, 30, 41]]
[923, [5, 9, 30, 41]]
[924, [41]]
[925, [41]]
[926, [41]]
[927, [41]]
[928, [5, 6, 9, 30, 41]]
[929, [5, 6, 9, 30, 41]]
[930, [5, 6, 9, 30, 41]]
[931, [5, 6, 9, 30, 41]]
[932, [5, 6, 9, 13, 30, 41]]
[933, [5, 6, 9, 13, 30, 41]]
[934, [5, 6, 9, 13, 30, 41]]
[935, [5, 6, 9, 13, 30, 41]]
[936, [41]]
[937, [41]]
[938, [41]]
[939, [41]]
[940, [5, 6, 8, 9, 30, 41, 42]]
[941, [5, 6, 8, 9, 30, 41, 42]]
[942, [5, 6, 8, 9, 30, 41, 42]]
[943, [5, 6, 8, 9, 30, 41, 42]]
[944, [0, 5, 6, 8, 9, 13, 30, 41, 42]]
[945, [0, 5, 6, 8, 9, 13, 30, 41, 42]]
[946, [0, 5, 6, 8, 9, 13, 30, 41, 42]]
[947, [0, 5, 6, 8, 9, 13, 30, 41, 42]]
[948, [41]]
[949, [41]]
[950, [41]]
[951, [41]]
[952, [5, 6, 8, 9, 30, 31, 41, 42]]
[953, [5, 6, 8, 9, 30, 31, 41, 42]]
[954, [5, 6, 8, 9, 30, 31, 41, 42]]
[955, [5, 6, 8, 9, 30, 31, 41, 42]]
[956, [0, 5, 6, 8, 9, 13, 19, 22, 30, 31, 41, 42]]
[957, [0, 5, 6, 8, 9, 13, 19, 22, 30, 31, 41, 42]]
[958, [0, 5, 6, 8, 9, 13, 19, 22, 30, 31, 41, 42]]
[959, [0, 5, 6, 8, 9, 13, 19, 22, 30, 31, 41, 42]]
[1004, [39]]
[1005, [39]]
[1006, [39]]
[1007, [39]]
[1016, [39, 49]]
[1017, [39, 49]]
[1018, [39, 49]]
[1019, [39, 49]]
[1028, [39, 40, 49]]
[1029, [39, 40, 49]]
[1030, [39, 40, 49]]
[1031, [39, 40, 49]]
[1036, [44]]
[1037, [44]]
[1038, [44]]
[1039, [44]]
[1040, [39, 40, 44, 49]]
[1041, [39, 40, 44, 49]]
[1042, [39, 40, 44, 49]]
[1043, [39, 40, 44, 49]]
[1048, [44]]
[1049, [44]]
[1050, [44]]
[1051, [44]]
[1052, [39, 40, 44, 49]]
[1053, [39, 40, 44, 49]]
[1054, [39, 40, 44, 49]]
[1055, [39, 40, 44, 49]]
[1096, [39]]
[1097, [39]]
[1098, [39]]
[1099, [39]]
[1100, [39, 45, 46]]
[1101, [39, 45, 46]]
[1102, [39, 45, 46]]
[1103, [39, 45, 46]]
[1108, [39, 49]]
[1109, [39, 49]]
[1110, [39, 49]]
[1111, [39, 49]]
[1112, [34, 39, 45, 46, 49]]
[1113, [34, 39, 45, 46, 49]]
[1114, [34, 39, 45, 46, 49]]
[1115, [34, 39, 45, 46, 49]]
[1120, [39, 40, 49]]
[1121, [39, 40, 49]]
[1122, [39, 40, 49]]
[1123, [39, 40, 49]]
[1124, [34, 39, 40, 45, 46, 49]]
[1125, [34, 39, 40, 45, 46, 49]]
[1126, [34, 39, 40, 45, 46, 49]]
[1127, [34, 39, 40, 45, 46, 49]]
[1132, [39, 40, 49]]
[1133, [39, 40, 49]]
[1134, [39, 40, 49]]
[1135, [39, 40, 49]]
[1136, [34, 39, 40, 45, 46, 49]]
[1137, [34, 39, 40, 45, 46, 49]]
[1138, [34, 39, 40, 45, 46, 49]]
[1139, [34, 39, 40, 45, 46, 49]]
[1144, [39, 40, 49]]
[1145, [39, 40, 49]]
[1146, [39, 40, 49]]
[1147, [39, 40, 49]]
[1148, [34, 39, 40, 45, 46, 49]]
[1149, [34, 39, 40, 45, 46, 49]]
[1150, [34, 39, 40, 45, 46, 49]]
[1151, [34, 39, 40, 45, 46, 49]]
[1172, [41]]
[1173, [41]]
[1174, [41]]
[1175, [41]]
[1184, [41]]
[1185, [41]]
[1186, [41]]
[1187, [41]]
[1192, [45, 46]]
[1193, [45, 46]]
[1194, [45, 46]]
[1195, [45, 46]]
[1196, [41, 45, 46]]
[1197, [41, 45, 46]]
[1198, [41, 45, 46]]
[1199, [41, 45, 46]]
[1204, [34, 45, 46]]
[1205, [34, 45, 46]]
[1206, [34, 45, 46]]
[1207, [34, 45, 46]]
[1208, [15, 34, 36, 41, 45, 46, 47]]
[1209, [15, 34, 36, 41, 45, 46, 47]]
[1210, [15, 34, 36, 41, 45, 46, 47]]
[1211, [15, 34, 36, 41, 45, 46, 47]]
[1216, [34, 45, 46]]
[1217, [34, 45, 46]]
[1218, [34, 45, 46]]
[1219, [34, 45, 46]]
[1220, [3, 15, 34, 36, 37, 38, 41, 43, 45, 46, 47]]
[1221, [3, 15, 34, 36, 37, 38, 41, 43, 45, 46, 47]]
[1222, [3, 15, 34, 36, 37, 38, 41, 43, 45, 46, 47]]
[1223, [3, 15, 34, 36, 37, 38, 41, 43, 45, 46, 47]]
[1228, [34, 45, 46]]
[1229, [34, 45, 46]]
[1230, [34, 45, 46]]
[1231, [34, 45, 46]]
[1232, [3, 15, 32, 34, 36, 37, 38, 41, 43, 45, 46, 47]]
[1233, [3, 15, 32, 34, 36, 37, 38, 41, 43, 45, 46, 47]]
[1234, [3, 15, 32, 34, 36, 37, 38, 41, 43, 45, 46, 47]]
[1235, [3, 15, 32, 34, 36, 37, 38, 41, 43, 45, 46, 47]]
[1240, [34, 45, 46]]
[1241, [34, 45, 46]]
[1242, [34, 45, 46]]
[1243, [34, 45, 46]]
[1244, [3, 15, 32, 34, 36, 37, 38, 41, 43, 45, 46, 47]]
[1245, [3, 15, 32, 34, 36, 37, 38, 41, 43, 45, 46, 47]]
[1246, [3, 15, 32, 34, 36, 37, 38, 41, 43, 45, 46, 47]]
[1247, [3, 15, 32, 34, 36, 37, 38, 41, 43, 45, 46, 47]]
[1264, [41]]
[1265, [41]]
[1266, [41]]
[1267, [41]]
[1268, [41]]
[1269, [41]]
[1270, [41]]
[1271, [41]]
[1276, [41]]
[1277, [41]]
[1278, [41]]
[1279, [41]]
[1280, [41]]
[1281, [41]]
[1282, [41]]
[1283, [41]]
[1288, [41]]
[1289, [41]]
[1290, [41]]
[1291, [41]]
[1292, [5, 9, 30, 41]]
[1293, [5, 9, 30, 41]]
[1294, [5, 9, 30, 41]]
[1295, [5, 9, 30, 41]]
[1300, [15, 36, 41, 47]]
[1301, [15, 36, 41, 47]]
[1302, [15, 36, 41, 47]]
[1303, [15, 36, 41, 47]]
[1304, [5, 6, 9, 15, 30, 36, 41, 47]]
[1305, [5, 6, 9, 15, 30, 36, 41, 47]]
[1306, [5, 6, 9, 15, 30, 36, 41, 47]]
[1307, [5, 6, 9, 15, 30, 36, 41, 47]]
[1312, [3, 15, 36, 37, 38, 41, 43, 47]]
[1313, [3, 15, 36, 37, 38, 41, 43, 47]]
[1314, [3, 15, 36, 37, 38, 41, 43, 47]]
[1315, [3, 15, 36, 37, 38, 41, 43, 47]]
[1316, [1, 3, 5, 6, 8, 9, 15, 30, 36, 37, 38, 41, 42, 43, 47]]
[1317, [1, 3, 5, 6, 8, 9, 15, 30, 36, 37, 38, 41, 42, 43, 47]]
[1318, [1, 3, 5, 6, 8, 9, 15, 30, 36, 37, 38, 41, 42, 43, 47]]
[1319, [1, 3, 5, 6, 8, 9, 15, 30, 36, 37, 38, 41, 42, 43, 47]]
[1324, [3, 15, 32, 36, 37, 38, 41, 43, 47]]
[1325, [3, 15, 32, 36, 37, 38, 41, 43, 47]]
[1326, [3, 15, 32, 36, 37, 38, 41, 43, 47]]
[1327, [3, 15, 32, 36, 37, 38, 41, 43, 47]]
[1328, [1, 3, 5, 6, 8, 9, 15, 24, 25, 30, 31, 32, 36, 37, 38, 41, 42, 43, 47]]
[1329, [1, 3, 5, 6, 8, 9, 15, 24, 25, 30, 31, 32, 36, 37, 38, 41, 42, 43, 47]]
[1330, [1, 3, 5, 6, 8, 9, 15, 24, 25, 30, 31, 32, 36, 37, 38, 41, 42, 43, 47]]
[1331, [1, 3, 5, 6, 8, 9, 15, 24, 25, 30, 31, 32, 36, 37, 38, 41, 42, 43, 47]]
[1336, [3, 15, 32, 36, 37, 38, 41, 43, 47]]
[1337, [3, 15, 32, 36, 37, 38, 41, 43, 47]]
[1338, [3, 15, 32, 36, 37, 38, 41, 43, 47]]
[1339, [3, 15, 32, 36, 37, 38, 41, 43, 47]]
[1340, [1, 3, 5, 6, 8, 9, 15, 24, 25, 30, 31, 32, 36, 37, 38, 41, 42, 43, 47]]
[1341, [1, 3, 5, 6, 8, 9, 15, 24, 25, 30, 31, 32, 36, 37, 38, 41, 42, 43, 47]]
[1342, [1, 3, 5, 6, 8, 9, 15, 24, 25, 30, 31, 32, 36, 37, 38, 41, 42, 43, 47]]
[1343, [1, 3, 5, 6, 8, 9, 15, 24, 25, 30, 31, 32, 36, 37, 38, 41, 42, 43, 47]]
[1356, [41]]
[1357, [41]]
[1358, [41]]
[1359, [41]]
[1360, [41]]
[1361, [41]]
[1362, [41]]
[1363, [41]]
[1364, [41]]
[1365, [41]]
[1366, [41]]
[1367, [41]]
[1368, [41]]
[1369, [41]]
[1370, [41]]
[1371, [41]]
[1372, [41]]
[1373, [41]]
[1374, [41]]
[1375, [41]]
[1376, [41]]
[1377, [41]]
[1378, [41]]
[1379, [41]]
[1380, [41]]
[1381, [41]]
[1382, [41]]
[1383, [41]]
[1384, [5, 9, 30, 41]]
[1385, [5, 9, 30, 41]]
[1386, [5, 9, 30, 41]]
[1387, [5, 9, 30, 41]]
[1388, [5, 9, 30, 41]]
[1389, [5, 9, 30, 41]]
[1390, [5, 9, 30, 41]]
[1391, [5, 9, 30, 41]]
[1392, [41]]
[1393, [41]]
[1394, [41]]
[1395, [41]]
[1396, [5, 6, 9, 30, 41]]
[1397, [5, 6, 9, 30, 41]]
[1398, [5, 6, 9, 30, 41]]
[1399, [5, 6, 9, 30, 41]]
[1400, [5, 6, 9, 30, 41]]
[1401, [5, 6, 9, 30, 41]]
[1402, [5, 6, 9, 30, 41]]
[1403, [5, 6, 9, 30, 41]]
[1404, [41]]
[1405, [41]]
[1406, [41]]
[1407, [41]]
[1408, [5, 6, 8, 9, 30, 41, 42]]
[1409, [5, 6, 8, 9, 30, 41, 42]]
[1410, [5, 6, 8, 9, 30, 41, 42]]
[1411, [5, 6, 8, 9, 30, 41, 42]]
[1412, [5, 6, 8, 9, 30, 41, 42]]
[1413, [5, 6, 8, 9, 30, 41, 42]]
[1414, [5, 6, 8, 9, 30, 41, 42]]
[1415, [5, 6, 8, 9, 30, 41, 42]]
[1416, [41]]
[1417, [41]]
[1418, [41]]
[1419, [41]]
[1420, [5, 6, 8, 9, 30, 31, 41, 42]]
[1421, [5, 6, 8, 9, 30, 31, 41, 42]]
[1422, [5, 6, 8, 9, 30, 31, 41, 42]]
[1423, [5, 6, 8, 9, 30, 31, 41, 42]]
[1424, [5, 6, 8, 9, 19, 22, 30, 31, 41, 42]]
[1425, [5, 6, 8, 9, 19, 22, 30, 31, 41, 42]]
[1426, [5, 6, 8, 9, 19, 22, 30, 31, 41, 42]]
[1427, [5, 6, 8, 9, 19, 22, 30, 31, 41, 42]]
[1428, [41]]
[1429, [41]]
[1430, [41]]
[1431, [41]]
[1432, [5, 6, 8, 9, 30, 31, 41, 42]]
[1433, [5, 6, 8, 9, 30, 31, 41, 42]]
[1434, [5, 6, 8, 9, 30, 31, 41, 42]]
[1435, [5, 6, 8, 9, 30, 31, 41, 42]]
[1436, [5, 6, 8, 9, 19, 22, 30, 31, 41, 42]]
[1437, [5, 6, 8, 9, 19, 22, 30, 31, 41, 42]]
[1438, [5, 6, 8, 9, 19, 22, 30, 31, 41, 42]]
[1439, [5, 6, 8, 9, 19, 22, 30, 31, 41, 42]]
[1484, [49]]
[1485, [49]]
[1486, [49]]
[1487, [49]]
[1496, [40, 49]]
[1497, [40, 49]]
[1498, [40, 49]]
[1499, [40, 49]]
[1504, [44]]
[1505, [44]]
[1506, [44]]
[1507, [44]]
[1508, [40, 44, 49]]
[1509, [40, 44, 49]]
[1510, [40, 44, 49]]
[1511, [40, 44, 49]]
[1516, [44]]
[1517, [44]]
[1518, [44]]
[1519, [44]]
[1520, [40, 44, 49]]
[1521, [40, 44, 49]]
[1522, [40, 44, 49]]
[1523, [40, 44, 49]]
[1528, [44]]
[1529, [44]]
[1530, [44]]
[1531, [44]]
[1532, [40, 44, 49]]
[1533, [40, 44, 49]]
[1534, [40, 44, 49]]
[1535, [40, 44, 49]]
[1576, [49]]
[1577, [49]]
[1578, [49]]
[1579, [49]]
[1580, [34, 49]]
[1581, [34, 49]]
[1582, [34, 49]]
[1583, [34, 49]]
[1588, [40, 49]]
[1589, [40, 49]]
[1590, [40, 49]]
[1591, [40, 49]]
[1592, [34, 40, 49]]
[1593, [34, 40, 49]]
[1594, [34, 40, 49]]
[1595, [34, 40, 49]]
[1600, [40, 49]]
[1601, [40, 49]]
[1602, [40, 49]]
[1603, [40, 49]]
[1604, [34, 40, 49]]
[1605, [34, 40, 49]]
[1606, [34, 40, 49]]
[1607, [34, 40, 49]]
[1612, [40, 49]]
[1613, [40, 49]]
[1614, [40, 49]]
[1615, [40, 49]]
[1616, [34, 40, 49]]
[1617, [34, 40, 49]]
[1618, [34, 40, 49]]
[1619, [34, 40, 49]]
[1624, [40, 49]]
[1625, [40, 49]]
[1626, [40, 49]]
[1627, [40, 49]]
[1628, [34, 40, 49]]
[1629, [34, 40, 49]]
[1630, [34, 40, 49]]
[1631, [34, 40, 49]]
[1640, [41]]
[1641, [41]]
[1642, [41]]
[1643, [41]]
[1652, [41]]
[1653, [41]]
[1654, [41]]
[1655, [41]]
[1664, [41]]
[1665, [41]]
[1666, [41]]
[1667, [41]]
[1672, [34]]
[1673, [34]]
[1674, [34]]
[1675, [34]]
[1676, [34, 36, 41]]
[1677, [34, 36, 41]]
[1678, [34, 36, 41]]
[1679, [34, 36, 41]]
[1684, [34]]
[1685, [34]]
[1686, [34]]
[1687, [34]]
[1688, [3, 34, 36, 37, 38, 41, 43]]
[1689, [3, 34, 36, 37, 38, 41, 43]]
[1690, [3, 34, 36, 37, 38, 41, 43]]
[1691, [3, 34, 36, 37, 38, 41, 43]]
[1696, [34]]
[1697, [34]]
[1698, [34]]
[1699, [34]]
[1700, [3, 32, 34, 36, 37, 38, 41, 43]]
[1701, [3, 32, 34, 36, 37, 38, 41, 43]]
[1702, [3, 32, 34, 36, 37, 38, 41, 43]]
[1703, [3, 32, 34, 36, 37, 38, 41, 43]]
[1708, [34]]
[1709, [34]]
[1710, [34]]
[1711, [34]]
[1712, [3, 32, 34, 36, 37, 38, 41, 43]]
[1713, [3, 32, 34, 36, 37, 38, 41, 43]]
[1714, [3, 32, 34, 36, 37, 38, 41, 43]]
[1715, [3, 32, 34, 36, 37, 38, 41, 43]]
[1720, [34]]
[1721, [34]]
[1722, [34]]
[1723, [34]]
[1724, [3, 32, 34, 36, 37, 38, 41, 43]]
[1725, [3, 32, 34, 36, 37, 38, 41, 43]]
[1726, [3, 32, 34, 36, 37, 38, 41, 43]]
[1727, [3, 32, 34, 36, 37, 38, 41, 43]]
[1732, [41]]
[1733, [41]]
[1734, [41]]
[1735, [41]]
[1736, [41]]
[1737, [41]]
[1738, [41]]
[1739, [41]]
[1744, [41]]
[1745, [41]]
[1746, [41]]
[1747, [41]]
[1748, [41]]
[1749, [41]]
[1750, [41]]
[1751, [41]]
[1756, [41]]
[1757, [41]]
[1758, [41]]
[1759, [41]]
[1760, [41]]
[1761, [41]]
[1762, [41]]
[1763, [41]]
[1768, [36, 41]]
[1769, [36, 41]]
[1770, [36, 41]]
[1771, [36, 41]]
[1772, [36, 41]]
[1773, [36, 41]]
[1774, [36, 41]]
[1775, [36, 41]]
[1780, [3, 36, 37, 38, 41, 43]]
[1781, [3, 36, 37, 38, 41, 43]]
[1782, [3, 36, 37, 38, 41, 43]]
[1783, [3, 36, 37, 38, 41, 43]]
[1784, [3, 36, 37, 38, 41, 42, 43]]
[1785, [3, 36, 37, 38, 41, 42, 43]]
[1786, [3, 36, 37, 38, 41, 42, 43]]
[1787, [3, 36, 37, 38, 41, 42, 43]]
[1792, [3, 32, 36, 37, 38, 41, 43]]
[1793, [3, 32, 36, 37, 38, 41, 43]]
[1794, [3, 32, 36, 37, 38, 41, 43]]
[1795, [3, 32, 36, 37, 38, 41, 43]]
[1796, [3, 31, 32, 36, 37, 38, 41, 42, 43]]
[1797, [3, 31, 32, 36, 37, 38, 41, 42, 43]]
[1798, [3, 31, 32, 36, 37, 38, 41, 42, 43]]
[1799, [3, 31, 32, 36, 37, 38, 41, 42, 43]]
[1804, [3, 32, 36, 37, 38, 41, 43]]
[1805, [3, 32, 36, 37, 38, 41, 43]]
[1806, [3, 32, 36, 37, 38, 41, 43]]
[1807, [3, 32, 36, 37, 38, 41, 43]]
[1808, [3, 31, 32, 36, 37, 38, 41, 42, 43]]
[1809, [3, 31, 32, 36, 37, 38, 41, 42, 43]]
[1810, [3, 31, 32, 36, 37, 38, 41, 42, 43]]
[1811, [3, 31, 32, 36, 37, 38, 41, 42, 43]]
[1816, [3, 32, 36, 37, 38, 41, 43]]
[1817, [3, 32, 36, 37, 38, 41, 43]]
[1818, [3, 32, 36, 37, 38, 41, 43]]
[1819, [3, 32, 36, 37, 38, 41, 43]]
[1820, [3, 31, 32, 36, 37, 38, 41, 42, 43]]
[1821, [3, 31, 32, 36, 37, 38, 41, 42, 43]]
[1822, [3, 31, 32, 36, 37, 38, 41, 42, 43]]
[1823, [3, 31, 32, 36, 37, 38, 41, 42, 43]]
[1824, [41]]
[1825, [41]]
[1826, [41]]
[1827, [41]]
[1828, [41]]
[1829, [41]]
[1830, [41]]
[1831, [41]]
[1832, [41]]
[1833, [41]]
[1834, [41]]
[1835, [41]]
[1836, [41]]
[1837, [41]]
[1838, [41]]
[1839, [41]]
[1840, [41]]
[1841, [41]]
[1842, [41]]
[1843, [41]]
[1844, [41]]
[1845, [41]]
[1846, [41]]
[1847, [41]]
[1848, [41]]
[1849, [41]]
[1850, [41]]
[1851, [41]]
[1852, [41]]
[1853, [41]]
[1854, [41]]
[1855, [41]]
[1856, [41]]
[1857, [41]]
[1858, [41]]
[1859, [41]]
[1860, [41]]
[1861, [41]]
[1862, [41]]
[1863, [41]]
[1864, [41]]
[1865, [41]]
[1866, [41]]
[1867, [41]]
[1868, [41]]
[1869, [41]]
[1870, [41]]
[1871, [41]]
[1872, [41]]
[1873, [41]]
[1874, [41]]
[1875, [41]]
[1876, [41, 42]]
[1877, [41, 42]]
[1878, [41, 42]]
[1879, [41, 42]]
[1880, [41, 42]]
[1881, [41, 42]]
[1882, [41, 42]]
[1883, [41, 42]]
[1884, [41]]
[1885, [41]]
[1886, [41]]
[1887, [41]]
[1888, [31, 41, 42]]
[1889, [31, 41, 42]]
[1890, [31, 41, 42]]
[1891, [31, 41, 42]]
[1892, [31, 41, 42]]
[1893, [31, 41, 42]]
[1894, [31, 41, 42]]
[1895, [31, 41, 42]]
[1896, [41]]
[1897, [41]]
[1898, [41]]
[1899, [41]]
[1900, [31, 41, 42]]
[1901, [31, 41, 42]]
[1902, [31, 41, 42]]
[1903, [31, 41, 42]]
[1904, [31, 41, 42]]
[1905, [31, 41, 42]]
[1906, [31, 41, 42]]
[1907, [31, 41, 42]]
[1908, [41]]
[1909, [41]]
[1910, [41]]
[1911, [41]]
[1912, [31, 41, 42]]
[1913, [31, 41, 42]]
[1914, [31, 41, 42]]
[1915, [31, 41, 42]]
[1916, [31, 41, 42]]
[1917, [31, 41, 42]]
[1918, [31, 41, 42]]
[1919, [31, 41, 42]]
[1972, [44]]
[1973, [44]]
[1974, [44]]
[1975, [44]]
[1976, [44]]
[1977, [44]]
[1978, [44]]
[1979, [44]]
[1984, [44]]
[1985, [44]]
[1986, [44]]
[1987, [44]]
[1988, [44]]
[1989, [44]]
[1990, [44]]
[1991, [44]]
[1996, [44]]
[1997, [44]]
[1998, [44]]
[1999, [44]]
[2000, [44]]
[2001, [44]]
[2002, [44]]
[2003, [44]]
[2008, [44]]
[2009, [44]]
[2010, [44]]
[2011, [44]]
[2012, [44]]
[2013, [44]]
[2014, [44]]
[2015, [44]]
[2168, [32]]
[2169, [32]]
[2170, [32]]
[2171, [32]]
[2180, [32]]
[2181, [32]]
[2182, [32]]
[2183, [32]]
[2192, [32]]
[2193, [32]]
[2194, [32]]
[2195, [32]]
[2204, [32]]
[2205, [32]]
[2206, [32]]
[2207, [32]]
[2260, [32]]
[2261, [32]]
[2262, [32]]
[2263, [32]]
[2264, [31, 32]]
[2265, [31, 32]]
[2266, [31, 32]]
[2267, [31, 32]]
[2272, [32]]
[2273, [32]]
[2274, [32]]
[2275, [32]]
[2276, [31, 32]]
[2277, [31, 32]]
[2278, [31, 32]]
[2279, [31, 32]]
[2284, [32]]
[2285, [32]]
[2286, [32]]
[2287, [32]]
[2288, [31, 32]]
[2289, [31, 32]]
[2290, [31, 32]]
[2291, [31, 32]]
[2296, [32]]
[2297, [32]]
[2298, [32]]
[2299, [32]]
[2300, [31, 32]]
[2301, [31, 32]]
[2302, [31, 32]]
[2303, [31, 32]]
[2356, [31]]
[2357, [31]]
[2358, [31]]
[2359, [31]]
[2360, [31]]
[2361, [31]]
[2362, [31]]
[2363, [31]]
[2368, [31]]
[2369, [31]]
[2370, [31]]
[2371, [31]]
[2372, [31]]
[2373, [31]]
[2374, [31]]
[2375, [31]]
[2380, [31]]
[2381, [31]]
[2382, [31]]
[2383, [31]]
[2384, [31]]
[2385, [31]]
[2386, [31]]
[2387, [31]]
[2392, [31]]
[2393, [31]]
[2394, [31]]
[2395, [31]]
[2396, [31]]
[2397, [31]]
[2398, [31]]
[2399, [31]]
[2440, [44]]
[2441, [44]]
[2442, [44]]
[2443, [44]]
[2444, [44]]
[2445, [44]]
[2446, [44]]
[2447, [44]]
[2452, [44]]
[2453, [44]]
[2454, [44]]
[2455, [44]]
[2456, [44]]
[2457, [44]]
[2458, [44]]
[2459, [44]]
[2464, [44]]
[2465, [44]]
[2466, [44]]
[2467, [44]]
[2468, [44]]
[2469, [44]]
[2470, [44]]
[2471, [44]]
[2476, [44]]
[2477, [44]]
[2478, [44]]
[2479, [44]]
[2480, [44]]
[2481, [44]]
[2482, [44]]
[2483, [44]]
[2488, [44]]
[2489, [44]]
[2490, [44]]
[2491, [44]]
[2492, [44]]
[2493, [44]]
[2494, [44]]
[2495, [44]]
[2636, [32]]
[2637, [32]]
[2638, [32]]
[2639, [32]]
[2648, [32]]
[2649, [32]]
[2650, [32]]
[2651, [32]]
[2660, [32]]
[2661, [32]]
[2662, [32]]
[2663, [32]]
[2672, [32]]
[2673, [32]]
[2674, [32]]
[2675, [32]]
[2684, [32]]
[2685, [32]]
[2686, [32]]
[2687, [32]]
[2728, [32]]
[2729, [32]]
[2730, [32]]
[2731, [32]]
[2732, [31, 32]]
[2733, [31, 32]]
[2734, [31, 32]]
[2735, [31, 32]]
[2740, [32]]
[2741, [32]]
[2742, [32]]
[2743, [32]]
[2744, [31, 32]]
[2745, [31, 32]]
[2746, [31, 32]]
[2747, [31, 32]]
[2752, [32]]
[2753, [32]]
[2754, [32]]
[2755, [32]]
[2756, [31, 32]]
[2757, [31, 32]]
[2758, [31, 32]]
[2759, [31, 32]]
[2764, [32]]
[2765, [32]]
[2766, [32]]
[2767, [32]]
[2768, [31, 32]]
[2769, [31, 32]]
[2770, [31, 32]]
[2771, [31, 32]]
[2776, [32]]
[2777, [32]]
[2778, [32]]
[2779, [32]]
[2780, [31, 32]]
[2781, [31, 32]]
[2782, [31, 32]]
[2783, [31, 32]]
[2824, [31]]
[2825, [31]]
[2826, [31]]
[2827, [31]]
[2828, [31]]
[2829, [31]]
[2830, [31]]
[2831, [31]]
[2836, [31]]
[2837, [31]]
[2838, [31]]
[2839, [31]]
[2840, [31]]
[2841, [31]]
[2842, [31]]
[2843, [31]]
[2848, [31]]
[2849, [31]]
[2850, [31]]
[2851, [31]]
[2852, [31]]
[2853, [31]]
[2854, [31]]
[2855, [31]]
[2860, [31]]
[2861, [31]]
[2862, [31]]
[2863, [31]]
[2864, [31]]
[2865, [31]]
[2866, [31]]
[2867, [31]]
[2872, [31]]
[2873, [31]]
[2874, [31]]
[2875, [31]]
[2876, [31]]
[2877, [31]]
[2878, [31]]
[2879, [31]]
