[422, 0]
[434, 0]
[438, 0]
[538, 0]
[630, 0]
[890, 0]
[1006, 0]
[1098, 0]
[1674, 0]
[1686, 0]
[1826, 0]
[330, 1.5712867829615012e-11]
[334, 1.5718290590113237e-11]
[342, 1.5723717094858024e-11]
[346, 1.5729147347729778e-11]
[354, 1.5734581352613665e-11]
[426, 1.5740019113396297e-11]
[446, 1.5745460633978877e-11]
[458, 1.5750905918256942e-11]
[798, 1.5756354970139974e-11]
[802, 1.5761807793534823e-11]
[810, 1.576726439236368e-11]
[814, 1.5772724770545e-11]
[894, 1.5778188932010094e-11]
[898, 1.5783656880690177e-11]
[902, 1.5789128620524912e-11]
[906, 1.579460415545967e-11]
[910, 1.5800083489443016e-11]
[914, 1.5805566626428e-11]
[1278, 1.581105357037723e-11]
[1282, 1.581654432525555e-11]
[1358, 1.58220388950374e-11]
[1362, 1.5827537283697316e-11]
[1370, 1.5833039495219076e-11]
[1374, 1.583854553359035e-11]
[1378, 1.5844055402806035e-11]
[1698, 1.5849569106865304e-11]
[1710, 1.5855086649772574e-11]
[1722, 1.5860608035537598e-11]
[1830, 1.5866133268177984e-11]
[1854, 1.587166235171454e-11]
[1858, 1.587719529017613e-11]
[238, 6.353115675317795e-11]
[430, 6.35530909139527e-11]
[442, 6.357504022546116e-11]
[470, 6.359700470341711e-11]
[706, 6.361898436352666e-11]
[822, 6.36409792215424e-11]
[926, 6.366298929324926e-11]
[950, 6.368501459442038e-11]
[1186, 6.370705514086221e-11]
[1266, 6.372911094842049e-11]
[1270, 6.375118203295421e-11]
[1290, 6.377326841032823e-11]
[1382, 6.379537009645207e-11]
[1394, 6.381748710725143e-11]
[1666, 6.383961945864933e-11]
[1734, 6.386176716664008e-11]
[1738, 6.388393024718694e-11]
[1746, 6.390610871631949e-11]
[1750, 6.392830259006842e-11]
[1758, 6.39505118844746e-11]
[1762, 6.397273661562126e-11]
[1834, 6.399497679962045e-11]
[1838, 6.40172324525815e-11]
[1842, 6.403950359064058e-11]
[1846, 6.406179022998199e-11]
[938, 1.4418973076475074e-10]
[1174, 1.442394224974161e-10]
[1406, 1.4428914849194814e-10]
[1430, 1.4433890878383568e-10]
[1642, 1.4438870340855038e-10]
[1654, 1.4443853240162253e-10]
[1850, 1.4448839579869383e-10]
[1862, 1.445382936353529e-10]
[1866, 1.4458822594732055e-10]
[1418, 2.571355003134421e-10]
[1870, 2.5722345593937903e-10]
[1874, 2.573114717575236e-10]
[1886, 2.573995478297872e-10]
[1898, 2.574876842179789e-10]
[1910, 2.5757588098409435e-10]
[1607, 2.800597463310239e-10]
[1619, 2.801399469230517e-10]
[1631, 2.8022019346188824e-10]
[629, 5.802468933341427e-10]
[1097, 5.804417147625506e-10]
[1366, 5.806366670584824e-10]
[1603, 6.052854467160031e-10]
[1583, 8.240696551805581e-10]
[1615, 8.242725196002025e-10]
[1595, 1.4224689267871467e-09]
[1591, 1.686362703372718e-09]
[562, 5.585459479922541e-09]
[1134, 5.587434925070297e-09]
[1146, 5.589411768001748e-09]
[1206, 5.5913900101996685e-09]
[1678, 5.593369653150579e-09]
[1126, 5.682064702122006e-09]
[654, 6.284763055895769e-09]
[666, 6.286978696706291e-09]
[1122, 6.28919590022107e-09]
[1198, 6.291414668095306e-09]
[1218, 6.293635001984498e-09]
[1594, 6.295856903548253e-09]
[1230, 7.760589316103199e-09]
[1242, 7.763284186107754e-09]
[1101, 8.571932072165302e-09]
[1113, 8.78676074445339e-09]
[1114, 8.7892724015534e-09]
[1125, 8.923836342823708e-09]
[665, 9.415431367562639e-09]
[1617, 9.433696821173648e-09]
[1629, 9.43693192235262e-09]
[646, 1.0096626041189056e-08]
[1018, 1.0167604620254626e-08]
[1110, 1.017138637835429e-08]
[653, 1.0324754858356043e-08]
[642, 1.108879492148856e-08]
[670, 1.2039017737721542e-08]
[162, 1.2043039294057397e-08]
[250, 1.2047464750125422e-08]
[718, 1.2051893459666301e-08]
[186, 1.2148445589423527e-08]
[70, 1.3083901465313088e-08]
[1582, 1.3088693079043742e-08]
[1590, 1.4134267221931364e-08]
[641, 1.6385073399383123e-08]
[2358, 4.4187498253066e-06]
[2362, 4.418750122813367e-06]
[1673, 4.419983577360984e-06]
[1685, 4.419984251617403e-06]
[1579, 4.420375997347122e-06]
[1697, 4.4203763411198184e-06]
[1709, 4.4203771312217806e-06]
[1721, 4.420377921817235e-06]
[2262, 4.4208035481547875e-06]
[69, 4.511401321048632e-06]
[1627, 4.511402166545155e-06]
[1499, 4.513455662931182e-06]
[1194, 4.514539884348634e-06]
[1770, 4.516487262959446e-06]
[1774, 4.516489196995934e-06]
[1878, 4.522492626701274e-06]
[1882, 4.522503028517262e-06]
[1109, 4.524599390404339e-06]
[161, 4.526890913306057e-06]
[1589, 4.528125671201266e-06]
[1601, 4.528133483284158e-06]
[1613, 4.528143015639542e-06]
[1625, 4.528149500348476e-06]
[1135, 4.607774758724995e-06]
[667, 4.608165034843964e-06]
[1102, 4.610103990365863e-06]
[1121, 4.61484421896606e-06]
[1133, 4.6148473028776855e-06]
[1145, 4.614850388902173e-06]
[1605, 4.614853477041697e-06]
[1147, 4.61573092534376e-06]
[1217, 4.618679792184296e-06]
[726, 4.722681243496969e-06]
[730, 4.821714140911656e-06]
[750, 4.821721476349527e-06]
[762, 4.822791117044836e-06]
[634, 4.8238655605770184e-06]
[281, 4.841492486871654e-06]
[749, 4.84337974535464e-06]
[761, 4.843391090514148e-06]
[1151, 4.925946061423116e-06]
[1137, 4.9274933402125305e-06]
[1138, 4.9274957410498025e-06]
[1149, 4.927498347240881e-06]
[658, 5.1617312049482815e-06]
[1319, 6.202431424075102e-06]
[2273, 8.83842249192682e-06]
[2285, 8.83842333640288e-06]
[2297, 8.838424181401305e-06]
[2741, 8.83842502692257e-06]
[2753, 8.838425872967161e-06]
[2765, 8.838426719535565e-06]
[2777, 8.838427566628283e-06]
[1193, 9.037415056196316e-06]
[1606, 9.212784787452223e-06]
[1618, 9.212785146312272e-06]
[1630, 9.212785505405125e-06]
[1030, 9.213793071965704e-06]
[1205, 9.222035166022703e-06]
[1123, 9.224015183742893e-06]
[1229, 9.225042981809459e-06]
[1241, 9.226136523388234e-06]
[258, 9.420782318567925e-06]
[1042, 9.42260474381406e-06]
[185, 9.431371249640555e-06]
[257, 9.44905080342162e-06]
[725, 9.44906458366435e-06]
[262, 9.627477673010134e-06]
[738, 9.629905225958598e-06]
[270, 9.630826740274557e-06]
[282, 9.631774788593751e-06]
[737, 9.647716237681942e-06]
[269, 9.649388032393045e-06]
[1150, 9.848692439554942e-06]
[1782, 9.851347143793206e-06]
[1136, 9.868319069084753e-06]
[1690, 1.0078432645766066e-05]
[1806, 1.010137269698859e-05]
[1818, 1.0101383619552408e-05]
[178, 1.0323122336976218e-05]
[1314, 1.0341904331102678e-05]
[190, 1.056964519508627e-05]
[2169, 1.3256469946225662e-05]
[2261, 1.325647084436379e-05]
[2729, 1.3256471743052102e-05]
[1487, 1.32574304151812e-05]
[1602, 1.3531476271203096e-05]
[1883, 1.3531853391882781e-05]
[71, 1.3532711594788443e-05]
[550, 1.3535558626902745e-05]
[2266, 1.3535563818264744e-05]
[1054, 1.4131188513430842e-05]
[1787, 1.5122261254495924e-05]
[1336, 1.58651367754506e-05]
[1326, 1.5866980678351853e-05]
[2637, 1.7674520667441244e-05]
[1614, 1.8041516126144636e-05]
[1626, 1.804151674285588e-05]
[1498, 1.804575373733796e-05]
[1331, 1.8392936800514887e-05]
[1522, 1.843371936605196e-05]
[1534, 1.843372284693212e-05]
[1907, 1.8440219774764163e-05]
[574, 1.884002726991801e-05]
[1804, 2.0159051275442847e-05]
[1435, 2.0629895730247816e-05]
[1799, 2.1133357250492446e-05]
[1426, 2.1662515648798407e-05]
[1425, 2.167212439371822e-05]
[155, 2.2090588480490565e-05]
[2181, 2.2092567873183398e-05]
[2193, 2.2092568875871524e-05]
[2205, 2.209256987916191e-05]
[2649, 2.20925738983566e-05]
[2661, 2.2092574904666338e-05]
[2673, 2.209257591158155e-05]
[2685, 2.209257691910281e-05]
[539, 2.209307286426228e-05]
[549, 2.2554019237786363e-05]
[1017, 2.2554019784334586e-05]
[1195, 2.255747575619592e-05]
[81, 2.3033391694418993e-05]
[189, 2.4070496002175054e-05]
[463, 2.4080328285321104e-05]
[863, 2.5569128996792115e-05]
[955, 2.5782290662496064e-05]
[623, 2.6508893806220715e-05]
[329, 2.650968573840809e-05]
[2838, 2.6510144411737528e-05]
[2446, 2.651062909593514e-05]
[2442, 2.6511169171999923e-05]
[1486, 2.651513676215405e-05]
[669, 2.7072118469653e-05]
[657, 2.707331391114891e-05]
[1219, 2.764011524552969e-05]
[1511, 2.764146847531513e-05]
[1207, 2.7642223254080398e-05]
[1243, 2.7643018368456285e-05]
[1691, 3.0221437845020895e-05]
[715, 3.0926874537647955e-05]
[247, 3.092726988023062e-05]
[341, 3.092769967449485e-05]
[1653, 3.092770084822852e-05]
[1733, 3.092770168279958e-05]
[1506, 3.092817554101724e-05]
[1209, 3.095232663694267e-05]
[668, 3.095469470723368e-05]
[251, 3.157122858827473e-05]
[719, 3.157122903435875e-05]
[1811, 3.16930149245193e-05]
[177, 3.22311829470654e-05]
[563, 3.224622096824185e-05]
[1053, 3.294807394282844e-05]
[93, 3.29488425368305e-05]
[767, 3.3519422622417e-05]
[1338, 3.4636675107972935e-05]
[383, 3.4878063674739364e-05]
[1234, 3.515318517561392e-05]
[2470, 3.534485524591857e-05]
[2482, 3.5344855879600515e-05]
[2494, 3.534485651366678e-05]
[2466, 3.534527209761945e-05]
[2478, 3.5345272850991795e-05]
[2490, 3.534527360481706e-05]
[1265, 3.534572340028972e-05]
[1277, 3.534572428094295e-05]
[1641, 3.534572604382322e-05]
[1745, 3.53457269260512e-05]
[1986, 3.5346222177568664e-05]
[1990, 3.53462242238058e-05]
[1998, 3.5346225247832976e-05]
[2002, 3.5346227297707196e-05]
[2010, 3.534622832355532e-05]
[2014, 3.534622935001153e-05]
[1975, 3.534676211215845e-05]
[2443, 3.534676256421903e-05]
[2454, 3.534676301638185e-05]
[2455, 3.534676419248403e-05]
[1578, 3.535156703874941e-05]
[645, 3.597322451648956e-05]
[2267, 3.6085133758141056e-05]
[2735, 3.608585679818884e-05]
[2747, 3.6085857489175264e-05]
[1497, 3.6086620047149576e-05]
[165, 3.609855217289761e-05]
[1510, 3.68499410746952e-05]
[1521, 3.685234296471202e-05]
[1533, 3.6852343590456175e-05]
[1902, 3.6864809051175804e-05]
[1914, 3.686481474371707e-05]
[766, 3.6949721529191146e-05]
[1823, 3.6969251062562393e-05]
[95, 3.765293093421947e-05]
[1438, 3.7896046678939296e-05]
[1328, 3.934442225382079e-05]
[1221, 3.93943405986505e-05]
[851, 3.970343354340346e-05]
[1048, 3.976375166750048e-05]
[1988, 3.9763754455349274e-05]
[2000, 3.9763757248151125e-05]
[2444, 3.9763761913863576e-05]
[1518, 3.9764271426862344e-05]
[1530, 3.976427250256963e-05]
[2456, 3.976427697766722e-05]
[1519, 3.976481952170961e-05]
[1528, 3.976540468345955e-05]
[1974, 3.9765406066138996e-05]
[1984, 3.976540744961622e-05]
[1996, 3.97654088338919e-05]
[2452, 3.976541021896675e-05]
[2440, 3.976603233608506e-05]
[275, 3.99139508516881e-05]
[1688, 4.029930818349985e-05]
[1235, 4.084175700090255e-05]
[1139, 4.100427338626133e-05]
[1127, 4.1006635496558155e-05]
[166, 4.101055815424743e-05]
[1231, 4.1457778690212937e-05]
[1509, 4.1459205586450205e-05]
[1246, 4.179473189666995e-05]
[573, 4.236147182415552e-05]
[1041, 4.2361474781598615e-05]
[846, 4.253835010296217e-05]
[633, 4.3310515687713415e-05]
[353, 4.4181279862745353e-05]
[797, 4.4181280696632085e-05]
[809, 4.4181281531011465e-05]
[821, 4.418128236588398e-05]
[1757, 4.4181786220539176e-05]
[1987, 4.4182315963860685e-05]
[1999, 4.418231638719497e-05]
[1504, 4.4182880270726826e-05]
[1038, 4.4183486279289114e-05]
[1577, 4.418715855688444e-05]
[754, 4.501764253716156e-05]
[2279, 4.510626562175029e-05]
[2291, 4.5106266326959873e-05]
[1769, 4.5130115563346446e-05]
[644, 4.534227681835606e-05]
[655, 4.606459975254704e-05]
[1535, 4.606460169612133e-05]
[365, 4.708852055818033e-05]
[176, 4.7695411228443235e-05]
[731, 4.812037538352441e-05]
[263, 4.8121613411302915e-05]
[237, 4.859881102664481e-05]
[1173, 4.859881547798639e-05]
[1665, 4.859980969741242e-05]
[2458, 4.860036426571541e-05]
[2842, 4.8600365439056005e-05]
[1050, 4.860094631733624e-05]
[620, 4.860158019152589e-05]
[712, 4.860158221333312e-05]
[1976, 4.8601582739256715e-05]
[2012, 4.8602246421244595e-05]
[2468, 4.8602248089839254e-05]
[2480, 4.860225033134376e-05]
[286, 4.8975923295599045e-05]
[1780, 4.9228738459879946e-05]
[551, 4.96156824057121e-05]
[2759, 4.9616488989413855e-05]
[2771, 4.961648970104018e-05]
[472, 5.035977252709975e-05]
[1100, 5.068157690442799e-05]
[164, 5.0855434494632005e-05]
[167, 5.086362204750292e-05]
[368, 5.1563180963045487e-05]
[356, 5.1779800566958496e-05]
[739, 5.292397111957629e-05]
[1398, 5.292682679770295e-05]
[635, 5.29355494802084e-05]
[1185, 5.3016809156800945e-05]
[1289, 5.301730328990006e-05]
[1051, 5.3018406135032756e-05]
[1507, 5.301840657312284e-05]
[2471, 5.301967054770496e-05]
[2483, 5.301967263027113e-05]
[1978, 5.302109843332738e-05]
[2008, 5.30211003508611e-05]
[2464, 5.302110289119581e-05]
[2476, 5.302110481119012e-05]
[1343, 5.330653466903864e-05]
[1124, 5.578259749107694e-05]
[1411, 5.6107603051570205e-05]
[1786, 5.611237623710132e-05]
[1414, 5.611698466137007e-05]
[448, 5.6485110138374934e-05]
[357, 5.649699436238164e-05]
[825, 5.649700145543863e-05]
[1293, 5.649700855245757e-05]
[833, 5.650214708956065e-05]
[952, 5.671981367107271e-05]
[1531, 5.743586542230862e-05]
[2826, 5.743586692790999e-05]
[1516, 5.743708704536641e-05]
[2827, 5.743848900178206e-05]
[2839, 5.743849137754101e-05]
[2263, 5.744087617643362e-05]
[271, 5.773397916717903e-05]
[460, 5.7736764495968596e-05]
[632, 5.7736769546323065e-05]
[260, 5.774984213428024e-05]
[1727, 5.799889691567718e-05]
[1714, 5.801080945313048e-05]
[1726, 5.801081778620268e-05]
[2303, 5.863869638506313e-05]
[727, 5.883504362606476e-05]
[834, 5.8837757857626555e-05]
[1677, 5.992136030266376e-05]
[860, 6.089516800068057e-05]
[1324, 6.103066620863838e-05]
[1220, 6.107849849710003e-05]
[943, 6.114357983101891e-05]
[475, 6.114609410685684e-05]
[452, 6.119041943241128e-05]
[1222, 6.158316966229155e-05]
[628, 6.185389943562206e-05]
[568, 6.185586071804513e-05]
[2459, 6.185661085262145e-05]
[1979, 6.185737680203197e-05]
[376, 6.186363286537496e-05]
[1112, 6.256455975441359e-05]
[1111, 6.314394522379068e-05]
[1703, 6.315363719866647e-05]
[1715, 6.315364132225882e-05]
[858, 6.395591103761497e-05]
[742, 6.395837689863332e-05]
[274, 6.395967626752711e-05]
[671, 6.443600121990581e-05]
[287, 6.444421168838734e-05]
[1890, 6.45008619423787e-05]
[957, 6.458295618515678e-05]
[2495, 6.627325179774213e-05]
[2447, 6.62739722288215e-05]
[1007, 6.627471932405773e-05]
[1991, 6.62747204829528e-05]
[2003, 6.627472106254344e-05]
[2371, 6.627552300370938e-05]
[2383, 6.627552362180931e-05]
[2731, 6.627725341933629e-05]
[2743, 6.627725410508763e-05]
[1340, 6.654189388667562e-05]
[753, 6.664478760737222e-05]
[1712, 6.702979788361521e-05]
[751, 6.735766167128813e-05]
[283, 6.735982649744908e-05]
[861, 6.842094281526329e-05]
[465, 6.889447144361918e-05]
[933, 6.889447496129207e-05]
[1330, 6.911687517739614e-05]
[1342, 6.911688066655461e-05]
[752, 7.022191001576256e-05]
[1247, 7.027510601708805e-05]
[536, 7.06893483407079e-05]
[2831, 7.069063439938302e-05]
[2843, 7.069063626638481e-05]
[1972, 7.069133318922688e-05]
[570, 7.069284099440573e-05]
[479, 7.159020834591395e-05]
[1210, 7.192852980803576e-05]
[1593, 7.216225906386456e-05]
[548, 7.21627823683264e-05]
[1016, 7.216278409253244e-05]
[640, 7.216348165916952e-05]
[928, 7.217325736262211e-05]
[748, 7.21732674049903e-05]
[836, 7.2174433613054e-05]
[1316, 7.21745791135687e-05]
[273, 7.218044138334165e-05]
[741, 7.218044856761205e-05]
[2746, 7.219069220354763e-05]
[94, 7.295161961917938e-05]
[259, 7.295589927761941e-05]
[366, 7.295590354426199e-05]
[919, 7.295775257430524e-05]
[1120, 7.369900380354725e-05]
[1903, 7.370057057201488e-05]
[560, 7.371526294825073e-05]
[652, 7.371678641118003e-05]
[1197, 7.373747834812077e-05]
[1318, 7.42464395670944e-05]
[1327, 7.451361964652492e-05]
[956, 7.502625581577325e-05]
[705, 7.510521852358727e-05]
[2830, 7.510736733207404e-05]
[2359, 7.51086956885892e-05]
[2170, 7.511016677456492e-05]
[1040, 7.529983146856536e-05]
[1439, 7.578342422491827e-05]
[1807, 7.624778892856232e-05]
[1108, 7.670302316220111e-05]
[1523, 7.676647755617454e-05]
[647, 7.696575713860974e-05]
[736, 7.698434608162239e-05]
[1401, 7.699010636039475e-05]
[466, 7.709043060431747e-05]
[451, 7.766296048410161e-05]
[916, 7.766296897734947e-05]
[920, 7.766424543534611e-05]
[367, 7.766991759827435e-05]
[1132, 7.830508079475313e-05]
[1891, 7.83066907427705e-05]
[175, 7.832334150839154e-05]
[1432, 7.862305684161382e-05]
[764, 7.904746446180377e-05]
[284, 7.905630402204943e-05]
[380, 7.914939762163712e-05]
[2015, 7.952748952517453e-05]
[2488, 7.952909753916139e-05]
[2492, 7.952909960808219e-05]
[1485, 7.952997806968994e-05]
[1423, 7.98975212038722e-05]
[1385, 8.00174752549685e-05]
[917, 8.00202307447341e-05]
[453, 8.002886062656502e-05]
[921, 8.002886792784198e-05]
[1389, 8.002887523300518e-05]
[1244, 8.072588570215162e-05]
[249, 8.11810194961639e-05]
[717, 8.118102036420355e-05]
[1422, 8.118614655356521e-05]
[2734, 8.12136956354539e-05]
[940, 8.128128707235324e-05]
[934, 8.200995290449897e-05]
[1339, 8.214375680856956e-05]
[476, 8.214584473133365e-05]
[256, 8.236061421138262e-05]
[724, 8.236061532209901e-05]
[1302, 8.236758249319934e-05]
[824, 8.236818581868452e-05]
[1028, 8.290966635627169e-05]
[1906, 8.2926725152862e-05]
[1918, 8.292673151896529e-05]
[1312, 8.376678417457593e-05]
[1700, 8.378148012362071e-05]
[2467, 8.394217071282996e-05]
[2479, 8.394217100036292e-05]
[945, 8.449132572225601e-05]
[947, 8.50824157448923e-05]
[272, 8.508843687585709e-05]
[2278, 8.57207428933486e-05]
[2290, 8.572075292203426e-05]
[2302, 8.572076295682651e-05]
[83, 8.598269312527819e-05]
[1434, 8.634064591591372e-05]
[763, 8.660262186851218e-05]
[268, 8.660262319477485e-05]
[1437, 8.66101703621835e-05]
[856, 8.74228123847249e-05]
[188, 8.743721355400474e-05]
[664, 8.751643617738378e-05]
[1894, 8.75316815430785e-05]
[1628, 8.753321949268056e-05]
[2491, 8.835957345079782e-05]
[2850, 8.836016290738504e-05]
[2862, 8.836016380584645e-05]
[2874, 8.836016470480465e-05]
[2370, 8.836143652836749e-05]
[2374, 8.836143775323912e-05]
[2382, 8.836143897877415e-05]
[2386, 8.836144020497314e-05]
[2394, 8.836144143183663e-05]
[2398, 8.83614426593652e-05]
[2275, 8.836632117427973e-05]
[2287, 8.836632174672025e-05]
[844, 8.891767206245892e-05]
[656, 8.893067756191679e-05]
[572, 8.941759564595102e-05]
[1303, 8.941911560892457e-05]
[1624, 9.020314676039297e-05]
[1771, 9.020391652749061e-05]
[467, 9.021178381173051e-05]
[935, 9.02117868195478e-05]
[1031, 9.058973760080497e-05]
[82, 9.05927510085319e-05]
[1402, 9.140553610958741e-05]
[930, 9.14072356348763e-05]
[280, 9.1417589631051e-05]
[261, 9.144194754304608e-05]
[954, 9.149518584121539e-05]
[378, 9.149971557363454e-05]
[838, 9.150109327575067e-05]
[1387, 9.178663517175417e-05]
[1795, 9.206506203616023e-05]
[1532, 9.212101274942842e-05]
[1508, 9.212172716447038e-05]
[1144, 9.212249257326412e-05]
[1915, 9.212417992038347e-05]
[1679, 9.212511127409167e-05]
[2011, 9.277754014362031e-05]
[2855, 9.277946212610697e-05]
[2867, 9.277946249708386e-05]
[569, 9.27826044129272e-05]
[1037, 9.278260693553671e-05]
[1049, 9.278260895479243e-05]
[1505, 9.278261097508733e-05]
[1517, 9.278261299642227e-05]
[1529, 9.2782615018798e-05]
[1973, 9.278261957295297e-05]
[1985, 9.278262159871688e-05]
[1997, 9.278262362552502e-05]
[2009, 9.278262565337817e-05]
[2441, 9.278263225112798e-05]
[2453, 9.278263428343156e-05]
[2465, 9.278263631678445e-05]
[2477, 9.278263835118741e-05]
[2489, 9.278264038664132e-05]
[1410, 9.278679016308136e-05]
[478, 9.330166889204273e-05]
[850, 9.382808795966449e-05]
[1702, 9.408944117156254e-05]
[1052, 9.412374164538622e-05]
[449, 9.413843565120292e-05]
[1600, 9.471404362506056e-05]
[1877, 9.474190116672088e-05]
[958, 9.496733059588727e-05]
[740, 9.505669095188812e-05]
[382, 9.519075175647768e-05]
[1895, 9.521378664877245e-05]
[1307, 9.537591148106491e-05]
[1792, 9.56780562555835e-05]
[462, 9.621714830152058e-05]
[1403, 9.6227271684683e-05]
[187, 9.64996082028019e-05]
[370, 9.665724623727405e-05]
[80, 9.672855127039711e-05]
[172, 9.67476534916821e-05]
[2854, 9.719612820663852e-05]
[2866, 9.719612916241873e-05]
[2878, 9.719613011871743e-05]
[2375, 9.719902758692698e-05]
[2387, 9.719902925963646e-05]
[537, 9.720166948500795e-05]
[1005, 9.720167000170939e-05]
[2755, 9.720167768536009e-05]
[2767, 9.720167820299671e-05]
[1427, 9.743527921135014e-05]
[1313, 9.794671770977346e-05]
[1701, 9.795558045168325e-05]
[1713, 9.795558721349688e-05]
[1725, 9.795559397873987e-05]
[477, 9.79856357618048e-05]
[561, 9.980199951598884e-05]
[1029, 9.980200064025127e-05]
[1413, 0.00010070442150040513]
[848, 0.00010104245554592286]
[729, 0.00010106465730726602]
[827, 0.0001011864649177241]
[1295, 0.00010118646662219983]
[1055, 0.00010118746019086361]
[455, 0.00010119974828264871]
[1391, 0.00010119975883212878]
[1204, 0.00010135410926867159]
[1816, 0.00010143599165785653]
[2879, 0.00010161797727827786]
[659, 0.00010180508698448303]
[474, 0.00010285758895745465]
[2758, 0.0001037311604948612]
[2770, 0.00010373116151544327]
[2782, 0.00010373116253656987]
[248, 0.00010373263172181021]
[191, 0.00010385050934241478]
[1304, 0.00010438003713198438]
[173, 0.0001044151770124904]
[1240, 0.00010442508378363337]
[464, 0.00010496896120046853]
[839, 0.00010567842714842781]
[1794, 0.00010574421413938504]
[1689, 0.00010574982459533072]
[1115, 0.00010583873846991494]
[923, 0.0001059062790953142]
[1520, 0.00010594159440230229]
[862, 0.00010600587032628108]
[2754, 0.00010603355364550198]
[2766, 0.00010603355400374253]
[2778, 0.00010603355436203193]
[153, 0.00010603432910830332]
[1036, 0.00010603433221205583]
[2363, 0.00010603434894957923]
[2399, 0.0001060343516830796]
[1783, 0.00010660865486454252]
[755, 0.00010667635064030644]
[1306, 0.00010696368048998363]
[1819, 0.00010717312749972973]
[942, 0.0001078897039018865]
[1581, 0.00010824049617244858]
[1192, 0.00010824270901779009]
[2783, 0.00010824632732031752]
[1436, 0.00010824910152683033]
[859, 0.00010912624040439223]
[377, 0.000109548170684804]
[959, 0.00011016044751642264]
[1908, 0.0001104508113520959]
[1720, 0.00011045158183573795]
[244, 0.00011045241078929042]
[1271, 0.00011045326636596402]
[1977, 0.00011045417464034289]
[1989, 0.00011045417506805739]
[2001, 0.00011045417549581743]
[2013, 0.00011045417592362301]
[2445, 0.00011045417677937086]
[2457, 0.00011045417720731312]
[2469, 0.000110454177635301]
[2481, 0.00011045417806333442]
[2493, 0.00011045417849141346]
[359, 0.00011059797497514696]
[1043, 0.0001106000506308613]
[931, 0.00011065766410577011]
[179, 0.00011083119034814864]
[1232, 0.00011109603120567676]
[944, 0.00011147492822296638]
[1315, 0.00011211421067701219]
[1415, 0.00011220650408222324]
[1612, 0.00011275365829699547]
[174, 0.00011362515762286467]
[1424, 0.00011366437306127573]
[845, 0.00011469957528391131]
[1724, 0.00011470694353129881]
[1576, 0.00011486882259621911]
[2357, 0.00011486882914394954]
[2369, 0.00011486883070554686]
[2381, 0.00011486883101798716]
[2393, 0.00011486883133046778]
[2825, 0.00011486883821525401]
[2837, 0.0001148688385286637]
[2849, 0.00011486883884211392]
[2861, 0.00011486883915560468]
[2873, 0.00011486883946913589]
[1004, 0.00011486962976501347]
[381, 0.00011504665170869306]
[575, 0.0001153075132321813]
[1301, 0.00011531627202930718]
[1810, 0.00011618321599621504]
[1822, 0.00011618322175306319]
[1233, 0.00011681647673040236]
[1211, 0.00011723488225952672]
[847, 0.00011726748704659305]
[1773, 0.00011728930896178501]
[1390, 0.00011765635674876853]
[922, 0.00011765735320192253]
[832, 0.00011765735686811927]
[450, 0.00011765840521829826]
[1386, 0.000117658407473269]
[454, 0.00011765950596491099]
[826, 0.00011765950845624478]
[857, 0.0001191149474442036]
[1395, 0.00011928766240389001]
[1283, 0.00011928852586091898]
[1900, 0.0001197555130502637]
[1904, 0.00011975551400885175]
[1888, 0.00011975630135140059]
[1384, 0.00012000945529170388]
[728, 0.00012027113525212806]
[1399, 0.0001202797025569612]
[1341, 0.00012056467218882966]
[1329, 0.00012056596316651454]
[1223, 0.00012061126195700379]
[1820, 0.00012146667557965162]
[473, 0.00012155675185721056]
[1881, 0.00012179981996065156]
[918, 0.0001223625716158924]
[1294, 0.00012236467995019204]
[358, 0.00012236700454727227]
[379, 0.0001224220012570739]
[1245, 0.00012251174562175068]
[1199, 0.00012283772683707047]
[1484, 0.00012370406807527324]
[1096, 0.00012370485861611514]
[2662, 0.0001237048618243065]
[2674, 0.00012370486211999763]
[2686, 0.00012370486241572245]
[1383, 0.0001237057024333256]
[1739, 0.00012370570275404319]
[152, 0.00012370659221575567]
[1407, 0.0001237065946084765]
[1875, 0.00012370659529241517]
[2851, 0.0001237065959764891]
[2863, 0.00012370659631857683]
[2639, 0.00012370753419432376]
[2651, 0.00012370753455252987]
[1892, 0.00012436150034925272]
[1889, 0.00012438133031693877]
[1901, 0.00012438133510942587]
[1913, 0.0001243813399038532]
[1292, 0.00012471567447919842]
[1421, 0.00012500898624022538]
[941, 0.00012659007723975278]
[1409, 0.00012659007932761676]
[1808, 0.00012672641286863413]
[765, 0.00012717353194201784]
[1148, 0.00012792284587891133]
[1428, 0.00012812205829410833]
[245, 0.00012812287569074032]
[713, 0.00012812287702721907]
[2356, 0.0001281228803603664]
[1759, 0.00012812374885638533]
[915, 0.0001281246623438561]
[1687, 0.0001281246633199807]
[1839, 0.00012812466397087868]
[1851, 0.00012812466429637216]
[1604, 0.00012896917721219023]
[1388, 0.00012942088468735093]
[1400, 0.00012989170634924893]
[849, 0.00012989330700402418]
[1397, 0.0001299002532262705]
[953, 0.00013016201348434091]
[743, 0.00013025074221769092]
[1208, 0.0001316262448333461]
[1785, 0.00013163271121462313]
[184, 0.00013177301542732949]
[1216, 0.00013206354435252662]
[1412, 0.0001323411191105071]
[621, 0.00013254090084797586]
[1371, 0.0001325409022152449]
[2360, 0.0001325409033095468]
[815, 0.00013254179378087002]
[939, 0.00013254179436646466]
[1419, 0.00013254179465930203]
[2171, 0.0001325417964168868]
[2207, 0.00013254273987637252]
[2299, 0.00013254274018378292]
[946, 0.00013318575664433914]
[1196, 0.00013357521352772684]
[1317, 0.00013401711810532633]
[835, 0.00013412813623955166]
[929, 0.0001347112179718536]
[461, 0.00013471417898968876]
[1325, 0.00013494673494841337]
[1337, 0.0001349467385738449]
[2733, 0.00013530142380028786]
[2745, 0.00013530142454068128]
[2757, 0.0001353014252812984]
[2769, 0.0001353014260221393]
[2781, 0.00013530142676320415]
[837, 0.00013530734624747626]
[1305, 0.0001353073485239002]
[369, 0.00013531011098171105]
[1433, 0.0001353115646978219]
[1793, 0.00013665672979946655]
[803, 0.00013695892528297064]
[1763, 0.00013695892684469882]
[2168, 0.0001369589276258832]
[2260, 0.00013695892814679156]
[471, 0.00013695984648006288]
[927, 0.00013695984675657087]
[1675, 0.00013695984730965598]
[1751, 0.00013695984786283333]
[371, 0.00013788562040894815]
[1781, 0.000139409567582475]
[760, 0.00013952672319168157]
[2264, 0.00013981238992412295]
[1796, 0.0001402287142691431]
[1798, 0.00014023684427199839]
[425, 0.00014137695213977457]
[437, 0.00014137695356411517]
[459, 0.0001413769549891445]
[1359, 0.00014137695572649913]
[1827, 0.00014137695670992547]
[2663, 0.00014137790404087082]
[2675, 0.00014137790429942084]
[2742, 0.0001413779045579905]
[1616, 0.00014278729010186203]
[1103, 0.00014278828931687488]
[1420, 0.00014303618741133876]
[285, 0.00014348863121162896]
[2265, 0.0001443206357259052]
[2277, 0.0001443206359462131]
[2289, 0.00014432063616654327]
[2301, 0.00014432063638689582]
[1735, 0.00014579406485010945]
[347, 0.00014579498389045861]
[951, 0.00014579498626194346]
[2274, 0.0001457949876397839]
[2286, 0.0001457949878694847]
[2298, 0.00014579498809920286]
[932, 0.00014596435172588597]
[1879, 0.0001488380989127515]
[443, 0.0001502120699680816]
[893, 0.00015021207036960808]
[1379, 0.0001502120722441998]
[1696, 0.00015021207264606992]
[1708, 0.00015021207284702777]
[1711, 0.00015021301074173062]
[1855, 0.00015021301137512513]
[2183, 0.00015021301348736634]
[2195, 0.00015021301390998556]
[2395, 0.0001502130143326619]
[1408, 0.00015319755887237765]
[1019, 0.00015335085125899124]
[799, 0.00015462915598836314]
[948, 0.00015462915725065264]
[1279, 0.00015462915759503477]
[1640, 0.0001546291579394689]
[1267, 0.0001546300732273985]
[1667, 0.00015463007359676654]
[1863, 0.00015463007470516957]
[2182, 0.00015463007618373838]
[2194, 0.00015463007655350532]
[2206, 0.00015463007692332212]
[1797, 0.00015606239221343477]
[1809, 0.0001560623945137135]
[1821, 0.00015606239681480202]
[1805, 0.00015750906837701167]
[1817, 0.0001575090699488561]
[1396, 0.00015875645625779185]
[2361, 0.00015904624429515597]
[2373, 0.0001590462444387515]
[2385, 0.00015904624458235787]
[2397, 0.0001590462447259751]
[2841, 0.0001590462453005525]
[2853, 0.000159046245444224]
[2865, 0.00015904624558790633]
[2877, 0.00015904624573159957]
[246, 0.00015904713323565723]
[622, 0.00015904713434238007]
[714, 0.0001590471354496252]
[1291, 0.00015904713671568835]
[1672, 0.00015904713703231082]
[1732, 0.00015904713734897608]
[1747, 0.00015904713750732472]
[1884, 0.00015904713798243472]
[447, 0.0001590480914951922]
[903, 0.00015904809183108607]
[911, 0.00015904809216701985]
[1172, 0.00015904809233500174]
[1264, 0.00015904809267099546]
[1699, 0.00015904809334310268]
[2650, 0.00015904809367921633]
[2730, 0.00015904809384728813]
[1676, 0.00015969837443865782]
[92, 0.00016236316452591622]
[905, 0.00016346513059478432]
[1655, 0.0001634651316027954]
[2840, 0.00016346513232306037]
[364, 0.00016473398566418484]
[1893, 0.00016583339637734284]
[1905, 0.000165833400465361]
[1917, 0.00016583340455482057]
[1496, 0.0001668707820782156]
[1775, 0.00016687078223289644]
[1919, 0.00016736317202610114]
[2829, 0.000167881265540691]
[154, 0.00016788216788834063]
[812, 0.00016788216895058226]
[1184, 0.0001678821695504818]
[1268, 0.00016788216979049162]
[1404, 0.00016788216991050722]
[1860, 0.0001678821702705968]
[435, 0.0001678831142771419]
[571, 0.0001678831149150911]
[1288, 0.00016788311542556816]
[1375, 0.00016788311555320372]
[1831, 0.00016788311606381155]
[2687, 0.00016788311644683608]
[1784, 0.00016829997201981933]
[1592, 0.00017042136211644282]
[1580, 0.00017137887726282423]
[716, 0.0001713852244266864]
[333, 0.00017230012933297083]
[345, 0.00017230012943925756]
[352, 0.00017230012954554976]
[421, 0.00017230012965184738]
[433, 0.00017230012975815047]
[444, 0.000172300129970773]
[445, 0.0001723001300770924]
[457, 0.00017230013018341726]
[469, 0.00017230013028974756]
[801, 0.0001723001305024245]
[813, 0.00017230013060877118]
[891, 0.00017230013071512326]
[1652, 0.00017230013103421233]
[1737, 0.0001723001311405862]
[1864, 0.00017230013145974065]
[1868, 0.00017230013156613628]
[2836, 0.00017230013177894413]
[1748, 0.00017671714655778136]
[335, 0.00017671809312856988]
[468, 0.00017671809322017534]
[808, 0.0001767180934033982]
[900, 0.00017671809376989105]
[1187, 0.00017671809413644693]
[1360, 0.0001767180945030657]
[1824, 0.00017671809523649214]
[1835, 0.0001767180954198881]
[1848, 0.00017671809569501167]
[1852, 0.000176718095878447]
[1887, 0.0001767180960618981]
[1899, 0.000176718096245365]
[2779, 0.0001767180965205949]
[2872, 0.0001767180969793902]
[2875, 0.00017671809707116106]
[1588, 0.00018039983212325656]
[811, 0.00018113508548258972]
[889, 0.00018113508562918684]
[901, 0.0001811350857757966]
[904, 0.0001811350858491062]
[913, 0.00018113508592241889]
[1269, 0.00018113508606905381]
[1281, 0.00018113508621570132]
[1361, 0.0001811350863623614]
[1369, 0.00018113508643569619]
[1373, 0.0001811350865090341]
[1643, 0.00018113508658237513]
[1749, 0.00018113508672906677]
[1760, 0.0001811350868024173]
[1829, 0.00018113508694912777]
[1837, 0.00018113508709585087]
[1841, 0.00018113508716921712]
[1849, 0.00018113508731595912]
[1853, 0.0001811350874627137]
[1896, 0.00018113508760948094]
[2392, 0.00018113508775626075]
[2740, 0.00018113508782965538]
[2848, 0.0001811350879764541]
[2852, 0.00018113508804985822]
[2860, 0.00018113508812326546]
[2864, 0.00018113508819667584]
[1880, 0.00018490882251986188]
[823, 0.0001855520775251366]
[1276, 0.00018555207796500355]
[1736, 0.00018555207835001112]
[236, 0.0001855530235555412]
[328, 0.00018555302361605142]
[332, 0.00018555302367656375]
[423, 0.00018555302379759473]
[895, 0.00018555302403968165]
[899, 0.00018555302410020865]
[924, 0.00018555302416073765]
[925, 0.0001855530242212688]
[936, 0.00018555302428180205]
[937, 0.00018555302434233734]
[949, 0.00018555302440287474]
[1356, 0.00018555302458449948]
[1357, 0.00018555302464504526]
[1364, 0.0001855530247055931]
[1367, 0.00018555302476614305]
[1368, 0.00018555302482669507]
[1381, 0.00018555302494780544]
[1393, 0.0001855530250083637]
[1405, 0.0001855530250689241]
[1417, 0.0001855530251294866]
[1429, 0.00018555302519005114]
[1723, 0.0001855530252506178]
[1756, 0.0001855530253111866]
[1761, 0.00018555302537175743]
[1825, 0.00018555302543233037]
[1843, 0.0001855530255534825]
[1861, 0.00018555302567464303]
[1865, 0.00018555302573522643]
[1873, 0.0001855530258563995]
[1885, 0.00018555302591698915]
[1897, 0.0001855530259775809]
[1909, 0.00018555302603817477]
[2638, 0.00018555302609877072]
[2824, 0.00018555302615936873]
[2828, 0.00018555302621996888]
[2876, 0.0001855530262805711]
[1912, 0.00018730997506121643]
[1916, 0.00018730997631864508]
[163, 0.00018941880088474641]
[1876, 0.0001894188009496384]
[643, 0.00018942565255883852]
[704, 0.0001899690693844457]
[343, 0.0001899699925689907]
[796, 0.00018996999265976706]
[888, 0.00018996999270515756]
[892, 0.00018996999275054964]
[1175, 0.00018996999311374276]
[1376, 0.00018996999343161893]
[1832, 0.0001899699938858611]
[1857, 0.00018996999397672836]
[1869, 0.00018996999411304097]
[2732, 0.00019392776770971095]
[1768, 0.00019393448542396122]
[1280, 0.000194386961794342]
[431, 0.00019438790634203836]
[441, 0.0001943879064121681]
[907, 0.0001943879064472344]
[909, 0.00019438790648230154]
[1363, 0.00019438790651736965]
[1372, 0.00019438790655243863]
[1380, 0.00019438790658750856]
[1431, 0.00019438790662257936]
[1744, 0.0001943879066576511]
[1828, 0.00019438790669272372]
[1833, 0.00019438790672779728]
[1844, 0.0001943879067628717]
[1856, 0.00019438790679794708]
[1867, 0.00019438790683302338]
[1911, 0.00019438790686810057]
[2396, 0.0001943879069031787]
[2648, 0.0001943879069382577]
[2728, 0.00019438790697333763]
[2776, 0.00019438790700841848]
[2300, 0.00019843772232931047]
[2756, 0.00019843772236689258]
[2768, 0.0001984377224044757]
[2780, 0.0001984377224420598]
[355, 0.00019880485239009039]
[420, 0.00019880485241346486]
[424, 0.00019880485243683994]
[432, 0.00019880485248359193]
[1300, 0.00020001118451963077]
[331, 0.00020322274335886218]
[340, 0.00020322274337489913]
[427, 0.00020322274339093637]
[429, 0.00020322274340697387]
[439, 0.00020322274342301165]
[440, 0.00020322274343904972]
[456, 0.00020322274345508805]
[800, 0.00020322274347112668]
[896, 0.00020322274348716558]
[897, 0.00020322274350320475]
[908, 0.00020322274351924422]
[912, 0.00020322274353528396]
[1099, 0.00020322274355132397]
[1365, 0.00020322274356736426]
[1377, 0.0002032227435834048]
[1416, 0.0002032227435994457]
[1664, 0.00020322274361548681]
[1845, 0.0002032227436315282]
[1859, 0.0002032227436475699]
[1872, 0.00020322274366361186]
[2296, 0.00020322274367965413]
[2372, 0.00020322274369569666]
[2384, 0.00020322274371173946]
[2660, 0.00020322274372778257]
[2672, 0.0002032227437438259]
[2752, 0.00020322274375986956]
[2764, 0.00020322274377591347]
[1228, 0.00020420652543578255]
[2276, 0.00020745659473372563]
[2288, 0.0002074565947508747]
[68, 0.00020746602772840026]
[160, 0.00020746603517816887]
[239, 0.00021205753351143802]
[344, 0.00021205753351554663]
[428, 0.00021205753351965527]
[436, 0.00021205753352376397]
[631, 0.00021205753352787269]
[707, 0.00021205753353198143]
[820, 0.0002120575335360902]
[1039, 0.00021205753354019903]
[1392, 0.0002120575335443079]
[1684, 0.00021205753354841677]
[1836, 0.0002120575335525257]
[1840, 0.00021205753355663467]
[1847, 0.00021205753356074366]
[1871, 0.0002120575335648527]
[2180, 0.00021205753356896178]
[2192, 0.00021205753357307088]
[2204, 0.00021205753357718003]
[2272, 0.0002120575335812892]
[2284, 0.00021205753358539842]
[2368, 0.00021205753358950768]
[2380, 0.00021205753359361697]
[2636, 0.00021205753359772629]
[2684, 0.00021205753360183563]
[1772, 0.00023001368607952964]
[2744, 0.0002706011013596296]
[0, 0.000432948871920516]
[1, 0.000432948871920516]
[2, 0.000432948871920516]
[3, 0.000432948871920516]
[4, 0.000432948871920516]
[5, 0.000432948871920516]
[6, 0.000432948871920516]
[7, 0.000432948871920516]
[8, 0.000432948871920516]
[9, 0.000432948871920516]
[10, 0.000432948871920516]
[11, 0.000432948871920516]
[12, 0.000432948871920516]
[13, 0.000432948871920516]
[14, 0.000432948871920516]
[15, 0.000432948871920516]
[16, 0.000432948871920516]
[17, 0.000432948871920516]
[18, 0.000432948871920516]
[19, 0.000432948871920516]
[20, 0.000432948871920516]
[21, 0.000432948871920516]
[22, 0.000432948871920516]
[23, 0.000432948871920516]
[24, 0.000432948871920516]
[25, 0.000432948871920516]
[26, 0.000432948871920516]
[27, 0.000432948871920516]
[28, 0.000432948871920516]
[29, 0.000432948871920516]
[30, 0.000432948871920516]
[31, 0.000432948871920516]
[32, 0.000432948871920516]
[33, 0.000432948871920516]
[34, 0.000432948871920516]
[35, 0.000432948871920516]
[36, 0.000432948871920516]
[37, 0.000432948871920516]
[38, 0.000432948871920516]
[39, 0.000432948871920516]
[40, 0.000432948871920516]
[41, 0.000432948871920516]
[42, 0.000432948871920516]
[43, 0.000432948871920516]
[44, 0.000432948871920516]
[45, 0.000432948871920516]
[46, 0.000432948871920516]
[47, 0.000432948871920516]
[48, 0.000432948871920516]
[49, 0.000432948871920516]
[50, 0.000432948871920516]
[51, 0.000432948871920516]
[52, 0.000432948871920516]
[53, 0.000432948871920516]
[54, 0.000432948871920516]
[55, 0.000432948871920516]
[56, 0.000432948871920516]
[57, 0.000432948871920516]
[58, 0.000432948871920516]
[59, 0.000432948871920516]
[60, 0.000432948871920516]
[61, 0.000432948871920516]
[62, 0.000432948871920516]
[63, 0.000432948871920516]
[64, 0.000432948871920516]
[65, 0.000432948871920516]
[66, 0.000432948871920516]
[67, 0.000432948871920516]
[72, 0.000432948871920516]
[73, 0.000432948871920516]
[74, 0.000432948871920516]
[75, 0.000432948871920516]
[76, 0.000432948871920516]
[77, 0.000432948871920516]
[78, 0.000432948871920516]
[79, 0.000432948871920516]
[84, 0.000432948871920516]
[85, 0.000432948871920516]
[86, 0.000432948871920516]
[87, 0.000432948871920516]
[88, 0.000432948871920516]
[89, 0.000432948871920516]
[90, 0.000432948871920516]
[91, 0.000432948871920516]
[96, 0.000432948871920516]
[97, 0.000432948871920516]
[98, 0.000432948871920516]
[99, 0.000432948871920516]
[100, 0.000432948871920516]
[101, 0.000432948871920516]
[102, 0.000432948871920516]
[103, 0.000432948871920516]
[104, 0.000432948871920516]
[105, 0.000432948871920516]
[106, 0.000432948871920516]
[107, 0.000432948871920516]
[108, 0.000432948871920516]
[109, 0.000432948871920516]
[110, 0.000432948871920516]
[111, 0.000432948871920516]
[112, 0.000432948871920516]
[113, 0.000432948871920516]
[114, 0.000432948871920516]
[115, 0.000432948871920516]
[116, 0.000432948871920516]
[117, 0.000432948871920516]
[118, 0.000432948871920516]
[119, 0.000432948871920516]
[120, 0.000432948871920516]
[121, 0.000432948871920516]
[122, 0.000432948871920516]
[123, 0.000432948871920516]
[124, 0.000432948871920516]
[125, 0.000432948871920516]
[126, 0.000432948871920516]
[127, 0.000432948871920516]
[128, 0.000432948871920516]
[129, 0.000432948871920516]
[130, 0.000432948871920516]
[131, 0.000432948871920516]
[132, 0.000432948871920516]
[133, 0.000432948871920516]
[134, 0.000432948871920516]
[135, 0.000432948871920516]
[136, 0.000432948871920516]
[137, 0.000432948871920516]
[138, 0.000432948871920516]
[139, 0.000432948871920516]
[140, 0.000432948871920516]
[141, 0.000432948871920516]
[142, 0.000432948871920516]
[143, 0.000432948871920516]
[144, 0.000432948871920516]
[145, 0.000432948871920516]
[146, 0.000432948871920516]
[147, 0.000432948871920516]
[148, 0.000432948871920516]
[149, 0.000432948871920516]
[150, 0.000432948871920516]
[151, 0.000432948871920516]
[156, 0.000432948871920516]
[157, 0.000432948871920516]
[158, 0.000432948871920516]
[159, 0.000432948871920516]
[168, 0.000432948871920516]
[169, 0.000432948871920516]
[170, 0.000432948871920516]
[171, 0.000432948871920516]
[180, 0.000432948871920516]
[181, 0.000432948871920516]
[182, 0.000432948871920516]
[183, 0.000432948871920516]
[192, 0.000432948871920516]
[193, 0.000432948871920516]
[194, 0.000432948871920516]
[195, 0.000432948871920516]
[196, 0.000432948871920516]
[197, 0.000432948871920516]
[198, 0.000432948871920516]
[199, 0.000432948871920516]
[200, 0.000432948871920516]
[201, 0.000432948871920516]
[202, 0.000432948871920516]
[203, 0.000432948871920516]
[204, 0.000432948871920516]
[205, 0.000432948871920516]
[206, 0.000432948871920516]
[207, 0.000432948871920516]
[208, 0.000432948871920516]
[209, 0.000432948871920516]
[210, 0.000432948871920516]
[211, 0.000432948871920516]
[212, 0.000432948871920516]
[213, 0.000432948871920516]
[214, 0.000432948871920516]
[215, 0.000432948871920516]
[216, 0.000432948871920516]
[217, 0.000432948871920516]
[218, 0.000432948871920516]
[219, 0.000432948871920516]
[220, 0.000432948871920516]
[221, 0.000432948871920516]
[222, 0.000432948871920516]
[223, 0.000432948871920516]
[224, 0.000432948871920516]
[225, 0.000432948871920516]
[226, 0.000432948871920516]
[227, 0.000432948871920516]
[228, 0.000432948871920516]
[229, 0.000432948871920516]
[230, 0.000432948871920516]
[231, 0.000432948871920516]
[232, 0.000432948871920516]
[233, 0.000432948871920516]
[234, 0.000432948871920516]
[235, 0.000432948871920516]
[240, 0.000432948871920516]
[241, 0.000432948871920516]
[242, 0.000432948871920516]
[243, 0.000432948871920516]
[252, 0.000432948871920516]
[253, 0.000432948871920516]
[254, 0.000432948871920516]
[255, 0.000432948871920516]
[264, 0.000432948871920516]
[265, 0.000432948871920516]
[266, 0.000432948871920516]
[267, 0.000432948871920516]
[276, 0.000432948871920516]
[277, 0.000432948871920516]
[278, 0.000432948871920516]
[279, 0.000432948871920516]
[288, 0.000432948871920516]
[289, 0.000432948871920516]
[290, 0.000432948871920516]
[291, 0.000432948871920516]
[292, 0.000432948871920516]
[293, 0.000432948871920516]
[294, 0.000432948871920516]
[295, 0.000432948871920516]
[296, 0.000432948871920516]
[297, 0.000432948871920516]
[298, 0.000432948871920516]
[299, 0.000432948871920516]
[300, 0.000432948871920516]
[301, 0.000432948871920516]
[302, 0.000432948871920516]
[303, 0.000432948871920516]
[304, 0.000432948871920516]
[305, 0.000432948871920516]
[306, 0.000432948871920516]
[307, 0.000432948871920516]
[308, 0.000432948871920516]
[309, 0.000432948871920516]
[310, 0.000432948871920516]
[311, 0.000432948871920516]
[312, 0.000432948871920516]
[313, 0.000432948871920516]
[314, 0.000432948871920516]
[315, 0.000432948871920516]
[316, 0.000432948871920516]
[317, 0.000432948871920516]
[318, 0.000432948871920516]
[319, 0.000432948871920516]
[320, 0.000432948871920516]
[321, 0.000432948871920516]
[322, 0.000432948871920516]
[323, 0.000432948871920516]
[324, 0.000432948871920516]
[325, 0.000432948871920516]
[326, 0.000432948871920516]
[327, 0.000432948871920516]
[336, 0.000432948871920516]
[337, 0.000432948871920516]
[338, 0.000432948871920516]
[339, 0.000432948871920516]
[348, 0.000432948871920516]
[349, 0.000432948871920516]
[350, 0.000432948871920516]
[351, 0.000432948871920516]
[360, 0.000432948871920516]
[361, 0.000432948871920516]
[362, 0.000432948871920516]
[363, 0.000432948871920516]
[372, 0.000432948871920516]
[373, 0.000432948871920516]
[374, 0.000432948871920516]
[375, 0.000432948871920516]
[384, 0.000432948871920516]
[385, 0.000432948871920516]
[386, 0.000432948871920516]
[387, 0.000432948871920516]
[388, 0.000432948871920516]
[389, 0.000432948871920516]
[390, 0.000432948871920516]
[391, 0.000432948871920516]
[392, 0.000432948871920516]
[393, 0.000432948871920516]
[394, 0.000432948871920516]
[395, 0.000432948871920516]
[396, 0.000432948871920516]
[397, 0.000432948871920516]
[398, 0.000432948871920516]
[399, 0.000432948871920516]
[400, 0.000432948871920516]
[401, 0.000432948871920516]
[402, 0.000432948871920516]
[403, 0.000432948871920516]
[404, 0.000432948871920516]
[405, 0.000432948871920516]
[406, 0.000432948871920516]
[407, 0.000432948871920516]
[408, 0.000432948871920516]
[409, 0.000432948871920516]
[410, 0.000432948871920516]
[411, 0.000432948871920516]
[412, 0.000432948871920516]
[413, 0.000432948871920516]
[414, 0.000432948871920516]
[415, 0.000432948871920516]
[416, 0.000432948871920516]
[417, 0.000432948871920516]
[418, 0.000432948871920516]
[419, 0.000432948871920516]
[480, 0.000432948871920516]
[481, 0.000432948871920516]
[482, 0.000432948871920516]
[483, 0.000432948871920516]
[484, 0.000432948871920516]
[485, 0.000432948871920516]
[486, 0.000432948871920516]
[487, 0.000432948871920516]
[488, 0.000432948871920516]
[489, 0.000432948871920516]
[490, 0.000432948871920516]
[491, 0.000432948871920516]
[492, 0.000432948871920516]
[493, 0.000432948871920516]
[494, 0.000432948871920516]
[495, 0.000432948871920516]
[496, 0.000432948871920516]
[497, 0.000432948871920516]
[498, 0.000432948871920516]
[499, 0.000432948871920516]
[500, 0.000432948871920516]
[501, 0.000432948871920516]
[502, 0.000432948871920516]
[503, 0.000432948871920516]
[504, 0.000432948871920516]
[505, 0.000432948871920516]
[506, 0.000432948871920516]
[507, 0.000432948871920516]
[508, 0.000432948871920516]
[509, 0.000432948871920516]
[510, 0.000432948871920516]
[511, 0.000432948871920516]
[512, 0.000432948871920516]
[513, 0.000432948871920516]
[514, 0.000432948871920516]
[515, 0.000432948871920516]
[516, 0.000432948871920516]
[517, 0.000432948871920516]
[518, 0.000432948871920516]
[519, 0.000432948871920516]
[520, 0.000432948871920516]
[521, 0.000432948871920516]
[522, 0.000432948871920516]
[523, 0.000432948871920516]
[524, 0.000432948871920516]
[525, 0.000432948871920516]
[526, 0.000432948871920516]
[527, 0.000432948871920516]
[528, 0.000432948871920516]
[529, 0.000432948871920516]
[530, 0.000432948871920516]
[531, 0.000432948871920516]
[532, 0.000432948871920516]
[533, 0.000432948871920516]
[534, 0.000432948871920516]
[535, 0.000432948871920516]
[540, 0.000432948871920516]
[541, 0.000432948871920516]
[542, 0.000432948871920516]
[543, 0.000432948871920516]
[544, 0.000432948871920516]
[545, 0.000432948871920516]
[546, 0.000432948871920516]
[547, 0.000432948871920516]
[552, 0.000432948871920516]
[553, 0.000432948871920516]
[554, 0.000432948871920516]
[555, 0.000432948871920516]
[556, 0.000432948871920516]
[557, 0.000432948871920516]
[558, 0.000432948871920516]
[559, 0.000432948871920516]
[564, 0.000432948871920516]
[565, 0.000432948871920516]
[566, 0.000432948871920516]
[567, 0.000432948871920516]
[576, 0.000432948871920516]
[577, 0.000432948871920516]
[578, 0.000432948871920516]
[579, 0.000432948871920516]
[580, 0.000432948871920516]
[581, 0.000432948871920516]
[582, 0.000432948871920516]
[583, 0.000432948871920516]
[584, 0.000432948871920516]
[585, 0.000432948871920516]
[586, 0.000432948871920516]
[587, 0.000432948871920516]
[588, 0.000432948871920516]
[589, 0.000432948871920516]
[590, 0.000432948871920516]
[591, 0.000432948871920516]
[592, 0.000432948871920516]
[593, 0.000432948871920516]
[594, 0.000432948871920516]
[595, 0.000432948871920516]
[596, 0.000432948871920516]
[597, 0.000432948871920516]
[598, 0.000432948871920516]
[599, 0.000432948871920516]
[600, 0.000432948871920516]
[601, 0.000432948871920516]
[602, 0.000432948871920516]
[603, 0.000432948871920516]
[604, 0.000432948871920516]
[605, 0.000432948871920516]
[606, 0.000432948871920516]
[607, 0.000432948871920516]
[608, 0.000432948871920516]
[609, 0.000432948871920516]
[610, 0.000432948871920516]
[611, 0.000432948871920516]
[612, 0.000432948871920516]
[613, 0.000432948871920516]
[614, 0.000432948871920516]
[615, 0.000432948871920516]
[616, 0.000432948871920516]
[617, 0.000432948871920516]
[618, 0.000432948871920516]
[619, 0.000432948871920516]
[624, 0.000432948871920516]
[625, 0.000432948871920516]
[626, 0.000432948871920516]
[627, 0.000432948871920516]
[636, 0.000432948871920516]
[637, 0.000432948871920516]
[638, 0.000432948871920516]
[639, 0.000432948871920516]
[648, 0.000432948871920516]
[649, 0.000432948871920516]
[650, 0.000432948871920516]
[651, 0.000432948871920516]
[660, 0.000432948871920516]
[661, 0.000432948871920516]
[662, 0.000432948871920516]
[663, 0.000432948871920516]
[672, 0.000432948871920516]
[673, 0.000432948871920516]
[674, 0.000432948871920516]
[675, 0.000432948871920516]
[676, 0.000432948871920516]
[677, 0.000432948871920516]
[678, 0.000432948871920516]
[679, 0.000432948871920516]
[680, 0.000432948871920516]
[681, 0.000432948871920516]
[682, 0.000432948871920516]
[683, 0.000432948871920516]
[684, 0.000432948871920516]
[685, 0.000432948871920516]
[686, 0.000432948871920516]
[687, 0.000432948871920516]
[688, 0.000432948871920516]
[689, 0.000432948871920516]
[690, 0.000432948871920516]
[691, 0.000432948871920516]
[692, 0.000432948871920516]
[693, 0.000432948871920516]
[694, 0.000432948871920516]
[695, 0.000432948871920516]
[696, 0.000432948871920516]
[697, 0.000432948871920516]
[698, 0.000432948871920516]
[699, 0.000432948871920516]
[700, 0.000432948871920516]
[701, 0.000432948871920516]
[702, 0.000432948871920516]
[703, 0.000432948871920516]
[708, 0.000432948871920516]
[709, 0.000432948871920516]
[710, 0.000432948871920516]
[711, 0.000432948871920516]
[720, 0.000432948871920516]
[721, 0.000432948871920516]
[722, 0.000432948871920516]
[723, 0.000432948871920516]
[732, 0.000432948871920516]
[733, 0.000432948871920516]
[734, 0.000432948871920516]
[735, 0.000432948871920516]
[744, 0.000432948871920516]
[745, 0.000432948871920516]
[746, 0.000432948871920516]
[747, 0.000432948871920516]
[756, 0.000432948871920516]
[757, 0.000432948871920516]
[758, 0.000432948871920516]
[759, 0.000432948871920516]
[768, 0.000432948871920516]
[769, 0.000432948871920516]
[770, 0.000432948871920516]
[771, 0.000432948871920516]
[772, 0.000432948871920516]
[773, 0.000432948871920516]
[774, 0.000432948871920516]
[775, 0.000432948871920516]
[776, 0.000432948871920516]
[777, 0.000432948871920516]
[778, 0.000432948871920516]
[779, 0.000432948871920516]
[780, 0.000432948871920516]
[781, 0.000432948871920516]
[782, 0.000432948871920516]
[783, 0.000432948871920516]
[784, 0.000432948871920516]
[785, 0.000432948871920516]
[786, 0.000432948871920516]
[787, 0.000432948871920516]
[788, 0.000432948871920516]
[789, 0.000432948871920516]
[790, 0.000432948871920516]
[791, 0.000432948871920516]
[792, 0.000432948871920516]
[793, 0.000432948871920516]
[794, 0.000432948871920516]
[795, 0.000432948871920516]
[804, 0.000432948871920516]
[805, 0.000432948871920516]
[806, 0.000432948871920516]
[807, 0.000432948871920516]
[816, 0.000432948871920516]
[817, 0.000432948871920516]
[818, 0.000432948871920516]
[819, 0.000432948871920516]
[828, 0.000432948871920516]
[829, 0.000432948871920516]
[830, 0.000432948871920516]
[831, 0.000432948871920516]
[840, 0.000432948871920516]
[841, 0.000432948871920516]
[842, 0.000432948871920516]
[843, 0.000432948871920516]
[852, 0.000432948871920516]
[853, 0.000432948871920516]
[854, 0.000432948871920516]
[855, 0.000432948871920516]
[864, 0.000432948871920516]
[865, 0.000432948871920516]
[866, 0.000432948871920516]
[867, 0.000432948871920516]
[868, 0.000432948871920516]
[869, 0.000432948871920516]
[870, 0.000432948871920516]
[871, 0.000432948871920516]
[872, 0.000432948871920516]
[873, 0.000432948871920516]
[874, 0.000432948871920516]
[875, 0.000432948871920516]
[876, 0.000432948871920516]
[877, 0.000432948871920516]
[878, 0.000432948871920516]
[879, 0.000432948871920516]
[880, 0.000432948871920516]
[881, 0.000432948871920516]
[882, 0.000432948871920516]
[883, 0.000432948871920516]
[884, 0.000432948871920516]
[885, 0.000432948871920516]
[886, 0.000432948871920516]
[887, 0.000432948871920516]
[960, 0.000432948871920516]
[961, 0.000432948871920516]
[962, 0.000432948871920516]
[963, 0.000432948871920516]
[964, 0.000432948871920516]
[965, 0.000432948871920516]
[966, 0.000432948871920516]
[967, 0.000432948871920516]
[968, 0.000432948871920516]
[969, 0.000432948871920516]
[970, 0.000432948871920516]
[971, 0.000432948871920516]
[972, 0.000432948871920516]
[973, 0.000432948871920516]
[974, 0.000432948871920516]
[975, 0.000432948871920516]
[976, 0.000432948871920516]
[977, 0.000432948871920516]
[978, 0.000432948871920516]
[979, 0.000432948871920516]
[980, 0.000432948871920516]
[981, 0.000432948871920516]
[982, 0.000432948871920516]
[983, 0.000432948871920516]
[984, 0.000432948871920516]
[985, 0.000432948871920516]
[986, 0.000432948871920516]
[987, 0.000432948871920516]
[988, 0.000432948871920516]
[989, 0.000432948871920516]
[990, 0.000432948871920516]
[991, 0.000432948871920516]
[992, 0.000432948871920516]
[993, 0.000432948871920516]
[994, 0.000432948871920516]
[995, 0.000432948871920516]
[996, 0.000432948871920516]
[997, 0.000432948871920516]
[998, 0.000432948871920516]
[999, 0.000432948871920516]
[1000, 0.000432948871920516]
[1001, 0.000432948871920516]
[1002, 0.000432948871920516]
[1003, 0.000432948871920516]
[1008, 0.000432948871920516]
[1009, 0.000432948871920516]
[1010, 0.000432948871920516]
[1011, 0.000432948871920516]
[1012, 0.000432948871920516]
[1013, 0.000432948871920516]
[1014, 0.000432948871920516]
[1015, 0.000432948871920516]
[1020, 0.000432948871920516]
[1021, 0.000432948871920516]
[1022, 0.000432948871920516]
[1023, 0.000432948871920516]
[1024, 0.000432948871920516]
[1025, 0.000432948871920516]
[1026, 0.000432948871920516]
[1027, 0.000432948871920516]
[1032, 0.000432948871920516]
[1033, 0.000432948871920516]
[1034, 0.000432948871920516]
[1035, 0.000432948871920516]
[1044, 0.000432948871920516]
[1045, 0.000432948871920516]
[1046, 0.000432948871920516]
[1047, 0.000432948871920516]
[1056, 0.000432948871920516]
[1057, 0.000432948871920516]
[1058, 0.000432948871920516]
[1059, 0.000432948871920516]
[1060, 0.000432948871920516]
[1061, 0.000432948871920516]
[1062, 0.000432948871920516]
[1063, 0.000432948871920516]
[1064, 0.000432948871920516]
[1065, 0.000432948871920516]
[1066, 0.000432948871920516]
[1067, 0.000432948871920516]
[1068, 0.000432948871920516]
[1069, 0.000432948871920516]
[1070, 0.000432948871920516]
[1071, 0.000432948871920516]
[1072, 0.000432948871920516]
[1073, 0.000432948871920516]
[1074, 0.000432948871920516]
[1075, 0.000432948871920516]
[1076, 0.000432948871920516]
[1077, 0.000432948871920516]
[1078, 0.000432948871920516]
[1079, 0.000432948871920516]
[1080, 0.000432948871920516]
[1081, 0.000432948871920516]
[1082, 0.000432948871920516]
[1083, 0.000432948871920516]
[1084, 0.000432948871920516]
[1085, 0.000432948871920516]
[1086, 0.000432948871920516]
[1087, 0.000432948871920516]
[1088, 0.000432948871920516]
[1089, 0.000432948871920516]
[1090, 0.000432948871920516]
[1091, 0.000432948871920516]
[1092, 0.000432948871920516]
[1093, 0.000432948871920516]
[1094, 0.000432948871920516]
[1095, 0.000432948871920516]
[1104, 0.000432948871920516]
[1105, 0.000432948871920516]
[1106, 0.000432948871920516]
[1107, 0.000432948871920516]
[1116, 0.000432948871920516]
[1117, 0.000432948871920516]
[1118, 0.000432948871920516]
[1119, 0.000432948871920516]
[1128, 0.000432948871920516]
[1129, 0.000432948871920516]
[1130, 0.000432948871920516]
[1131, 0.000432948871920516]
[1140, 0.000432948871920516]
[1141, 0.000432948871920516]
[1142, 0.000432948871920516]
[1143, 0.000432948871920516]
[1152, 0.000432948871920516]
[1153, 0.000432948871920516]
[1154, 0.000432948871920516]
[1155, 0.000432948871920516]
[1156, 0.000432948871920516]
[1157, 0.000432948871920516]
[1158, 0.000432948871920516]
[1159, 0.000432948871920516]
[1160, 0.000432948871920516]
[1161, 0.000432948871920516]
[1162, 0.000432948871920516]
[1163, 0.000432948871920516]
[1164, 0.000432948871920516]
[1165, 0.000432948871920516]
[1166, 0.000432948871920516]
[1167, 0.000432948871920516]
[1168, 0.000432948871920516]
[1169, 0.000432948871920516]
[1170, 0.000432948871920516]
[1171, 0.000432948871920516]
[1176, 0.000432948871920516]
[1177, 0.000432948871920516]
[1178, 0.000432948871920516]
[1179, 0.000432948871920516]
[1180, 0.000432948871920516]
[1181, 0.000432948871920516]
[1182, 0.000432948871920516]
[1183, 0.000432948871920516]
[1188, 0.000432948871920516]
[1189, 0.000432948871920516]
[1190, 0.000432948871920516]
[1191, 0.000432948871920516]
[1200, 0.000432948871920516]
[1201, 0.000432948871920516]
[1202, 0.000432948871920516]
[1203, 0.000432948871920516]
[1212, 0.000432948871920516]
[1213, 0.000432948871920516]
[1214, 0.000432948871920516]
[1215, 0.000432948871920516]
[1224, 0.000432948871920516]
[1225, 0.000432948871920516]
[1226, 0.000432948871920516]
[1227, 0.000432948871920516]
[1236, 0.000432948871920516]
[1237, 0.000432948871920516]
[1238, 0.000432948871920516]
[1239, 0.000432948871920516]
[1248, 0.000432948871920516]
[1249, 0.000432948871920516]
[1250, 0.000432948871920516]
[1251, 0.000432948871920516]
[1252, 0.000432948871920516]
[1253, 0.000432948871920516]
[1254, 0.000432948871920516]
[1255, 0.000432948871920516]
[1256, 0.000432948871920516]
[1257, 0.000432948871920516]
[1258, 0.000432948871920516]
[1259, 0.000432948871920516]
[1260, 0.000432948871920516]
[1261, 0.000432948871920516]
[1262, 0.000432948871920516]
[1263, 0.000432948871920516]
[1272, 0.000432948871920516]
[1273, 0.000432948871920516]
[1274, 0.000432948871920516]
[1275, 0.000432948871920516]
[1284, 0.000432948871920516]
[1285, 0.000432948871920516]
[1286, 0.000432948871920516]
[1287, 0.000432948871920516]
[1296, 0.000432948871920516]
[1297, 0.000432948871920516]
[1298, 0.000432948871920516]
[1299, 0.000432948871920516]
[1308, 0.000432948871920516]
[1309, 0.000432948871920516]
[1310, 0.000432948871920516]
[1311, 0.000432948871920516]
[1320, 0.000432948871920516]
[1321, 0.000432948871920516]
[1322, 0.000432948871920516]
[1323, 0.000432948871920516]
[1332, 0.000432948871920516]
[1333, 0.000432948871920516]
[1334, 0.000432948871920516]
[1335, 0.000432948871920516]
[1344, 0.000432948871920516]
[1345, 0.000432948871920516]
[1346, 0.000432948871920516]
[1347, 0.000432948871920516]
[1348, 0.000432948871920516]
[1349, 0.000432948871920516]
[1350, 0.000432948871920516]
[1351, 0.000432948871920516]
[1352, 0.000432948871920516]
[1353, 0.000432948871920516]
[1354, 0.000432948871920516]
[1355, 0.000432948871920516]
[1440, 0.000432948871920516]
[1441, 0.000432948871920516]
[1442, 0.000432948871920516]
[1443, 0.000432948871920516]
[1444, 0.000432948871920516]
[1445, 0.000432948871920516]
[1446, 0.000432948871920516]
[1447, 0.000432948871920516]
[1448, 0.000432948871920516]
[1449, 0.000432948871920516]
[1450, 0.000432948871920516]
[1451, 0.000432948871920516]
[1452, 0.000432948871920516]
[1453, 0.000432948871920516]
[1454, 0.000432948871920516]
[1455, 0.000432948871920516]
[1456, 0.000432948871920516]
[1457, 0.000432948871920516]
[1458, 0.000432948871920516]
[1459, 0.000432948871920516]
[1460, 0.000432948871920516]
[1461, 0.000432948871920516]
[1462, 0.000432948871920516]
[1463, 0.000432948871920516]
[1464, 0.000432948871920516]
[1465, 0.000432948871920516]
[1466, 0.000432948871920516]
[1467, 0.000432948871920516]
[1468, 0.000432948871920516]
[1469, 0.000432948871920516]
[1470, 0.000432948871920516]
[1471, 0.000432948871920516]
[1472, 0.000432948871920516]
[1473, 0.000432948871920516]
[1474, 0.000432948871920516]
[1475, 0.000432948871920516]
[1476, 0.000432948871920516]
[1477, 0.000432948871920516]
[1478, 0.000432948871920516]
[1479, 0.000432948871920516]
[1480, 0.000432948871920516]
[1481, 0.000432948871920516]
[1482, 0.000432948871920516]
[1483, 0.000432948871920516]
[1488, 0.000432948871920516]
[1489, 0.000432948871920516]
[1490, 0.000432948871920516]
[1491, 0.000432948871920516]
[1492, 0.000432948871920516]
[1493, 0.000432948871920516]
[1494, 0.000432948871920516]
[1495, 0.000432948871920516]
[1500, 0.000432948871920516]
[1501, 0.000432948871920516]
[1502, 0.000432948871920516]
[1503, 0.000432948871920516]
[1512, 0.000432948871920516]
[1513, 0.000432948871920516]
[1514, 0.000432948871920516]
[1515, 0.000432948871920516]
[1524, 0.000432948871920516]
[1525, 0.000432948871920516]
[1526, 0.000432948871920516]
[1527, 0.000432948871920516]
[1536, 0.000432948871920516]
[1537, 0.000432948871920516]
[1538, 0.000432948871920516]
[1539, 0.000432948871920516]
[1540, 0.000432948871920516]
[1541, 0.000432948871920516]
[1542, 0.000432948871920516]
[1543, 0.000432948871920516]
[1544, 0.000432948871920516]
[1545, 0.000432948871920516]
[1546, 0.000432948871920516]
[1547, 0.000432948871920516]
[1548, 0.000432948871920516]
[1549, 0.000432948871920516]
[1550, 0.000432948871920516]
[1551, 0.000432948871920516]
[1552, 0.000432948871920516]
[1553, 0.000432948871920516]
[1554, 0.000432948871920516]
[1555, 0.000432948871920516]
[1556, 0.000432948871920516]
[1557, 0.000432948871920516]
[1558, 0.000432948871920516]
[1559, 0.000432948871920516]
[1560, 0.000432948871920516]
[1561, 0.000432948871920516]
[1562, 0.000432948871920516]
[1563, 0.000432948871920516]
[1564, 0.000432948871920516]
[1565, 0.000432948871920516]
[1566, 0.000432948871920516]
[1567, 0.000432948871920516]
[1568, 0.000432948871920516]
[1569, 0.000432948871920516]
[1570, 0.000432948871920516]
[1571, 0.000432948871920516]
[1572, 0.000432948871920516]
[1573, 0.000432948871920516]
[1574, 0.000432948871920516]
[1575, 0.000432948871920516]
[1584, 0.000432948871920516]
[1585, 0.000432948871920516]
[1586, 0.000432948871920516]
[1587, 0.000432948871920516]
[1596, 0.000432948871920516]
[1597, 0.000432948871920516]
[1598, 0.000432948871920516]
[1599, 0.000432948871920516]
[1608, 0.000432948871920516]
[1609, 0.000432948871920516]
[1610, 0.000432948871920516]
[1611, 0.000432948871920516]
[1620, 0.000432948871920516]
[1621, 0.000432948871920516]
[1622, 0.000432948871920516]
[1623, 0.000432948871920516]
[1632, 0.000432948871920516]
[1633, 0.000432948871920516]
[1634, 0.000432948871920516]
[1635, 0.000432948871920516]
[1636, 0.000432948871920516]
[1637, 0.000432948871920516]
[1638, 0.000432948871920516]
[1639, 0.000432948871920516]
[1644, 0.000432948871920516]
[1645, 0.000432948871920516]
[1646, 0.000432948871920516]
[1647, 0.000432948871920516]
[1648, 0.000432948871920516]
[1649, 0.000432948871920516]
[1650, 0.000432948871920516]
[1651, 0.000432948871920516]
[1656, 0.000432948871920516]
[1657, 0.000432948871920516]
[1658, 0.000432948871920516]
[1659, 0.000432948871920516]
[1660, 0.000432948871920516]
[1661, 0.000432948871920516]
[1662, 0.000432948871920516]
[1663, 0.000432948871920516]
[1668, 0.000432948871920516]
[1669, 0.000432948871920516]
[1670, 0.000432948871920516]
[1671, 0.000432948871920516]
[1680, 0.000432948871920516]
[1681, 0.000432948871920516]
[1682, 0.000432948871920516]
[1683, 0.000432948871920516]
[1692, 0.000432948871920516]
[1693, 0.000432948871920516]
[1694, 0.000432948871920516]
[1695, 0.000432948871920516]
[1704, 0.000432948871920516]
[1705, 0.000432948871920516]
[1706, 0.000432948871920516]
[1707, 0.000432948871920516]
[1716, 0.000432948871920516]
[1717, 0.000432948871920516]
[1718, 0.000432948871920516]
[1719, 0.000432948871920516]
[1728, 0.000432948871920516]
[1729, 0.000432948871920516]
[1730, 0.000432948871920516]
[1731, 0.000432948871920516]
[1740, 0.000432948871920516]
[1741, 0.000432948871920516]
[1742, 0.000432948871920516]
[1743, 0.000432948871920516]
[1752, 0.000432948871920516]
[1753, 0.000432948871920516]
[1754, 0.000432948871920516]
[1755, 0.000432948871920516]
[1764, 0.000432948871920516]
[1765, 0.000432948871920516]
[1766, 0.000432948871920516]
[1767, 0.000432948871920516]
[1776, 0.000432948871920516]
[1777, 0.000432948871920516]
[1778, 0.000432948871920516]
[1779, 0.000432948871920516]
[1788, 0.000432948871920516]
[1789, 0.000432948871920516]
[1790, 0.000432948871920516]
[1791, 0.000432948871920516]
[1800, 0.000432948871920516]
[1801, 0.000432948871920516]
[1802, 0.000432948871920516]
[1803, 0.000432948871920516]
[1812, 0.000432948871920516]
[1813, 0.000432948871920516]
[1814, 0.000432948871920516]
[1815, 0.000432948871920516]
[1920, 0.000432948871920516]
[1921, 0.000432948871920516]
[1922, 0.000432948871920516]
[1923, 0.000432948871920516]
[1924, 0.000432948871920516]
[1925, 0.000432948871920516]
[1926, 0.000432948871920516]
[1927, 0.000432948871920516]
[1928, 0.000432948871920516]
[1929, 0.000432948871920516]
[1930, 0.000432948871920516]
[1931, 0.000432948871920516]
[1932, 0.000432948871920516]
[1933, 0.000432948871920516]
[1934, 0.000432948871920516]
[1935, 0.000432948871920516]
[1936, 0.000432948871920516]
[1937, 0.000432948871920516]
[1938, 0.000432948871920516]
[1939, 0.000432948871920516]
[1940, 0.000432948871920516]
[1941, 0.000432948871920516]
[1942, 0.000432948871920516]
[1943, 0.000432948871920516]
[1944, 0.000432948871920516]
[1945, 0.000432948871920516]
[1946, 0.000432948871920516]
[1947, 0.000432948871920516]
[1948, 0.000432948871920516]
[1949, 0.000432948871920516]
[1950, 0.000432948871920516]
[1951, 0.000432948871920516]
[1952, 0.000432948871920516]
[1953, 0.000432948871920516]
[1954, 0.000432948871920516]
[1955, 0.000432948871920516]
[1956, 0.000432948871920516]
[1957, 0.000432948871920516]
[1958, 0.000432948871920516]
[1959, 0.000432948871920516]
[1960, 0.000432948871920516]
[1961, 0.000432948871920516]
[1962, 0.000432948871920516]
[1963, 0.000432948871920516]
[1964, 0.000432948871920516]
[1965, 0.000432948871920516]
[1966, 0.000432948871920516]
[1967, 0.000432948871920516]
[1968, 0.000432948871920516]
[1969, 0.000432948871920516]
[1970, 0.000432948871920516]
[1971, 0.000432948871920516]
[1980, 0.000432948871920516]
[1981, 0.000432948871920516]
[1982, 0.000432948871920516]
[1983, 0.000432948871920516]
[1992, 0.000432948871920516]
[1993, 0.000432948871920516]
[1994, 0.000432948871920516]
[1995, 0.000432948871920516]
[2004, 0.000432948871920516]
[2005, 0.000432948871920516]
[2006, 0.000432948871920516]
[2007, 0.000432948871920516]
[2016, 0.000432948871920516]
[2017, 0.000432948871920516]
[2018, 0.000432948871920516]
[2019, 0.000432948871920516]
[2020, 0.000432948871920516]
[2021, 0.000432948871920516]
[2022, 0.000432948871920516]
[2023, 0.000432948871920516]
[2024, 0.000432948871920516]
[2025, 0.000432948871920516]
[2026, 0.000432948871920516]
[2027, 0.000432948871920516]
[2028, 0.000432948871920516]
[2029, 0.000432948871920516]
[2030, 0.000432948871920516]
[2031, 0.000432948871920516]
[2032, 0.000432948871920516]
[2033, 0.000432948871920516]
[2034, 0.000432948871920516]
[2035, 0.000432948871920516]
[2036, 0.000432948871920516]
[2037, 0.000432948871920516]
[2038, 0.000432948871920516]
[2039, 0.000432948871920516]
[2040, 0.000432948871920516]
[2041, 0.000432948871920516]
[2042, 0.000432948871920516]
[2043, 0.000432948871920516]
[2044, 0.000432948871920516]
[2045, 0.000432948871920516]
[2046, 0.000432948871920516]
[2047, 0.000432948871920516]
[2048, 0.000432948871920516]
[2049, 0.000432948871920516]
[2050, 0.000432948871920516]
[2051, 0.000432948871920516]
[2052, 0.000432948871920516]
[2053, 0.000432948871920516]
[2054, 0.000432948871920516]
[2055, 0.000432948871920516]
[2056, 0.000432948871920516]
[2057, 0.000432948871920516]
[2058, 0.000432948871920516]
[2059, 0.000432948871920516]
[2060, 0.000432948871920516]
[2061, 0.000432948871920516]
[2062, 0.000432948871920516]
[2063, 0.000432948871920516]
[2064, 0.000432948871920516]
[2065, 0.000432948871920516]
[2066, 0.000432948871920516]
[2067, 0.000432948871920516]
[2068, 0.000432948871920516]
[2069, 0.000432948871920516]
[2070, 0.000432948871920516]
[2071, 0.000432948871920516]
[2072, 0.000432948871920516]
[2073, 0.000432948871920516]
[2074, 0.000432948871920516]
[2075, 0.000432948871920516]
[2076, 0.000432948871920516]
[2077, 0.000432948871920516]
[2078, 0.000432948871920516]
[2079, 0.000432948871920516]
[2080, 0.000432948871920516]
[2081, 0.000432948871920516]
[2082, 0.000432948871920516]
[2083, 0.000432948871920516]
[2084, 0.000432948871920516]
[2085, 0.000432948871920516]
[2086, 0.000432948871920516]
[2087, 0.000432948871920516]
[2088, 0.000432948871920516]
[2089, 0.000432948871920516]
[2090, 0.000432948871920516]
[2091, 0.000432948871920516]
[2092, 0.000432948871920516]
[2093, 0.000432948871920516]
[2094, 0.000432948871920516]
[2095, 0.000432948871920516]
[2096, 0.000432948871920516]
[2097, 0.000432948871920516]
[2098, 0.000432948871920516]
[2099, 0.000432948871920516]
[2100, 0.000432948871920516]
[2101, 0.000432948871920516]
[2102, 0.000432948871920516]
[2103, 0.000432948871920516]
[2104, 0.000432948871920516]
[2105, 0.000432948871920516]
[2106, 0.000432948871920516]
[2107, 0.000432948871920516]
[2108, 0.000432948871920516]
[2109, 0.000432948871920516]
[2110, 0.000432948871920516]
[2111, 0.000432948871920516]
[2112, 0.000432948871920516]
[2113, 0.000432948871920516]
[2114, 0.000432948871920516]
[2115, 0.000432948871920516]
[2116, 0.000432948871920516]
[2117, 0.000432948871920516]
[2118, 0.000432948871920516]
[2119, 0.000432948871920516]
[2120, 0.000432948871920516]
[2121, 0.000432948871920516]
[2122, 0.000432948871920516]
[2123, 0.000432948871920516]
[2124, 0.000432948871920516]
[2125, 0.000432948871920516]
[2126, 0.000432948871920516]
[2127, 0.000432948871920516]
[2128, 0.000432948871920516]
[2129, 0.000432948871920516]
[2130, 0.000432948871920516]
[2131, 0.000432948871920516]
[2132, 0.000432948871920516]
[2133, 0.000432948871920516]
[2134, 0.000432948871920516]
[2135, 0.000432948871920516]
[2136, 0.000432948871920516]
[2137, 0.000432948871920516]
[2138, 0.000432948871920516]
[2139, 0.000432948871920516]
[2140, 0.000432948871920516]
[2141, 0.000432948871920516]
[2142, 0.000432948871920516]
[2143, 0.000432948871920516]
[2144, 0.000432948871920516]
[2145, 0.000432948871920516]
[2146, 0.000432948871920516]
[2147, 0.000432948871920516]
[2148, 0.000432948871920516]
[2149, 0.000432948871920516]
[2150, 0.000432948871920516]
[2151, 0.000432948871920516]
[2152, 0.000432948871920516]
[2153, 0.000432948871920516]
[2154, 0.000432948871920516]
[2155, 0.000432948871920516]
[2156, 0.000432948871920516]
[2157, 0.000432948871920516]
[2158, 0.000432948871920516]
[2159, 0.000432948871920516]
[2160, 0.000432948871920516]
[2161, 0.000432948871920516]
[2162, 0.000432948871920516]
[2163, 0.000432948871920516]
[2164, 0.000432948871920516]
[2165, 0.000432948871920516]
[2166, 0.000432948871920516]
[2167, 0.000432948871920516]
[2172, 0.000432948871920516]
[2173, 0.000432948871920516]
[2174, 0.000432948871920516]
[2175, 0.000432948871920516]
[2176, 0.000432948871920516]
[2177, 0.000432948871920516]
[2178, 0.000432948871920516]
[2179, 0.000432948871920516]
[2184, 0.000432948871920516]
[2185, 0.000432948871920516]
[2186, 0.000432948871920516]
[2187, 0.000432948871920516]
[2188, 0.000432948871920516]
[2189, 0.000432948871920516]
[2190, 0.000432948871920516]
[2191, 0.000432948871920516]
[2196, 0.000432948871920516]
[2197, 0.000432948871920516]
[2198, 0.000432948871920516]
[2199, 0.000432948871920516]
[2200, 0.000432948871920516]
[2201, 0.000432948871920516]
[2202, 0.000432948871920516]
[2203, 0.000432948871920516]
[2208, 0.000432948871920516]
[2209, 0.000432948871920516]
[2210, 0.000432948871920516]
[2211, 0.000432948871920516]
[2212, 0.000432948871920516]
[2213, 0.000432948871920516]
[2214, 0.000432948871920516]
[2215, 0.000432948871920516]
[2216, 0.000432948871920516]
[2217, 0.000432948871920516]
[2218, 0.000432948871920516]
[2219, 0.000432948871920516]
[2220, 0.000432948871920516]
[2221, 0.000432948871920516]
[2222, 0.000432948871920516]
[2223, 0.000432948871920516]
[2224, 0.000432948871920516]
[2225, 0.000432948871920516]
[2226, 0.000432948871920516]
[2227, 0.000432948871920516]
[2228, 0.000432948871920516]
[2229, 0.000432948871920516]
[2230, 0.000432948871920516]
[2231, 0.000432948871920516]
[2232, 0.000432948871920516]
[2233, 0.000432948871920516]
[2234, 0.000432948871920516]
[2235, 0.000432948871920516]
[2236, 0.000432948871920516]
[2237, 0.000432948871920516]
[2238, 0.000432948871920516]
[2239, 0.000432948871920516]
[2240, 0.000432948871920516]
[2241, 0.000432948871920516]
[2242, 0.000432948871920516]
[2243, 0.000432948871920516]
[2244, 0.000432948871920516]
[2245, 0.000432948871920516]
[2246, 0.000432948871920516]
[2247, 0.000432948871920516]
[2248, 0.000432948871920516]
[2249, 0.000432948871920516]
[2250, 0.000432948871920516]
[2251, 0.000432948871920516]
[2252, 0.000432948871920516]
[2253, 0.000432948871920516]
[2254, 0.000432948871920516]
[2255, 0.000432948871920516]
[2256, 0.000432948871920516]
[2257, 0.000432948871920516]
[2258, 0.000432948871920516]
[2259, 0.000432948871920516]
[2268, 0.000432948871920516]
[2269, 0.000432948871920516]
[2270, 0.000432948871920516]
[2271, 0.000432948871920516]
[2280, 0.000432948871920516]
[2281, 0.000432948871920516]
[2282, 0.000432948871920516]
[2283, 0.000432948871920516]
[2292, 0.000432948871920516]
[2293, 0.000432948871920516]
[2294, 0.000432948871920516]
[2295, 0.000432948871920516]
[2304, 0.000432948871920516]
[2305, 0.000432948871920516]
[2306, 0.000432948871920516]
[2307, 0.000432948871920516]
[2308, 0.000432948871920516]
[2309, 0.000432948871920516]
[2310, 0.000432948871920516]
[2311, 0.000432948871920516]
[2312, 0.000432948871920516]
[2313, 0.000432948871920516]
[2314, 0.000432948871920516]
[2315, 0.000432948871920516]
[2316, 0.000432948871920516]
[2317, 0.000432948871920516]
[2318, 0.000432948871920516]
[2319, 0.000432948871920516]
[2320, 0.000432948871920516]
[2321, 0.000432948871920516]
[2322, 0.000432948871920516]
[2323, 0.000432948871920516]
[2324, 0.000432948871920516]
[2325, 0.000432948871920516]
[2326, 0.000432948871920516]
[2327, 0.000432948871920516]
[2328, 0.000432948871920516]
[2329, 0.000432948871920516]
[2330, 0.000432948871920516]
[2331, 0.000432948871920516]
[2332, 0.000432948871920516]
[2333, 0.000432948871920516]
[2334, 0.000432948871920516]
[2335, 0.000432948871920516]
[2336, 0.000432948871920516]
[2337, 0.000432948871920516]
[2338, 0.000432948871920516]
[2339, 0.000432948871920516]
[2340, 0.000432948871920516]
[2341, 0.000432948871920516]
[2342, 0.000432948871920516]
[2343, 0.000432948871920516]
[2344, 0.000432948871920516]
[2345, 0.000432948871920516]
[2346, 0.000432948871920516]
[2347, 0.000432948871920516]
[2348, 0.000432948871920516]
[2349, 0.000432948871920516]
[2350, 0.000432948871920516]
[2351, 0.000432948871920516]
[2352, 0.000432948871920516]
[2353, 0.000432948871920516]
[2354, 0.000432948871920516]
[2355, 0.000432948871920516]
[2364, 0.000432948871920516]
[2365, 0.000432948871920516]
[2366, 0.000432948871920516]
[2367, 0.000432948871920516]
[2376, 0.000432948871920516]
[2377, 0.000432948871920516]
[2378, 0.000432948871920516]
[2379, 0.000432948871920516]
[2388, 0.000432948871920516]
[2389, 0.000432948871920516]
[2390, 0.000432948871920516]
[2391, 0.000432948871920516]
[2400, 0.000432948871920516]
[2401, 0.000432948871920516]
[2402, 0.000432948871920516]
[2403, 0.000432948871920516]
[2404, 0.000432948871920516]
[2405, 0.000432948871920516]
[2406, 0.000432948871920516]
[2407, 0.000432948871920516]
[2408, 0.000432948871920516]
[2409, 0.000432948871920516]
[2410, 0.000432948871920516]
[2411, 0.000432948871920516]
[2412, 0.000432948871920516]
[2413, 0.000432948871920516]
[2414, 0.000432948871920516]
[2415, 0.000432948871920516]
[2416, 0.000432948871920516]
[2417, 0.000432948871920516]
[2418, 0.000432948871920516]
[2419, 0.000432948871920516]
[2420, 0.000432948871920516]
[2421, 0.000432948871920516]
[2422, 0.000432948871920516]
[2423, 0.000432948871920516]
[2424, 0.000432948871920516]
[2425, 0.000432948871920516]
[2426, 0.000432948871920516]
[2427, 0.000432948871920516]
[2428, 0.000432948871920516]
[2429, 0.000432948871920516]
[2430, 0.000432948871920516]
[2431, 0.000432948871920516]
[2432, 0.000432948871920516]
[2433, 0.000432948871920516]
[2434, 0.000432948871920516]
[2435, 0.000432948871920516]
[2436, 0.000432948871920516]
[2437, 0.000432948871920516]
[2438, 0.000432948871920516]
[2439, 0.000432948871920516]
[2448, 0.000432948871920516]
[2449, 0.000432948871920516]
[2450, 0.000432948871920516]
[2451, 0.000432948871920516]
[2460, 0.000432948871920516]
[2461, 0.000432948871920516]
[2462, 0.000432948871920516]
[2463, 0.000432948871920516]
[2472, 0.000432948871920516]
[2473, 0.000432948871920516]
[2474, 0.000432948871920516]
[2475, 0.000432948871920516]
[2484, 0.000432948871920516]
[2485, 0.000432948871920516]
[2486, 0.000432948871920516]
[2487, 0.000432948871920516]
[2496, 0.000432948871920516]
[2497, 0.000432948871920516]
[2498, 0.000432948871920516]
[2499, 0.000432948871920516]
[2500, 0.000432948871920516]
[2501, 0.000432948871920516]
[2502, 0.000432948871920516]
[2503, 0.000432948871920516]
[2504, 0.000432948871920516]
[2505, 0.000432948871920516]
[2506, 0.000432948871920516]
[2507, 0.000432948871920516]
[2508, 0.000432948871920516]
[2509, 0.000432948871920516]
[2510, 0.000432948871920516]
[2511, 0.000432948871920516]
[2512, 0.000432948871920516]
[2513, 0.000432948871920516]
[2514, 0.000432948871920516]
[2515, 0.000432948871920516]
[2516, 0.000432948871920516]
[2517, 0.000432948871920516]
[2518, 0.000432948871920516]
[2519, 0.000432948871920516]
[2520, 0.000432948871920516]
[2521, 0.000432948871920516]
[2522, 0.000432948871920516]
[2523, 0.000432948871920516]
[2524, 0.000432948871920516]
[2525, 0.000432948871920516]
[2526, 0.000432948871920516]
[2527, 0.000432948871920516]
[2528, 0.000432948871920516]
[2529, 0.000432948871920516]
[2530, 0.000432948871920516]
[2531, 0.000432948871920516]
[2532, 0.000432948871920516]
[2533, 0.000432948871920516]
[2534, 0.000432948871920516]
[2535, 0.000432948871920516]
[2536, 0.000432948871920516]
[2537, 0.000432948871920516]
[2538, 0.000432948871920516]
[2539, 0.000432948871920516]
[2540, 0.000432948871920516]
[2541, 0.000432948871920516]
[2542, 0.000432948871920516]
[2543, 0.000432948871920516]
[2544, 0.000432948871920516]
[2545, 0.000432948871920516]
[2546, 0.000432948871920516]
[2547, 0.000432948871920516]
[2548, 0.000432948871920516]
[2549, 0.000432948871920516]
[2550, 0.000432948871920516]
[2551, 0.000432948871920516]
[2552, 0.000432948871920516]
[2553, 0.000432948871920516]
[2554, 0.000432948871920516]
[2555, 0.000432948871920516]
[2556, 0.000432948871920516]
[2557, 0.000432948871920516]
[2558, 0.000432948871920516]
[2559, 0.000432948871920516]
[2560, 0.000432948871920516]
[2561, 0.000432948871920516]
[2562, 0.000432948871920516]
[2563, 0.000432948871920516]
[2564, 0.000432948871920516]
[2565, 0.000432948871920516]
[2566, 0.000432948871920516]
[2567, 0.000432948871920516]
[2568, 0.000432948871920516]
[2569, 0.000432948871920516]
[2570, 0.000432948871920516]
[2571, 0.000432948871920516]
[2572, 0.000432948871920516]
[2573, 0.000432948871920516]
[2574, 0.000432948871920516]
[2575, 0.000432948871920516]
[2576, 0.000432948871920516]
[2577, 0.000432948871920516]
[2578, 0.000432948871920516]
[2579, 0.000432948871920516]
[2580, 0.000432948871920516]
[2581, 0.000432948871920516]
[2582, 0.000432948871920516]
[2583, 0.000432948871920516]
[2584, 0.000432948871920516]
[2585, 0.000432948871920516]
[2586, 0.000432948871920516]
[2587, 0.000432948871920516]
[2588, 0.000432948871920516]
[2589, 0.000432948871920516]
[2590, 0.000432948871920516]
[2591, 0.000432948871920516]
[2592, 0.000432948871920516]
[2593, 0.000432948871920516]
[2594, 0.000432948871920516]
[2595, 0.000432948871920516]
[2596, 0.000432948871920516]
[2597, 0.000432948871920516]
[2598, 0.000432948871920516]
[2599, 0.000432948871920516]
[2600, 0.000432948871920516]
[2601, 0.000432948871920516]
[2602, 0.000432948871920516]
[2603, 0.000432948871920516]
[2604, 0.000432948871920516]
[2605, 0.000432948871920516]
[2606, 0.000432948871920516]
[2607, 0.000432948871920516]
[2608, 0.000432948871920516]
[2609, 0.000432948871920516]
[2610, 0.000432948871920516]
[2611, 0.000432948871920516]
[2612, 0.000432948871920516]
[2613, 0.000432948871920516]
[2614, 0.000432948871920516]
[2615, 0.000432948871920516]
[2616, 0.000432948871920516]
[2617, 0.000432948871920516]
[2618, 0.000432948871920516]
[2619, 0.000432948871920516]
[2620, 0.000432948871920516]
[2621, 0.000432948871920516]
[2622, 0.000432948871920516]
[2623, 0.000432948871920516]
[2624, 0.000432948871920516]
[2625, 0.000432948871920516]
[2626, 0.000432948871920516]
[2627, 0.000432948871920516]
[2628, 0.000432948871920516]
[2629, 0.000432948871920516]
[2630, 0.000432948871920516]
[2631, 0.000432948871920516]
[2632, 0.000432948871920516]
[2633, 0.000432948871920516]
[2634, 0.000432948871920516]
[2635, 0.000432948871920516]
[2640, 0.000432948871920516]
[2641, 0.000432948871920516]
[2642, 0.000432948871920516]
[2643, 0.000432948871920516]
[2644, 0.000432948871920516]
[2645, 0.000432948871920516]
[2646, 0.000432948871920516]
[2647, 0.000432948871920516]
[2652, 0.000432948871920516]
[2653, 0.000432948871920516]
[2654, 0.000432948871920516]
[2655, 0.000432948871920516]
[2656, 0.000432948871920516]
[2657, 0.000432948871920516]
[2658, 0.000432948871920516]
[2659, 0.000432948871920516]
[2664, 0.000432948871920516]
[2665, 0.000432948871920516]
[2666, 0.000432948871920516]
[2667, 0.000432948871920516]
[2668, 0.000432948871920516]
[2669, 0.000432948871920516]
[2670, 0.000432948871920516]
[2671, 0.000432948871920516]
[2676, 0.000432948871920516]
[2677, 0.000432948871920516]
[2678, 0.000432948871920516]
[2679, 0.000432948871920516]
[2680, 0.000432948871920516]
[2681, 0.000432948871920516]
[2682, 0.000432948871920516]
[2683, 0.000432948871920516]
[2688, 0.000432948871920516]
[2689, 0.000432948871920516]
[2690, 0.000432948871920516]
[2691, 0.000432948871920516]
[2692, 0.000432948871920516]
[2693, 0.000432948871920516]
[2694, 0.000432948871920516]
[2695, 0.000432948871920516]
[2696, 0.000432948871920516]
[2697, 0.000432948871920516]
[2698, 0.000432948871920516]
[2699, 0.000432948871920516]
[2700, 0.000432948871920516]
[2701, 0.000432948871920516]
[2702, 0.000432948871920516]
[2703, 0.000432948871920516]
[2704, 0.000432948871920516]
[2705, 0.000432948871920516]
[2706, 0.000432948871920516]
[2707, 0.000432948871920516]
[2708, 0.000432948871920516]
[2709, 0.000432948871920516]
[2710, 0.000432948871920516]
[2711, 0.000432948871920516]
[2712, 0.000432948871920516]
[2713, 0.000432948871920516]
[2714, 0.000432948871920516]
[2715, 0.000432948871920516]
[2716, 0.000432948871920516]
[2717, 0.000432948871920516]
[2718, 0.000432948871920516]
[2719, 0.000432948871920516]
[2720, 0.000432948871920516]
[2721, 0.000432948871920516]
[2722, 0.000432948871920516]
[2723, 0.000432948871920516]
[2724, 0.000432948871920516]
[2725, 0.000432948871920516]
[2726, 0.000432948871920516]
[2727, 0.000432948871920516]
[2736, 0.000432948871920516]
[2737, 0.000432948871920516]
[2738, 0.000432948871920516]
[2739, 0.000432948871920516]
[2748, 0.000432948871920516]
[2749, 0.000432948871920516]
[2750, 0.000432948871920516]
[2751, 0.000432948871920516]
[2760, 0.000432948871920516]
[2761, 0.000432948871920516]
[2762, 0.000432948871920516]
[2763, 0.000432948871920516]
[2772, 0.000432948871920516]
[2773, 0.000432948871920516]
[2774, 0.000432948871920516]
[2775, 0.000432948871920516]
[2784, 0.000432948871920516]
[2785, 0.000432948871920516]
[2786, 0.000432948871920516]
[2787, 0.000432948871920516]
[2788, 0.000432948871920516]
[2789, 0.000432948871920516]
[2790, 0.000432948871920516]
[2791, 0.000432948871920516]
[2792, 0.000432948871920516]
[2793, 0.000432948871920516]
[2794, 0.000432948871920516]
[2795, 0.000432948871920516]
[2796, 0.000432948871920516]
[2797, 0.000432948871920516]
[2798, 0.000432948871920516]
[2799, 0.000432948871920516]
[2800, 0.000432948871920516]
[2801, 0.000432948871920516]
[2802, 0.000432948871920516]
[2803, 0.000432948871920516]
[2804, 0.000432948871920516]
[2805, 0.000432948871920516]
[2806, 0.000432948871920516]
[2807, 0.000432948871920516]
[2808, 0.000432948871920516]
[2809, 0.000432948871920516]
[2810, 0.000432948871920516]
[2811, 0.000432948871920516]
[2812, 0.000432948871920516]
[2813, 0.000432948871920516]
[2814, 0.000432948871920516]
[2815, 0.000432948871920516]
[2816, 0.000432948871920516]
[2817, 0.000432948871920516]
[2818, 0.000432948871920516]
[2819, 0.000432948871920516]
[2820, 0.000432948871920516]
[2821, 0.000432948871920516]
[2822, 0.000432948871920516]
[2823, 0.000432948871920516]
[2832, 0.000432948871920516]
[2833, 0.000432948871920516]
[2834, 0.000432948871920516]
[2835, 0.000432948871920516]
[2844, 0.000432948871920516]
[2845, 0.000432948871920516]
[2846, 0.000432948871920516]
[2847, 0.000432948871920516]
[2856, 0.000432948871920516]
[2857, 0.000432948871920516]
[2858, 0.000432948871920516]
[2859, 0.000432948871920516]
[2868, 0.000432948871920516]
[2869, 0.000432948871920516]
[2870, 0.000432948871920516]
[2871, 0.000432948871920516]
