[68, [[14, 5.736842105263072], [39, 12.66533864541833]]]
[69, [[39, -5.56573705179278], [14, 6.224880382775154]]]
[70, [[39, -22.147410358565764], [14, -8.74162679425833]]]
[71, [[14, 2.157894736842131], [39, 2.9362549800797098]]]
[80, [[14, 5.736842105263072], [39, 12.66533864541833]]]
[81, [[39, -5.948207171314692], [49, 4.884210526315741], [14, 6.277511961722524]]]
[82, [[39, -22.147410358565764], [14, -8.74162679425833]]]
[83, [[14, 2.157894736842131], [39, 2.9362549800797098]]]
[92, [[49, -5.257894736842104], [40, -1.9753086419752748], [14, 4.626794258373117], [39, 11.820717131474069]]]
[93, [[39, -6.2509960159362095], [40, -4.000000000000014], [49, 4.584210526315729], [14, 6.110047846890012]]]
[94, [[39, -22.147410358565764], [14, -8.74162679425833]]]
[95, [[40, -1.2181069958847814], [49, 1.5947368421052062], [39, 2.0358565737052103], [14, 2.569377990430681]]]
[153, [[48, -5.140776699029075]]]
[160, [[14, 5.411483253588493], [39, 10.15139442231073]]]
[162, [[39, -18.56573705179281], [14, -6.062200956937772]]]
[164, [[48, -11.98543689320394], [46, -3.554945054945051], [33, 4.397435897435891], [14, 6.45454545454546], [45, 8.18719211822657], [39, 11.625498007968055]]]
[165, [[45, -13.862068965517238], [39, -13.713147410358573], [48, -5.024271844660163], [14, -4.779904306220089], [46, -4.3681318681317975], [33, -0.48290598290593323]]]
[166, [[39, -24.446215139442202], [45, -21.458128078817722], [33, -18.927350427350383], [46, -16.675824175824104], [48, -9.820388349514502], [14, -9.593301435406715]]]
[167, [[45, -3.044334975369388], [39, 1.6254980079681474], [33, 1.816239316239347], [46, 4.269230769230873], [14, 4.7894736842105345], [48, 6.6747572815533545]]]
[172, [[14, 5.411483253588493], [39, 10.15139442231073]]]
[174, [[39, -18.56573705179281], [14, -6.062200956937772]]]
[176, [[48, -11.98543689320394], [46, -3.554945054945051], [33, 4.397435897435891], [14, 6.45454545454546], [45, 8.18719211822657], [39, 11.625498007968055]]]
[177, [[45, -14.275862068965523], [39, -14.219123505976071], [34, -14.083333333333414], [48, -5.106796116504825], [49, -5.073684210526295], [14, -4.803827751196181], [46, -4.467032967032921], [33, -0.7735042735042441]]]
[178, [[39, -24.446215139442202], [45, -21.458128078817722], [33, -18.927350427350383], [46, -16.675824175824104], [48, -9.820388349514502], [14, -9.593301435406715]]]
[179, [[45, -3.044334975369388], [39, 1.6254980079681474], [33, 1.816239316239347], [46, 4.269230769230873], [14, 4.7894736842105345], [48, 6.6747572815533545]]]
[184, [[49, -3.594736842105249], [40, -1.333333333333286], [14, 4.464114832535813], [39, 9.68924302788841]]]
[186, [[39, -18.56573705179281], [14, -6.062200956937772]]]
[188, [[48, -13.067961165048587], [46, -9.065934065934059], [49, -5.599999999999966], [34, -3.8944444444444315], [40, -0.5514403292180674], [33, 2.0940170940171043], [45, 4.433497536945794], [14, 5.320574162679378], [39, 11.45418326693217]]]
[189, [[39, -14.609561752988014], [45, -14.285714285714263], [34, -14.161111111111225], [40, -12.880658436213949], [49, -5.694736842105243], [48, -5.475728155339809], [14, -5.215311004784709], [46, -4.527472527472483], [33, -0.9999999999999574]]]
[190, [[39, -24.446215139442202], [45, -21.458128078817722], [33, -18.927350427350383], [46, -16.675824175824104], [48, -9.820388349514502], [14, -9.593301435406715]]]
[191, [[34, -4.205555555555634], [45, -3.280788177339815], [40, -3.078189300411495], [39, 0.7290836653386634], [33, 1.4102564102565012], [46, 4.175824175824232], [14, 5.253588516746355], [49, 6.33684210526323], [48, 6.563106796116472]]]
[236, [[41, -2.0548523206750957]]]
[237, [[41, -14.957805907172997]]]
[239, [[41, -0.3502109704640901]]]
[248, [[41, -2.0548523206750957]]]
[249, [[41, -15.485232067510566], [48, -14.572815533980588]]]
[251, [[41, -0.3502109704640901]]]
[256, [[48, -10.495145631067956], [46, -2.351648351648379], [33, 3.756410256410227], [45, 5.266009852216712]]]
[258, [[45, -20.201970443349772], [33, -16.021367521367473], [46, -13.868131868131854], [48, -6.126213592232965]]]
[260, [[48, -14.184466019417371], [41, -3.9409282700421926], [46, -2.3241758241758106], [33, 4.465811965811952], [45, 8.029556650246363]]]
[261, [[41, -15.729957805907219], [48, -14.844660194174821], [46, -11.64285714285711], [45, -10.837438423645267], [33, -8.380341880341874]]]
[262, [[41, -28.54008438818562], [45, -26.275862068965523], [33, -20.876068376068368], [46, -19.895604395604465], [48, -9.873786407767028]]]
[263, [[45, -5.871921182265986], [41, -1.0548523206750389], [33, 1.730769230769198], [46, 3.3241758241757537], [48, 7.2524271844660575]]]
[268, [[48, -10.495145631067956], [46, -2.351648351648379], [33, 3.756410256410227], [45, 5.266009852216712]]]
[270, [[45, -20.201970443349772], [33, -16.021367521367473], [46, -13.868131868131854], [48, -6.126213592232965]]]
[272, [[48, -14.184466019417371], [41, -3.9409282700421926], [46, -2.3241758241758106], [33, 4.465811965811952], [45, 8.029556650246363]]]
[273, [[15, -21.618811881188066], [41, -15.924050632911417], [48, -14.990291262135955], [47, -13.943722943722932], [46, -11.708791208791183], [45, -11.11330049261079], [36, -10.35955056179779], [33, -8.628205128205124], [34, -8.3333333333334]]]
[274, [[41, -28.54008438818562], [45, -26.275862068965523], [33, -20.876068376068368], [46, -19.895604395604465], [48, -9.873786407767028]]]
[275, [[45, -5.871921182265986], [41, -1.0548523206750389], [33, 1.730769230769198], [46, 3.3241758241757537], [48, 7.2524271844660575]]]
[280, [[48, -11.364077669902883], [46, -7.005494505494525], [34, -2.4222222222221887], [33, 1.7735042735042654], [45, 2.2561576354679858]]]
[282, [[45, -20.201970443349772], [33, -16.021367521367473], [46, -13.868131868131854], [48, -6.126213592232965]]]
[284, [[47, -21.290043290043243], [48, -15.257281553398016], [3, -14.233502538071022], [43, -9.205128205128204], [41, -8.531645569620238], [46, -7.785714285714221], [15, -7.608910891089138], [36, -7.10674157303373], [34, -2.3111111111110603], [35, 1.0418848167539352], [33, 2.213675213675188], [45, 4.280788177339971], [37, 4.435233160621749], [38, 9.094444444444406]]]
[285, [[15, -21.99504950495043], [38, -17.527777777777743], [41, -16.742616033755297], [43, -16.241025641025573], [3, -16.010152284263967], [48, -15.354368932038867], [35, -15.041884816753964], [47, -14.173160173160142], [46, -11.917582417582366], [37, -11.41968911917101], [45, -11.039408866995018], [36, -11.016853932584297], [33, -8.85470085470088], [34, -8.2222222222223]]]
[286, [[41, -28.54008438818562], [45, -26.275862068965523], [33, -20.876068376068368], [46, -19.895604395604465], [48, -9.873786407767028]]]
[287, [[45, -5.798029556650263], [43, -4.774358974358989], [35, -4.455497382198928], [34, -2.633333333333411], [41, -1.92405063291136], [38, -1.0833333333332575], [33, 1.1452991452990915], [37, 1.202072538860051], [36, 2.2752808988764315], [46, 2.9505494505494454], [15, 5.202970297029751], [3, 6.8121827411167715], [48, 7.131067961165073], [47, 8.571428571428541]]]
[328, [[41, -2.3080168776371153]]]
[332, [[41, -2.5864978902953766]]]
[333, [[41, -7.438818565400794]]]
[335, [[41, -1.0590717299576937]]]
[340, [[41, -2.3080168776371153]]]
[344, [[41, -2.5864978902953766]]]
[345, [[41, -7.97468354430373]]]
[347, [[41, -1.0590717299576937]]]
[352, [[41, -3.637130801687732]]]
[354, [[41, -27.98312236286914]]]
[356, [[9, -17.035242290748897], [5, -9.180000000000035], [41, -4.198312236286938], [30, 9.423076923076948]]]
[357, [[5, -20.490000000000066], [9, -18.330396475770883], [30, -14.862637362637429], [41, -8.189873417721401]]]
[358, [[41, -34.22362869198314], [30, -20.983516483516482], [5, -12.620000000000019], [9, -11.687224669603552]]]
[359, [[30, -2.302197802197824], [41, -1.5063291139239823], [5, 2.6399999999999864], [9, 5.149779735682841]]]
[364, [[41, -3.637130801687732]]]
[366, [[41, -27.98312236286914]]]
[368, [[9, -17.035242290748897], [5, -9.180000000000035], [41, -4.198312236286938], [30, 9.423076923076948]]]
[369, [[15, -27.9999999999998], [5, -20.725000000000136], [9, -18.51101321585898], [47, -16.12121212121204], [30, -15.862637362637429], [36, -15.224719101123469], [41, -8.354430379746788], [6, -3.7467248908296256]]]
[370, [[41, -34.22362869198314], [30, -20.983516483516482], [5, -12.620000000000019], [9, -11.687224669603552]]]
[371, [[30, -2.302197802197824], [41, -1.5063291139239823], [5, 2.6399999999999864], [9, 5.149779735682841]]]
[376, [[47, -19.272727272727266], [3, -13.299492385786806], [43, -7.835897435897451], [15, -7.569306930693045], [41, -7.122362869198369], [36, -5.786516853932596], [37, 3.5077720207253833], [38, 5.994444444444412]]]
[378, [[41, -27.98312236286914]]]
[380, [[1, -27.265306122448948], [47, -24.78787878787881], [2, -22.06437768240349], [8, -19.87499999999997], [18, -18.119402985074615], [9, -18.00000000000003], [3, -17.05583756345186], [10, -13.591397849462325], [6, -12.746724890829768], [29, -10.435233160621692], [5, -9.894999999999968], [15, -8.638613861386176], [41, -8.459915611814338], [43, -8.01538461538459], [21, -6.964071856287404], [36, -6.241573033707908], [42, -4.255952380952394], [16, -1.216494845360785], [28, 0.22105263157901334], [17, 4.609375000000014], [37, 4.906735751295344], [30, 6.76373626373632], [38, 8.36666666666666]]]
[381, [[16, -28.28865979381436], [15, -28.232673267326533], [17, -26.90104166666677], [18, -26.029850746268608], [21, -21.68263473053898], [5, -21.06500000000011], [10, -19.494623655913983], [3, -18.791878172588895], [9, -18.722466960352364], [8, -17.51923076923083], [2, -17.12875536480678], [37, -16.89637305699472], [38, -16.622222222222234], [30, -16.456043956044], [47, -16.242424242424164], [36, -15.803370786516695], [42, -15.767857142857139], [1, -15.37142857142851], [29, -12.704663212435207], [43, -11.451282051281964], [41, -8.814345991561169], [28, -8.705263157894649], [6, -3.925764192139667]]]
[382, [[41, -34.22362869198314], [30, -20.983516483516482], [5, -12.620000000000019], [9, -11.687224669603552]]]
[383, [[29, -5.958549222797913], [43, -5.051282051282101], [38, -4.522222222222226], [30, -3.5989010989010666], [28, -3.5684210526315354], [17, -3.3697916666667567], [42, -3.0416666666667], [37, -2.2849740932641964], [16, -1.8144329896907152], [36, -1.7808988764044216], [41, -1.7257383966244078], [6, -0.5283842794759153], [15, 0.3514851485149819], [21, 1.7065868263472481], [5, 2.6549999999999017], [18, 3.2935323383084807], [10, 3.8172043010751793], [3, 4.812182741116729], [9, 5.154185022026482], [8, 5.769230769230674], [2, 6.416309012875658], [47, 7.160173160173173], [1, 8.01632653061219]]]
[420, [[41, -1.38818565400841]]]
[421, [[41, -2.81434599156114]]]
[423, [[41, -0.41772151898726406]]]
[424, [[41, -1.6666666666666998]]]
[425, [[41, -2.81434599156114]]]
[427, [[41, -0.41772151898726406]]]
[428, [[41, -1.9451476793249327]]]
[429, [[41, -0.8312236286921006]]]
[431, [[41, -0.755274261603418]]]
[432, [[41, -1.38818565400841]]]
[433, [[41, -3.130801687763636]]]
[435, [[41, -0.41772151898726406]]]
[436, [[41, -1.6666666666666998]]]
[437, [[41, -3.130801687763636]]]
[439, [[41, -0.41772151898726406]]]
[440, [[41, -1.9451476793249327]]]
[441, [[41, -1.1476793248946535]]]
[443, [[41, -0.755274261603418]]]
[444, [[41, -2.2911392405063395]]]
[445, [[41, -3.253164556961906]]]
[446, [[41, -25.0928270042194]]]
[447, [[41, -0.7215189873416108]]]
[448, [[9, -16.78414096916299], [5, -9.80999999999996], [41, -2.8523206751054886], [30, 7.170329670329622]]]
[449, [[41, -3.253164556961906]]]
[450, [[41, -31.333333333333385], [30, -20.92857142857146], [5, -12.619999999999976], [9, -11.814977973568233]]]
[451, [[41, -0.7215189873416108]]]
[452, [[9, -20.453744493392065], [5, -11.570000000000022], [41, -3.729957805907162], [30, 9.42857142857136]]]
[453, [[5, -16.029999999999944], [9, -14.022026431718047], [30, -9.48351648351644], [41, -1.257383966244845]]]
[454, [[41, -36.63291139240506], [30, -27.208791208791226], [5, -17.75], [9, -16.47136563876657]]]
[455, [[30, -3.3956043956042947], [41, -0.5991561181435259], [5, -0.44000000000005457], [9, 1.7488986784141218]]]
[456, [[41, -2.2911392405063395]]]
[457, [[41, -3.345991561181364]]]
[458, [[41, -25.0928270042194]]]
[459, [[41, -0.7215189873416108]]]
[460, [[9, -16.78414096916299], [5, -9.80999999999996], [41, -2.8523206751054886], [30, 7.170329670329622]]]
[461, [[41, -3.345991561181364]]]
[462, [[41, -31.333333333333385], [30, -20.92857142857146], [5, -12.619999999999976], [9, -11.814977973568233]]]
[463, [[41, -0.7215189873416108]]]
[464, [[9, -20.453744493392065], [5, -11.570000000000022], [41, -3.729957805907162], [30, 9.42857142857136]]]
[465, [[13, -22.974358974358864], [5, -16.184999999999917], [9, -14.149779735682785], [30, -10.115384615384585], [41, -1.3459915611815632], [6, 1.6244541484716422]]]
[466, [[41, -36.63291139240506], [30, -27.208791208791226], [5, -17.75], [9, -16.47136563876657]]]
[467, [[30, -3.3956043956042947], [41, -0.5991561181435259], [5, -0.44000000000005457], [9, 1.7488986784141218]]]
[468, [[41, -4.848101265822777]]]
[469, [[41, -3.5232067510548006]]]
[470, [[41, -25.0928270042194]]]
[471, [[41, -0.7890295358649553]]]
[472, [[8, -19.20673076923066], [9, -17.58149779735689], [5, -10.394999999999996], [6, -10.275109170305612], [41, -6.185654008438803], [42, -5.220238095238088], [30, 5.3681318681317975]]]
[473, [[41, -3.5232067510548006]]]
[474, [[41, -31.333333333333385], [30, -20.92857142857146], [5, -12.619999999999976], [9, -11.814977973568233]]]
[475, [[41, -0.7890295358649553]]]
[476, [[8, -23.54326923076917], [9, -21.44493392070487], [0, -15.212435233160704], [6, -13.183406113537174], [5, -12.350000000000051], [41, -8.050632911392427], [42, -4.630952380952408], [13, -1.8564102564102143], [30, 7.247252747252588]]]
[477, [[13, -23.046153846153743], [5, -16.169999999999874], [0, -14.91191709844557], [9, -14.123348017621055], [42, -13.738095238095298], [8, -13.158653846153754], [30, -10.291208791208732], [41, -1.426160337552858], [6, 1.331877729257684]]]
[478, [[41, -36.63291139240506], [30, -27.208791208791226], [5, -17.75], [9, -16.47136563876657]]]
[479, [[42, -6.464285714285722], [13, -4.974358974358864], [30, -3.884615384615273], [5, -0.16000000000006764], [41, -0.04219409282697484], [0, 0.6321243523315303], [6, 0.8689956331878221], [9, 1.9295154185022056], [8, 2.4855769230769056]]]
[537, [[39, -5.067729083665313]]]
[548, [[49, -4.036842105263148], [39, 9.235059760956162]]]
[549, [[39, -5.450199203187211], [49, 4.984210526315735]]]
[550, [[39, -23.46613545816735], [49, -12.910526315789475]]]
[551, [[49, 1.7947368421052374], [39, 1.8406374501992673]]]
[560, [[49, -4.036842105263148], [39, 9.235059760956162]]]
[561, [[39, -5.752988047808728], [40, -3.6090534979423836], [49, 4.684210526315724]]]
[562, [[39, -23.46613545816735], [49, -12.910526315789475]]]
[563, [[49, 1.7947368421052374], [39, 1.8406374501992673]]]
[568, [[44, -7.71657754010694]]]
[572, [[44, -11.080213903743285], [49, -6.942105263157885], [40, -5.617283950617264], [39, 6.868525896414326]]]
[573, [[39, -5.984063745019881], [40, -4.629629629629619], [44, 4.171122994652407], [49, 4.531578947368374]]]
[574, [[39, -23.46613545816735], [49, -12.910526315789475]]]
[575, [[40, -2.1440329218107195], [39, 0.9880478087649962], [44, 1.5401069518716781], [49, 2.2789473684210435]]]
[620, [[48, -10.412621359223323]]]
[621, [[48, -4.694174757281502]]]
[623, [[48, 6.111650485436883]]]
[632, [[48, -10.412621359223323]]]
[633, [[45, -13.605911330049267], [39, -13.07171314741035], [48, -4.577669902912575], [46, -3.8021978021977674], [33, -0.19658119658117812]]]
[635, [[48, 6.111650485436883]]]
[640, [[49, -2.5789473684210122], [39, 7.5258964143426255]]]
[642, [[39, -19.254980079681268], [49, -9.115789473684217]]]
[644, [[48, -11.262135922330131], [46, -7.15384615384616], [49, -4.452631578947319], [34, -3.1999999999999886], [33, 1.4529914529914336], [45, 3.665024630541893], [39, 8.836653386454138]]]
[645, [[45, -14.019704433497552], [34, -13.8333333333334], [39, -13.577689243027876], [48, -4.660194174757237], [49, -4.621052631578934], [46, -3.9010989010988624], [33, -0.4871794871794606]]]
[646, [[39, -25.346613545816723], [34, -24.79999999999997], [45, -21.704433497536897], [33, -19.487179487179468], [46, -16.05494505494503], [49, -12.621052631578891], [48, -11.339805825242664]]]
[647, [[34, -4.377777777777837], [45, -3.527093596059075], [39, 0.47808764940241844], [33, 1.350427350427431], [46, 3.670329670329693], [48, 6.485436893203925], [49, 6.505263157894788]]]
[652, [[49, -2.5789473684210122], [39, 7.5258964143426255]]]
[654, [[39, -19.254980079681268], [49, -9.115789473684217]]]
[656, [[48, -11.262135922330131], [46, -7.15384615384616], [49, -4.452631578947319], [34, -3.1999999999999886], [33, 1.4529914529914336], [45, 3.665024630541893], [39, 8.836653386454138]]]
[657, [[45, -14.029556650246292], [39, -13.96812749003982], [34, -13.911111111111211], [40, -12.386831275720127], [49, -5.242105263157882], [48, -5.029126213592221], [46, -3.961538461538453], [33, -0.7136752136751738]]]
[658, [[39, -25.346613545816723], [34, -24.79999999999997], [45, -21.704433497536897], [33, -19.487179487179468], [46, -16.05494505494503], [49, -12.621052631578891], [48, -11.339805825242664]]]
[659, [[34, -4.377777777777837], [45, -3.527093596059075], [39, 0.47808764940241844], [33, 1.350427350427431], [46, 3.670329670329693], [48, 6.485436893203925], [49, 6.505263157894788]]]
[664, [[49, -5.063157894736861], [40, -4.259259259259267], [39, 5.741035856573646]]]
[666, [[39, -19.254980079681268], [49, -9.115789473684217]]]
[668, [[48, -13.247572815534], [46, -12.269230769230774], [49, -7.447368421052602], [34, -5.433333333333337], [40, -3.934156378600804], [33, -3.008547008547019], [45, -1.2906403940887259], [39, 6.94422310756967]]]
[669, [[39, -14.227091633466117], [45, -14.088669950738918], [34, -13.877777777777851], [40, -13.506172839506135], [49, -5.55263157894737], [48, -5.208737864077676], [46, -4.510989010989007], [33, -0.9572649572649112]]]
[670, [[39, -25.346613545816723], [34, -24.79999999999997], [45, -21.704433497536897], [33, -19.487179487179468], [46, -16.05494505494503], [49, -12.621052631578891], [48, -11.339805825242664]]]
[671, [[34, -4.177777777777791], [40, -4.041152263374428], [45, -3.8029556650245553], [39, -0.2509960159362805], [33, 0.7863247863248617], [46, 4.038461538461547], [48, 6.665048543689238], [49, 6.9105263157894825]]]
[705, [[41, -14.168776371308041]]]
[706, [[41, -24.278481012658247]]]
[712, [[48, -9.174757281553411]]]
[716, [[48, -12.59223300970865], [41, -2.92405063291136]]]
[717, [[41, -14.696202531645582], [48, -14.029126213592264]]]
[718, [[41, -24.278481012658247]]]
[719, [[41, -1.5991561181434122], [48, 6.9805825242718385]]]
[724, [[48, -9.174757281553411]]]
[728, [[48, -12.59223300970865], [41, -2.92405063291136]]]
[729, [[41, -14.940928270042178], [48, -14.300970873786497], [46, -10.917582417582395], [45, -10.689655172413765], [33, -8.1111111111111]]]
[730, [[41, -24.278481012658247]]]
[731, [[41, -1.5991561181434122], [48, 6.9805825242718385]]]
[736, [[48, -9.917475728155367], [46, -5.274725274725313], [34, -1.8166666666666487], [33, 1.2649572649572178], [45, 1.684729064039388]]]
[738, [[34, -24.58333333333333], [45, -20.532019704433516], [33, -16.444444444444407], [46, -13.164835164835097], [48, -7.538834951456295]]]
[740, [[47, -18.8484848484848], [48, -13.427184466019384], [15, -6.935643564356411], [36, -6.6629213483145975], [41, -5.953586497890285], [46, -5.598901098901024], [34, -1.555555555555543], [33, 1.6153846153846132], [45, 3.665024630541893]]]
[741, [[15, -21.311881188118747], [41, -15.135021097046405], [48, -14.446601941747616], [47, -13.385281385281388], [46, -10.983516483516468], [45, -10.965517241379288], [36, -10.011235955056208], [33, -8.35897435897435], [34, -8.300000000000068]]]
[742, [[34, -31.15555555555561], [41, -27.675105485232095], [45, -25.940886699507402], [33, -21.649572649572683], [46, -18.456043956044], [36, -16.820224719101063], [15, -12.698019801980195], [48, -11.990291262135898], [47, -11.004329004328966]]]
[743, [[45, -6.019704433497566], [34, -2.7777777777778283], [41, -1.894514767932506], [33, 1.1025641025641164], [46, 2.434065934065913], [36, 2.5842696629214004], [15, 5.272277227722725], [48, 6.951456310679589], [47, 8.242424242424178]]]
[748, [[48, -9.917475728155367], [46, -5.274725274725313], [34, -1.8166666666666487], [33, 1.2649572649572178], [45, 1.684729064039388]]]
[750, [[34, -24.58333333333333], [45, -20.532019704433516], [33, -16.444444444444407], [46, -13.164835164835097], [48, -7.538834951456295]]]
[752, [[47, -18.8484848484848], [48, -13.427184466019384], [15, -6.935643564356411], [36, -6.6629213483145975], [41, -5.953586497890285], [46, -5.598901098901024], [34, -1.555555555555543], [33, 1.6153846153846132], [45, 3.665024630541893]]]
[753, [[15, -21.68811881188111], [38, -17.20555555555552], [41, -15.953586497890257], [3, -15.446700507614224], [43, -15.435897435897388], [48, -14.810679611650528], [47, -13.614718614718583], [46, -11.19230769230765], [37, -11.056994818652868], [45, -10.89162561576353], [36, -10.668539325842715], [33, -8.585470085470106], [34, -8.188888888888968]]]
[754, [[34, -31.15555555555561], [41, -27.675105485232095], [45, -25.940886699507402], [33, -21.649572649572683], [46, -18.456043956044], [36, -16.820224719101063], [15, -12.698019801980195], [48, -11.990291262135898], [47, -11.004329004328966]]]
[755, [[45, -6.019704433497566], [34, -2.7777777777778283], [41, -1.894514767932506], [33, 1.1025641025641164], [46, 2.434065934065913], [36, 2.5842696629214004], [15, 5.272277227722725], [48, 6.951456310679589], [47, 8.242424242424178]]]
[760, [[48, -11.577669902912604], [46, -9.670329670329664], [34, -3.655555555555509], [33, -2.491452991453002], [45, -2.256157635468014]]]
[762, [[34, -24.58333333333333], [45, -20.532019704433516], [33, -16.444444444444407], [46, -13.164835164835097], [48, -7.538834951456295]]]
[764, [[47, -20.363636363636303], [48, -15.470873786407765], [3, -14.969543147208086], [15, -10.965346534653492], [46, -10.747252747252702], [43, -10.69743589743588], [36, -10.404494382022477], [41, -9.350210970464062], [34, -3.755555555555489], [33, -2.641025641025635], [45, -1.1182266009852242], [37, 0.6321243523316014], [38, 4.07222222222218], [32, 5.586734693877517]]]
[765, [[15, -22.599009900990012], [38, -17.572222222222194], [41, -16.371308016877634], [3, -15.761421319796966], [32, -15.607142857142946], [43, -15.343589743589718], [48, -15.043689320388381], [47, -13.774891774891728], [46, -11.824175824175796], [37, -11.181347150259086], [45, -11.078817733990107], [36, -10.471910112359552], [33, -8.905982905982924], [34, -8.111111111111171]]]
[766, [[34, -31.15555555555561], [41, -27.675105485232095], [45, -25.940886699507402], [33, -21.649572649572683], [46, -18.456043956044], [36, -16.820224719101063], [15, -12.698019801980195], [48, -11.990291262135898], [47, -11.004329004328966]]]
[767, [[45, -5.9753694581281], [43, -5.353846153846206], [32, -2.7500000000001137], [34, -2.5666666666667197], [41, -2.0253164556962133], [38, -1.9722222222221575], [33, 0.23931623931622426], [37, 0.5077720207254259], [46, 2.340659340659286], [36, 3.1460674157303856], [15, 5.014851485148583], [3, 6.766497461928921], [48, 7.082524271844733], [47, 8.29437229437221]]]
[798, [[41, -24.67088607594937]]]
[801, [[41, -6.827004219409218]]]
[802, [[41, -29.763713080168785]]]
[808, [[41, -2.658227848101248]]]
[810, [[41, -24.67088607594937]]]
[812, [[41, -3.0337552742616793]]]
[813, [[41, -7.362869198312154]]]
[814, [[41, -29.763713080168785]]]
[815, [[41, -1.90295358649783]]]
[820, [[41, -2.658227848101248]]]
[822, [[41, -24.67088607594937]]]
[824, [[41, -3.0337552742616793]]]
[825, [[5, -20.075000000000102], [9, -17.894273127753223], [30, -14.648351648351735], [41, -7.578059071729882]]]
[826, [[41, -29.763713080168785]]]
[827, [[41, -1.90295358649783]]]
[832, [[47, -17.19047619047616], [15, -6.990099009900945], [36, -5.488764044943807], [41, -5.012658227848107]]]
[834, [[41, -26.582278481012622], [36, -13.556179775280896], [15, -10.72277227722769], [47, -9.034632034632025]]]
[836, [[47, -22.212121212121218], [9, -16.10132158590315], [6, -9.419213973799145], [5, -8.75], [15, -7.955445544554507], [41, -5.945147679324975], [36, -5.943820224719204], [30, 4.593406593406542]]]
[837, [[15, -27.806930693069177], [5, -20.310000000000116], [9, -18.074889867841364], [47, -15.70129870129864], [30, -15.648351648351678], [36, -14.898876404494246], [41, -7.7426160337551835], [6, -3.366812227074149]]]
[838, [[6, -33.51528384279473], [41, -32.61181434599146], [30, -22.318681318681328], [36, -18.50561797752809], [15, -17.559405940593976], [5, -15.429999999999993], [9, -14.541850220264323], [47, -13.761904761904773]]]
[839, [[30, -3.2197802197801906], [41, -1.8776371308015882], [36, -1.5280898876404052], [6, -0.7292576419213646], [15, 0.3910891089110038], [5, 2.579999999999913], [9, 4.929515418502248], [47, 6.861471861471884]]]
[844, [[47, -17.19047619047616], [15, -6.990099009900945], [36, -5.488764044943807], [41, -5.012658227848107]]]
[846, [[41, -26.582278481012622], [36, -13.556179775280896], [15, -10.72277227722769], [47, -9.034632034632025]]]
[848, [[47, -22.212121212121218], [9, -16.10132158590315], [6, -9.419213973799145], [5, -8.75], [15, -7.955445544554507], [41, -5.945147679324975], [36, -5.943820224719204], [30, 4.593406593406542]]]
[849, [[16, -28.113402061855595], [15, -28.039603960395823], [21, -21.299401197604823], [5, -20.65000000000009], [10, -19.075268817204318], [3, -18.365482233502604], [9, -18.286343612334747], [8, -17.091346153846246], [2, -16.708154506437666], [37, -16.595854922279727], [38, -16.394444444444474], [30, -16.241758241758248], [47, -15.822510822510765], [36, -15.477528089887471], [1, -14.951020408163188], [42, -14.880952380952408], [43, -11.082051282051225], [28, -8.731578947368348], [41, -8.202531645569564], [6, -3.5458515283841905]]]
[850, [[6, -33.51528384279473], [41, -32.61181434599146], [30, -22.318681318681328], [36, -18.50561797752809], [15, -17.559405940593976], [5, -15.429999999999993], [9, -14.541850220264323], [47, -13.761904761904773]]]
[851, [[30, -3.2197802197801906], [41, -1.8776371308015882], [36, -1.5280898876404052], [6, -0.7292576419213646], [15, 0.3910891089110038], [5, 2.579999999999913], [9, 4.929515418502248], [47, 6.861471861471884]]]
[856, [[47, -18.47619047619044], [3, -13.989847715736062], [15, -10.311881188118775], [43, -8.969230769230762], [36, -8.758426966292106], [41, -7.599156118143455], [37, 0.3782383419688955], [38, 2.1166666666666174], [32, 3.3010204081632963]]]
[858, [[41, -26.582278481012622], [36, -13.556179775280896], [15, -10.72277227722769], [47, -9.034632034632025]]]
[860, [[1, -25.57551020408161], [7, -23.81249999999997], [47, -23.800865800865864], [2, -21.570815450643806], [8, -19.78846153846152], [9, -18.431718061673962], [3, -17.883248730964524], [23, -17.69999999999999], [4, -15.1684210526316], [10, -14.892473118279526], [20, -14.402843601895682], [6, -12.934497816593932], [5, -12.109999999999971], [15, -12.024752475247595], [11, -10.335195530726295], [24, -10.23626373626368], [21, -9.874251497005929], [36, -9.814606741573087], [27, -9.537142857142754], [43, -9.123076923076923], [41, -9.088607594936704], [42, -7.047619047619065], [16, -5.4484536082474335], [28, -3.16315789473677], [26, -2.0940594059405413], [37, 1.2072538860103919], [30, 1.3241758241757964], [31, 2.426229508196684], [12, 3.0600000000000023], [38, 3.7611111111111057], [32, 5.377551020408163], [25, 6.5325443786982476]]]
[861, [[16, -28.78865979381436], [15, -28.628712871286922], [12, -26.630000000000024], [21, -21.610778443113816], [5, -20.94000000000011], [11, -20.826815642458143], [20, -20.042654028435948], [10, -19.311827956989248], [4, -18.852631578947467], [3, -18.58375634517776], [9, -18.475770925110083], [23, -17.86842105263159], [24, -17.862637362637315], [25, -17.325443786982333], [8, -17.240384615384727], [2, -16.832618025750946], [37, -16.6787564766839], [38, -16.638888888888914], [30, -16.335164835164846], [7, -16.294642857142904], [47, -15.939393939393938], [42, -15.23809523809524], [36, -15.23033707865153], [1, -15.020408163265245], [32, -13.948979591836718], [26, -13.767326732673354], [27, -13.742857142857218], [31, -13.027322404371574], [43, -11.041025641025584], [28, -9.394736842105175], [41, -8.2869198312236], [6, -3.4235807860261502]]]
[862, [[6, -33.51528384279473], [41, -32.61181434599146], [30, -22.318681318681328], [36, -18.50561797752809], [15, -17.559405940593976], [5, -15.429999999999993], [9, -14.541850220264323], [47, -13.761904761904773]]]
[863, [[27, -7.27428571428581], [32, -5.6836734693877276], [43, -5.666666666666657], [31, -5.289617486338699], [38, -4.927777777777834], [26, -4.490099009901144], [28, -4.1526315789472505], [30, -4.071428571428555], [12, -3.969999999999942], [42, -3.86904761904772], [37, -2.865284974093214], [24, -2.093406593406499], [16, -1.6237113402061283], [41, -1.5949367088607147], [36, -1.3764044943819158], [25, -1.2899408284023934], [6, -0.22707423580779107], [15, 0.4702970297030902], [21, 1.7185628742514751], [11, 2.022346368715006], [5, 2.62999999999991], [20, 3.49289099526068], [10, 3.7526881720429657], [4, 3.873684210526349], [3, 4.654822335025315], [23, 4.805263157894615], [9, 5.013215859030893], [8, 5.5961538461537685], [2, 6.231759656652571], [7, 6.88392857142847], [47, 6.909090909090864], [1, 7.755102040816212]]]
[889, [[41, -2.383966244725684]]]
[890, [[41, -22.434599156118168]]]
[893, [[41, -2.383966244725684]]]
[894, [[41, -27.527426160337583]]]
[897, [[41, -0.6962025316456675]]]
[898, [[41, -31.362869198312183]]]
[900, [[41, -1.4092827004219401]]]
[901, [[41, -2.7004219409282086]]]
[902, [[41, -22.434599156118168]]]
[903, [[41, -1.0295358649788113]]]
[904, [[41, -1.7848101265822578]]]
[905, [[41, -2.7004219409282086]]]
[906, [[41, -27.527426160337583]]]
[907, [[41, -1.0295358649788113]]]
[908, [[41, -2.506329113924039]]]
[909, [[41, -1.0126582278482203]]]
[910, [[41, -31.362869198312183]]]
[911, [[41, -0.6244725738397676]]]
[912, [[41, -1.4092827004219401]]]
[913, [[41, -2.8227848101264783]]]
[914, [[41, -22.434599156118168]]]
[915, [[41, -1.0295358649788113]]]
[916, [[41, -1.7848101265822578]]]
[917, [[41, -2.8227848101264783]]]
[918, [[41, -27.527426160337583]]]
[919, [[41, -1.0295358649788113]]]
[920, [[41, -2.506329113924039]]]
[921, [[5, -15.864999999999952], [9, -13.850220264317187], [30, -9.329670329670279], [41, -1.1223628691984402]]]
[922, [[41, -31.362869198312183]]]
[923, [[41, -0.6244725738397676]]]
[924, [[41, -3.2447257383966104]]]
[925, [[41, -2.9156118143459366]]]
[926, [[41, -23.523206751054857]]]
[927, [[41, -1.0421940928269606]]]
[928, [[9, -15.894273127753365], [5, -9.40500000000003], [6, -7.4017467248907565], [41, -4.177215189873422], [30, 3.4395604395604096]]]
[929, [[41, -2.9156118143459366]]]
[930, [[41, -29.552742616033782], [6, -29.043668122270702], [30, -22.450549450549417], [5, -15.134999999999962], [9, -14.422907488986752]]]
[931, [[41, -1.0421940928269606]]]
[932, [[9, -19.387665198237826], [5, -11.129999999999995], [6, -9.965065502183478], [41, -5.776371308016877], [13, -1.9641025641025465], [30, 5.038461538461462]]]
[933, [[13, -22.89743589743577], [5, -16.019999999999925], [9, -13.977973568281925], [30, -9.961538461538424], [41, -1.2109704641351584], [6, 1.3886462882095714]]]
[934, [[41, -35.177215189873436], [6, -34.47161572052403], [30, -29.08241758241752], [13, -24.056410256410274], [5, -20.829999999999927], [9, -19.75770925110136]]]
[935, [[13, -4.979487179487094], [30, -3.862637362637244], [5, -0.3400000000001171], [41, -0.09704641350219845], [6, 1.3973799126637516], [9, 1.7312775330396306]]]
[936, [[41, -3.2447257383966104]]]
[937, [[41, -3.092827004219373]]]
[938, [[41, -23.523206751054857]]]
[939, [[41, -1.0421940928269606]]]
[940, [[9, -15.894273127753365], [5, -9.40500000000003], [6, -7.4017467248907565], [41, -4.177215189873422], [30, 3.4395604395604096]]]
[941, [[41, -3.092827004219373]]]
[942, [[41, -29.552742616033782], [6, -29.043668122270702], [30, -22.450549450549417], [5, -15.134999999999962], [9, -14.422907488986752]]]
[943, [[41, -1.0421940928269606]]]
[944, [[9, -19.387665198237826], [5, -11.129999999999995], [6, -9.965065502183478], [41, -5.776371308016877], [13, -1.9641025641025465], [30, 5.038461538461462]]]
[945, [[13, -22.969230769230677], [5, -16.00499999999988], [0, -14.756476683937791], [9, -13.951541850220195], [42, -13.148809523809575], [8, -12.990384615384528], [30, -10.137362637362571], [41, -1.2911392405064248], [6, 1.0960698689956132]]]
[946, [[41, -35.177215189873436], [6, -34.47161572052403], [30, -29.08241758241752], [13, -24.056410256410274], [5, -20.829999999999927], [9, -19.75770925110136]]]
[947, [[13, -4.979487179487094], [30, -3.862637362637244], [5, -0.3400000000001171], [41, -0.09704641350219845], [6, 1.3973799126637516], [9, 1.7312775330396306]]]
[948, [[41, -5.248945147679308]]]
[949, [[41, -3.0886075949366614]]]
[950, [[41, -23.523206751054857]]]
[951, [[41, -0.7341772151898454]]]
[952, [[8, -19.067307692307594], [9, -17.90748898678413], [5, -12.274999999999977], [6, -10.550218340611394], [42, -7.386904761904759], [41, -6.738396624472614], [30, 1.098901098901024], [31, 3.480874316939861]]]
[953, [[41, -3.0886075949366614]]]
[954, [[41, -29.552742616033782], [6, -29.043668122270702], [30, -22.450549450549417], [5, -15.134999999999962], [9, -14.422907488986752]]]
[955, [[41, -0.7341772151898454]]]
[956, [[8, -23.403846153846132], [9, -21.881057268722458], [0, -16.901554404145116], [5, -14.674999999999955], [6, -13.799126637554565], [22, -13.284974093264182], [19, -10.804347826086982], [41, -8.995780590717288], [42, -7.035714285714263], [13, -6.164102564102592], [30, 2.0769230769229665], [31, 4.508196721311435]]]
[957, [[13, -23.025641025640965], [19, -16.913043478260846], [5, -16.034999999999883], [22, -16.010362694300625], [0, -14.756476683937791], [9, -13.969162995594644], [42, -13.309523809523881], [8, -13.009615384615302], [30, -10.010989010988965], [31, -6.639344262295168], [41, -1.1898734177216568], [6, 1.432314410480302]]]
[958, [[41, -35.177215189873436], [6, -34.47161572052403], [30, -29.08241758241752], [13, -24.056410256410274], [5, -20.829999999999927], [9, -19.75770925110136]]]
[959, [[42, -7.1071428571429465], [13, -4.543589743589678], [30, -3.846153846153655], [31, -2.704918032787063], [19, -1.1630434782609598], [22, -0.42487046632139425], [5, -0.11499999999998067], [41, 0.295358649788966], [0, 0.6632124352330777], [6, 1.537117903930067], [9, 1.9162995594713976], [8, 2.4423076923077502]]]
[1004, [[39, 7.071713147410371]]]
[1005, [[39, -4.737051792828666]]]
[1007, [[39, 1.8924302788845324]]]
[1016, [[39, 7.071713147410371]]]
[1017, [[39, -5.119521912350564], [49, 4.699999999999932]]]
[1019, [[39, 1.8924302788845324]]]
[1028, [[49, -5.105263157894768], [40, -4.6460905349794075], [39, 5.007968127490045]]]
[1029, [[39, -5.422310756972081], [40, -3.2962962962962905], [49, 4.39999999999992]]]
[1030, [[39, -24.84860557768922], [40, -21.732510288065853], [49, -16.284210526315803]]]
[1031, [[40, -1.4362139917695629], [39, 0.888446215139453], [49, 2.7157894736841115]]]
[1040, [[49, -5.105263157894768], [40, -4.6460905349794075], [39, 5.007968127490045]]]
[1041, [[39, -5.653386454183234], [40, -4.316872427983526], [44, 3.8930481283422154], [49, 4.24736842105257]]]
[1042, [[39, -24.84860557768922], [40, -21.732510288065853], [49, -16.284210526315803]]]
[1043, [[40, -1.4362139917695629], [39, 0.888446215139453], [49, 2.7157894736841115]]]
[1048, [[44, -8.491978609625662]]]
[1052, [[44, -11.967914438502632], [49, -8.72105263157897], [40, -8.27983539094646], [39, 0.5139442231075577]]]
[1053, [[39, -5.956175298804737], [40, -4.798353909464993], [44, 3.8823529411764497], [49, 4.226315789473645]]]
[1054, [[39, -24.84860557768922], [40, -21.732510288065853], [49, -16.284210526315803]]]
[1055, [[40, -2.8477366255143437], [39, 0.03585657370518902], [44, 2.224598930481335], [49, 3.184210526315752]]]
[1096, [[39, 5.689243027888438]]]
[1100, [[46, -6.510989010989036], [45, 2.9458128078817793], [39, 6.494023904382431]]]
[1101, [[45, -13.389162561576342], [39, -12.749003984063748], [46, -3.3461538461537828]]]
[1103, [[45, -3.330049261083687], [39, 0.6613545816733506], [46, 3.3131868131868885]]]
[1108, [[39, 5.689243027888438]]]
[1112, [[46, -6.510989010989036], [45, 2.9458128078817793], [39, 6.494023904382431]]]
[1113, [[45, -13.802955665024626], [39, -13.254980079681275], [34, -13.233333333333405], [49, -3.831578947368399], [46, -3.445054945054906]]]
[1115, [[45, -3.330049261083687], [39, 0.6613545816733506], [46, 3.3131868131868885]]]
[1120, [[49, -3.6947368421052147], [40, -3.530864197530832], [39, 4.22310756972108]]]
[1122, [[39, -20.12749003984065], [40, -18.18930041152265], [49, -12.315789473684163]]]
[1124, [[46, -10.956043956043985], [49, -5.684210526315809], [34, -3.8333333333333], [40, -2.9135802469135115], [45, 0.09852216748762999], [39, 5.127490039840566]]]
[1125, [[45, -13.812807881773395], [39, -13.645418326693218], [34, -13.311111111111217], [40, -11.662551440329167], [49, -4.452631578947347], [46, -3.505494505494468]]]
[1126, [[39, -26.577689243027855], [34, -24.377777777777823], [40, -23.16872427983543], [45, -20.669950738916256], [49, -16.968421052631612], [46, -15.648351648351621]]]
[1127, [[34, -4.811111111111188], [45, -3.960591133004854], [40, -3.6460905349793933], [39, -0.31474103585658497], [46, 4.131868131868131], [49, 6.43157894736845]]]
[1132, [[49, -3.6947368421052147], [40, -3.530864197530832], [39, 4.22310756972108]]]
[1134, [[39, -20.12749003984065], [40, -18.18930041152265], [49, -12.315789473684163]]]
[1136, [[46, -10.956043956043985], [49, -5.684210526315809], [34, -3.8333333333333], [40, -2.9135802469135115], [45, 0.09852216748762999], [39, 5.127490039840566]]]
[1137, [[39, -13.904382470119515], [45, -13.871921182266021], [34, -13.277777777777871], [40, -12.781893004115176], [49, -4.76315789473685], [46, -4.054945054945023]]]
[1138, [[39, -26.577689243027855], [34, -24.377777777777823], [40, -23.16872427983543], [45, -20.669950738916256], [49, -16.968421052631612], [46, -15.648351648351621]]]
[1139, [[34, -4.811111111111188], [45, -3.960591133004854], [40, -3.6460905349793933], [39, -0.31474103585658497], [46, 4.131868131868131], [49, 6.43157894736845]]]
[1144, [[49, -6.736842105263136], [40, -6.436213991769478], [39, 0.5697211155378028]]]
[1146, [[39, -20.12749003984065], [40, -18.18930041152265], [49, -12.315789473684163]]]
[1148, [[46, -14.076923076923066], [49, -9.689473684210498], [34, -8.511111111111077], [40, -6.5967078189299855], [45, -4.9852216748768825], [39, 0.9760956175298361]]]
[1149, [[45, -14.699507389162562], [39, -14.195219123506007], [40, -13.395061728394992], [34, -13.322222222222337], [49, -4.763157894736878], [46, -4.219780219780176]]]
[1150, [[39, -26.577689243027855], [34, -24.377777777777823], [40, -23.16872427983543], [45, -20.669950738916256], [49, -16.968421052631612], [46, -15.648351648351621]]]
[1151, [[34, -4.988888888888994], [45, -4.729064039408783], [40, -4.415637860082256], [39, -1.135458167330711], [46, 4.35164835164835], [49, 7.184210526315724]]]
[1172, [[41, -2.6877637130800878]]]
[1173, [[41, -13.09282700421943]]]
[1175, [[41, -2.1476793248944688]]]
[1184, [[41, -2.6877637130800878]]]
[1185, [[41, -13.620253164556999]]]
[1186, [[41, -25.232067510548518]]]
[1187, [[41, -2.1476793248944688]]]
[1192, [[46, -4.659340659340714], [45, 1.0689655172413666]]]
[1196, [[46, -4.510989010988965], [41, -3.4514767932489434], [45, 2.8571428571429323]]]
[1197, [[41, -13.864978902953567], [45, -10.679802955664968], [46, -10.027472527472469]]]
[1198, [[41, -25.232067510548518]]]
[1199, [[45, -5.75369458128084], [41, -2.7763713080169055], [46, 1.6098901098901166]]]
[1204, [[46, -4.659340659340714], [45, 1.0689655172413666]]]
[1208, [[46, -4.510989010988965], [41, -3.4514767932489434], [45, 2.8571428571429323]]]
[1209, [[15, -20.40594059405936], [41, -14.05907172995785], [47, -12.116883116883088], [45, -10.95566502463052], [46, -10.093406593406542], [36, -9.47191011235958], [34, -8.050000000000068]]]
[1210, [[41, -25.232067510548518]]]
[1211, [[45, -5.75369458128084], [41, -2.7763713080169055], [46, 1.6098901098901166]]]
[1216, [[46, -8.57692307692308], [34, -2.1111111111111], [45, -1.0147783251231743]]]
[1218, [[34, -23.555555555555543], [45, -19.349753694581267], [46, -12.73076923076924]]]
[1220, [[47, -17.982683982683966], [3, -12.786802030456812], [43, -9.861538461538501], [36, -9.724719101123611], [46, -9.236263736263709], [15, -9.108910891089081], [41, -7.350210970464104], [34, -1.8722222222221774], [45, 0.25123152709365115], [37, 0.6943005181346535], [38, 3.63333333333334]]]
[1221, [[15, -20.782178217821752], [38, -16.788888888888863], [41, -14.877637130801645], [43, -14.2820512820512], [3, -14.177664974619319], [47, -12.346320346320312], [45, -10.881773399014719], [37, -10.538860103626945], [46, -10.302197802197725], [36, -10.129213483146088], [34, -7.938888888888954]]]
[1222, [[34, -29.783333333333374], [41, -27.68776371308016], [45, -23.955665024630534], [43, -21.12307692307688], [38, -19.322222222222223], [37, -17.53367875647659], [46, -17.258241758241823], [3, -17.040609137055924], [47, -16.017316017315963], [36, -15.308988764044926], [15, -15.207920792079165]]]
[1223, [[43, -6.599999999999994], [45, -5.798029556650334], [34, -2.8944444444445026], [41, -2.683544303797447], [38, -2.0222222222221404], [37, 0.1139896373057212], [46, 2.0824175824175057], [36, 2.410112359550652], [15, 5.019801980198096], [3, 5.812182741116757], [47, 7.186147186147181]]]
[1228, [[46, -8.57692307692308], [34, -2.1111111111111], [45, -1.0147783251231743]]]
[1230, [[34, -23.555555555555543], [45, -19.349753694581267], [46, -12.73076923076924]]]
[1232, [[47, -17.982683982683966], [3, -12.786802030456812], [43, -9.861538461538501], [36, -9.724719101123611], [46, -9.236263736263709], [15, -9.108910891089081], [41, -7.350210970464104], [34, -1.8722222222221774], [45, 0.25123152709365115], [37, 0.6943005181346535], [38, 3.63333333333334]]]
[1233, [[15, -21.693069306930653], [38, -17.15555555555551], [32, -15.316326530612315], [41, -15.295358649789023], [3, -14.49238578680206], [43, -14.189743589743529], [47, -12.506493506493456], [45, -11.06896551724131], [46, -10.93406593406587], [37, -10.663212435233163], [36, -9.932584269662925], [34, -7.861111111111171]]]
[1234, [[34, -29.783333333333374], [41, -27.68776371308016], [45, -23.955665024630534], [43, -21.12307692307688], [38, -19.322222222222223], [37, -17.53367875647659], [46, -17.258241758241823], [3, -17.040609137055924], [47, -16.017316017315963], [36, -15.308988764044926], [15, -15.207920792079165]]]
[1235, [[43, -6.599999999999994], [45, -5.798029556650334], [34, -2.8944444444445026], [41, -2.683544303797447], [38, -2.0222222222221404], [37, 0.1139896373057212], [46, 2.0824175824175057], [36, 2.410112359550652], [15, 5.019801980198096], [3, 5.812182741116757], [47, 7.186147186147181]]]
[1240, [[46, -11.351648351648322], [34, -6.061111111111089], [45, -5.103448275862107]]]
[1242, [[34, -23.555555555555543], [45, -19.349753694581267], [46, -12.73076923076924]]]
[1244, [[47, -19.84848484848483], [3, -16.19289340101514], [15, -14.60891089108911], [46, -12.824175824175768], [36, -12.022471910112344], [43, -11.91794871794879], [41, -10.704641350210906], [34, -6.305555555555486], [45, -4.182266009852185], [37, -3.103626943005196], [38, 0.43333333333336554], [32, 2.010204081632594]]]
[1245, [[15, -21.747524752475215], [38, -17.21111111111108], [41, -15.455696202531641], [32, -15.346938775510296], [3, -14.48730964467012], [43, -14.215384615384508], [47, -12.515151515151445], [45, -12.123152709359545], [46, -10.813186813186775], [37, -10.740932642487053], [36, -9.910112359550538], [34, -7.883333333333383]]]
[1246, [[34, -29.783333333333374], [41, -27.68776371308016], [45, -23.955665024630534], [43, -21.12307692307688], [38, -19.322222222222223], [37, -17.53367875647659], [46, -17.258241758241823], [3, -17.040609137055924], [47, -16.017316017315963], [36, -15.308988764044926], [15, -15.207920792079165]]]
[1247, [[45, -7.00985221674874], [43, -5.005128205128159], [34, -3.3944444444444315], [32, -3.2551020408164675], [38, -2.5999999999998664], [41, -1.8270042194092184], [37, 0.2642487046631885], [46, 2.802197802197739], [36, 3.7640449438203376], [15, 5.103960396039696], [3, 6.558375634517716], [47, 7.649350649350609]]]
[1264, [[41, -2.2784810126582045]]]
[1268, [[41, -2.540084388185676]]]
[1269, [[41, -5.999999999999972]]]
[1271, [[41, -2.194092827004127]]]
[1276, [[41, -2.2784810126582045]]]
[1278, [[41, -24.881856540084343]]]
[1280, [[41, -2.540084388185676]]]
[1281, [[41, -6.535864978902907]]]
[1282, [[41, -30.426160337552744]]]
[1283, [[41, -2.194092827004127]]]
[1288, [[41, -2.6708860759493547]]]
[1290, [[41, -24.881856540084343]]]
[1292, [[9, -14.955947136563879], [5, -8.535000000000068], [41, -3.037974683544377], [30, 2.791208791208774]]]
[1293, [[5, -19.155000000000058], [9, -16.947136563876597], [30, -14.406593406593487], [41, -6.7510548523205784]]]
[1294, [[41, -30.426160337552744]]]
[1295, [[41, -2.5400843881855337], [30, -2.4615384615384954], [5, 1.8949999999999676], [9, 4.162995594713664]]]
[1300, [[41, -2.6708860759493547]]]
[1302, [[41, -24.881856540084343]]]
[1304, [[9, -14.955947136563879], [5, -8.535000000000068], [41, -3.037974683544377], [30, 2.791208791208774]]]
[1305, [[15, -27.12871287128695], [5, -19.390000000000157], [9, -17.12775330396471], [30, -15.406593406593487], [47, -14.770562770562691], [36, -14.511235955056065], [41, -6.915611814345937], [6, -3.2096069868995016]]]
[1306, [[41, -30.426160337552744]]]
[1307, [[41, -2.5400843881855337], [30, -2.4615384615384954], [5, 1.8949999999999676], [9, 4.162995594713664]]]
[1312, [[47, -16.363636363636374], [3, -12.08121827411172], [15, -8.831683168316829], [36, -8.07865168539324], [43, -7.917948717948747], [41, -5.87763713080173], [37, 0.502590673575142], [38, 1.76111111111112]]]
[1314, [[41, -25.582278481012622], [43, -19.230769230769184], [38, -17.79444444444441], [3, -14.243654822335031], [37, -13.580310880829003], [47, -13.541125541125467], [15, -12.920792079207956], [36, -12.8539325842697]]]
[1316, [[1, -22.83673469387753], [47, -21.056277056277082], [8, -17.394230769230745], [9, -16.07929515418502], [3, -15.385786802030538], [15, -10.183168316831683], [6, -10.148471615720567], [5, -10.139999999999986], [36, -8.966292134831548], [43, -7.794871794871781], [41, -6.894514767932492], [42, -6.017857142857196], [30, 0.8351648351647754], [37, 1.4818652849740914], [38, 3.316666666666663]]]
[1317, [[15, -27.361386138613625], [5, -19.730000000000132], [3, -17.426395939086348], [9, -17.339207048458093], [8, -16.153846153846217], [37, -16.09326424870457], [38, -16.08333333333337], [30, -16.000000000000057], [36, -15.089887640449291], [47, -14.891774891774816], [1, -14.020408163265245], [42, -13.815476190476204], [43, -10.348717948717876], [41, -7.375527426160318], [6, -3.388646288209543]]]
[1318, [[6, -33.24890829694314], [41, -31.34177215189868], [43, -23.79487179487171], [38, -23.716666666666725], [30, -22.912087912087912], [5, -20.950000000000045], [8, -20.25], [9, -20.11453744493393], [3, -19.984771573604064], [15, -19.638613861386077], [37, -19.088082901554387], [47, -19.021645021645043], [1, -18.755102040816354], [42, -18.01785714285724], [36, -17.505617977528132]]]
[1319, [[43, -6.441025641025604], [38, -4.9944444444444684], [42, -4.57738095238102], [30, -4.219780219780233], [37, -3.2849740932641964], [41, -2.3375527426159977], [36, -2.0112359550560512], [6, -0.5065502183406068], [15, 0.38118811881204806], [5, 1.9999999999999005], [3, 3.9340101522842588], [9, 4.255506607929647], [8, 4.807692307692278], [47, 6.09523809523813], [1, 6.893877551020324]]]
[1324, [[47, -16.363636363636374], [3, -12.08121827411172], [15, -8.831683168316829], [36, -8.07865168539324], [43, -7.917948717948747], [41, -5.87763713080173], [37, 0.502590673575142], [38, 1.76111111111112]]]
[1326, [[41, -25.582278481012622], [43, -19.230769230769184], [38, -17.79444444444441], [3, -14.243654822335031], [37, -13.580310880829003], [47, -13.541125541125467], [15, -12.920792079207956], [36, -12.8539325842697]]]
[1328, [[1, -22.83673469387753], [47, -21.056277056277082], [8, -17.394230769230745], [9, -16.07929515418502], [3, -15.385786802030538], [15, -10.183168316831683], [6, -10.148471615720567], [5, -10.139999999999986], [36, -8.966292134831548], [43, -7.794871794871781], [41, -6.894514767932492], [42, -6.017857142857196], [30, 0.8351648351647754], [37, 1.4818652849740914], [38, 3.316666666666663]]]
[1329, [[15, -27.950495049504752], [5, -20.020000000000124], [3, -17.644670050761476], [9, -17.528634361233458], [25, -17.11834319526642], [24, -16.69230769230765], [38, -16.32777777777784], [8, -16.302884615384755], [37, -16.176165803108745], [30, -16.093406593406627], [47, -15.008658008657989], [36, -14.84269662921335], [42, -14.172619047619065], [1, -14.089795918367287], [32, -13.801020408163282], [31, -12.885245901639337], [43, -10.307692307692236], [41, -7.459915611814353], [6, -3.2663755458515027]]]
[1330, [[6, -33.24890829694314], [41, -31.34177215189868], [43, -23.79487179487171], [38, -23.716666666666725], [30, -22.912087912087912], [5, -20.950000000000045], [8, -20.25], [9, -20.11453744493393], [3, -19.984771573604064], [15, -19.638613861386077], [37, -19.088082901554387], [47, -19.021645021645043], [1, -18.755102040816354], [42, -18.01785714285724], [36, -17.505617977528132]]]
[1331, [[43, -6.441025641025604], [38, -4.9944444444444684], [42, -4.57738095238102], [30, -4.219780219780233], [37, -3.2849740932641964], [41, -2.3375527426159977], [36, -2.0112359550560512], [6, -0.5065502183406068], [15, 0.38118811881204806], [5, 1.9999999999999005], [3, 3.9340101522842588], [9, 4.255506607929647], [8, 4.807692307692278], [47, 6.09523809523813], [1, 6.893877551020324]]]
[1336, [[47, -18.02597402597405], [3, -15.096446700507585], [15, -13.46039603960402], [36, -10.292134831460658], [43, -10.092307692307713], [41, -8.67510548523208], [37, -2.761658031088075], [38, -0.6722222222222172], [32, 0.5102040816327076]]]
[1338, [[41, -25.582278481012622], [43, -19.230769230769184], [38, -17.79444444444441], [3, -14.243654822335031], [37, -13.580310880829003], [47, -13.541125541125467], [15, -12.920792079207956], [36, -12.8539325842697]]]
[1340, [[1, -24.146938775510137], [47, -23.142857142857196], [8, -20.028846153846146], [9, -19.23348017621143], [3, -19.15736040609137], [15, -15.831683168316857], [5, -14.774999999999935], [6, -13.331877729257627], [24, -12.467032967032964], [36, -12.005617977528175], [43, -10.625641025641059], [41, -10.113924050632903], [42, -8.89880952380949], [37, -2.512953367875639], [30, -2.0934065934066126], [31, -0.40437158469943313], [38, 0.3666666666666032], [25, 0.44378698224855384], [32, 1.9438775510204493]]]
[1341, [[15, -27.990099009900746], [5, -20.03500000000011], [3, -17.644670050761476], [9, -17.54185022026428], [25, -17.236686390532697], [24, -16.401098901098806], [38, -16.35555555555564], [8, -16.307692307692434], [37, -16.253886010362606], [30, -16.060439560439647], [47, -15.012987012986997], [36, -14.837078651685232], [1, -14.106122448979534], [42, -14.089285714285722], [32, -13.770408163265301], [31, -12.841530054644807], [43, -10.317948717948639], [41, -7.270042194092838], [6, -2.834061135371087]]]
[1342, [[6, -33.24890829694314], [41, -31.34177215189868], [43, -23.79487179487171], [38, -23.716666666666725], [30, -22.912087912087912], [5, -20.950000000000045], [8, -20.25], [9, -20.11453744493393], [3, -19.984771573604064], [15, -19.638613861386077], [37, -19.088082901554387], [47, -19.021645021645043], [1, -18.755102040816354], [42, -18.01785714285724], [36, -17.505617977528132]]]
[1343, [[32, -5.729591836734656], [43, -5.425641025640928], [31, -5.1366120218578], [38, -5.1111111111111], [30, -4.115384615384642], [42, -3.708333333333343], [37, -3.2072538860103066], [24, -1.8956043956044084], [25, -1.6863905325444364], [41, -1.5400843881855053], [36, -0.28651685393236903], [15, 0.5841584158417419], [6, 0.6506550218341829], [5, 2.8849999999999483], [3, 4.619289340101503], [9, 4.933920704845875], [8, 5.42307692307682], [47, 6.51082251082245], [1, 7.240816326530478]]]
[1356, [[41, -0.9831223628691532]]]
[1357, [[41, -1.9367088607594667]]]
[1359, [[41, -1.1603375527425897]]]
[1360, [[41, -1.2447257383965962]]]
[1361, [[41, -1.9367088607594667]]]
[1363, [[41, -1.1603375527425897]]]
[1364, [[41, -1.810126582278457]]]
[1365, [[41, -0.43459915611825295]]]
[1367, [[41, -0.5696202531645724]]]
[1368, [[41, -0.9831223628691532]]]
[1369, [[41, -2.253164556961991]]]
[1370, [[41, -22.303797468354404]]]
[1371, [[41, -1.1603375527425897]]]
[1372, [[41, -1.2447257383965962]]]
[1373, [[41, -2.253164556961991]]]
[1374, [[41, -27.84810126582272]]]
[1375, [[41, -1.1603375527425897]]]
[1376, [[41, -1.810126582278457]]]
[1377, [[41, -0.7510548523208058]]]
[1378, [[41, -32.67510548523205]]]
[1379, [[41, -0.5696202531645724]]]
[1380, [[41, -1.1603375527425897]]]
[1381, [[41, -2.3755274261602324]]]
[1382, [[41, -22.303797468354404]]]
[1383, [[41, -1.3966244725736487]]]
[1384, [[9, -14.488986784141005], [5, -8.795000000000002], [41, -1.5274261603375408], [30, 1.7747252747252986]]]
[1385, [[41, -2.3755274261602324]]]
[1386, [[41, -27.84810126582272]]]
[1387, [[41, -1.3966244725736487]]]
[1388, [[9, -17.62995594713655], [5, -10.340000000000003], [41, -2.6244725738397108], [30, 2.9505494505494028]]]
[1389, [[5, -15.489999999999924], [9, -13.462555066079261], [30, -9.280219780219767], [41, -0.8607594936710257]]]
[1390, [[41, -32.67510548523205]]]
[1391, [[30, -3.2802197802196957], [5, -0.5600000000000733], [41, -0.2700421940929516], [9, 1.4713656387665708]]]
[1392, [[41, -1.1603375527425897]]]
[1393, [[41, -2.4683544303796623]]]
[1394, [[41, -22.303797468354404]]]
[1395, [[41, -1.3966244725736487]]]
[1396, [[9, -14.488986784141005], [5, -8.795000000000002], [41, -1.5274261603375408], [30, 1.7747252747252986]]]
[1397, [[41, -2.4683544303796623]]]
[1398, [[41, -27.84810126582272]]]
[1399, [[41, -1.3966244725736487]]]
[1400, [[9, -17.62995594713655], [5, -10.340000000000003], [41, -2.6244725738397108], [30, 2.9505494505494028]]]
[1401, [[5, -15.644999999999897], [9, -13.590308370044], [30, -9.912087912087827], [41, -0.9493670886077439], [6, 1.4235807860261502]]]
[1402, [[41, -32.67510548523205]]]
[1403, [[30, -3.2802197802196957], [5, -0.5600000000000733], [41, -0.2700421940929516], [9, 1.4713656387665708]]]
[1404, [[41, -3.708860759493689]]]
[1405, [[41, -2.6455696202530987]]]
[1406, [[41, -22.004219409282726]]]
[1407, [[41, -1.1856540084386893]]]
[1408, [[8, -16.65865384615377], [9, -15.533039647577056], [5, -10.259999999999906], [6, -8.091703056768552], [42, -6.363095238095227], [41, -4.725738396624536], [30, 0.6978021978021047]]]
[1409, [[41, -2.6455696202530987]]]
[1410, [[6, -28.537117903930053], [41, -27.763713080168742], [30, -22.873626373626337], [5, -19.68000000000002], [8, -19.081730769230774], [9, -19.01321585903088], [42, -17.077380952380963]]]
[1411, [[41, -1.1856540084386893]]]
[1412, [[8, -20.394230769230788], [9, -18.903083700440533], [5, -12.119999999999976], [6, -10.6943231441048], [41, -6.455696202531698], [42, -5.732142857142861], [30, 1.6373626373625]]]
[1413, [[5, -15.629999999999853], [9, -13.563876651982298], [8, -12.596153846153754], [42, -12.208333333333428], [30, -10.087912087911974], [41, -1.0295358649789819], [6, 1.131004366812192]]]
[1414, [[6, -34.36244541484727], [41, -33.493670886075904], [30, -29.076923076922967], [5, -25.87999999999991], [9, -24.98237885462555], [8, -24.961538461538368], [42, -21.68452380952381]]]
[1415, [[42, -7.886904761904816], [30, -4.0219780219778585], [5, -0.46000000000002217], [41, -0.067510548523245], [6, 1.1659388646287994], [9, 1.54625550660802], [8, 2.067307692307679]]]
[1416, [[41, -3.708860759493689]]]
[1417, [[41, -2.641350210970444]]]
[1418, [[41, -22.004219409282726]]]
[1419, [[41, -1.1856540084386893]]]
[1420, [[8, -16.65865384615377], [9, -15.533039647577056], [5, -10.259999999999906], [6, -8.091703056768552], [42, -6.363095238095227], [41, -4.725738396624536], [30, 0.6978021978021047]]]
[1421, [[41, -2.641350210970444]]]
[1422, [[6, -28.537117903930053], [41, -27.763713080168742], [30, -22.873626373626337], [5, -19.68000000000002], [8, -19.081730769230774], [9, -19.01321585903088], [42, -17.077380952380963]]]
[1423, [[41, -1.1856540084386893]]]
[1424, [[8, -20.394230769230788], [9, -18.903083700440533], [5, -12.119999999999976], [6, -10.6943231441048], [41, -6.455696202531698], [42, -5.732142857142861], [30, 1.6373626373625]]]
[1425, [[19, -16.559782608695627], [5, -15.659999999999883], [22, -15.647668393782482], [9, -13.581497797356747], [8, -12.6153846153845], [42, -12.369047619047706], [30, -9.961538461538396], [31, -6.71584699453561], [41, -0.9282700421942423], [6, 1.467248908296881]]]
[1426, [[6, -34.36244541484727], [41, -33.493670886075904], [30, -29.076923076922967], [5, -25.87999999999991], [9, -24.98237885462555], [8, -24.961538461538368], [42, -21.68452380952381]]]
[1427, [[42, -7.886904761904816], [30, -4.0219780219778585], [5, -0.46000000000002217], [41, -0.067510548523245], [6, 1.1659388646287994], [9, 1.54625550660802], [8, 2.067307692307679]]]
[1428, [[41, -6.1687763713080415]]]
[1429, [[41, -2.5485232067510424]]]
[1430, [[41, -22.004219409282726]]]
[1431, [[41, -0.4725738396622887]]]
[1432, [[8, -18.995192307692307], [9, -18.31277533039649], [5, -14.314999999999998], [6, -11.183406113537075], [42, -8.797619047619065], [41, -7.607594936708864], [30, -1.6263736263736348], [31, 1.1475409836065467]]]
[1433, [[41, -2.5485232067510424]]]
[1434, [[6, -28.537117903930053], [41, -27.763713080168742], [30, -22.873626373626337], [5, -19.68000000000002], [8, -19.081730769230774], [9, -19.01321585903088], [42, -17.077380952380963]]]
[1435, [[41, -0.4725738396622887]]]
[1436, [[8, -23.28846153846152], [9, -22.35242290748903], [5, -17.14500000000004], [22, -16.0414507772021], [19, -14.326086956521749], [6, -14.257641921397294], [41, -9.873417721519047], [42, -8.767857142857096], [30, -1.302197802197938], [31, 1.644808743169449]]]
[1437, [[19, -16.57608695652175], [5, -15.68499999999986], [22, -15.668393782383504], [9, -13.594713656387654], [8, -12.624999999999858], [42, -12.339285714285836], [30, -9.862637362637287], [31, -6.62841530054655], [41, -0.49789029535875784], [6, 1.8034934497815698]]]
[1438, [[6, -34.36244541484727], [41, -33.493670886075904], [30, -29.076923076922967], [5, -25.87999999999991], [9, -24.98237885462555], [8, -24.961538461538368], [42, -21.68452380952381]]]
[1439, [[42, -7.0416666666667425], [30, -3.5329670329669085], [31, -2.387978142076662], [19, -0.8260869565218343], [22, -0.13471502590675755], [41, 0.08438818565392125], [5, 0.15500000000002956], [6, 1.0786026200872811], [9, 1.9999999999999716], [8, 2.4519230769230944]]]
[1484, [[49, -4.526315789473685]]]
[1485, [[49, 4.231578947368348]]]
[1487, [[49, 3.4842105263157634]]]
[1496, [[49, -4.526315789473685]]]
[1497, [[40, -2.954732510288082], [49, 3.9315789473683367]]]
[1499, [[49, 3.4842105263157634]]]
[1504, [[44, -7.053475935828871]]]
[1506, [[44, -15.139037433155053]]]
[1508, [[44, -9.95187165775397], [49, -6.9473684210526585], [40, -6.551440329218053]]]
[1509, [[40, -3.975308641975289], [44, 3.4171122994652308], [49, 3.7789473684210293]]]
[1510, [[40, -21.58847736625519], [49, -19.999999999999957], [44, -18.74331550802141]]]
[1511, [[40, -2.7078189300412134], [44, 2.711229946524071], [49, 3.673684210526318]]]
[1516, [[44, -7.053475935828871]]]
[1518, [[44, -15.139037433155053]]]
[1520, [[44, -9.95187165775397], [49, -6.9473684210526585], [40, -6.551440329218053]]]
[1521, [[40, -4.456790123456784], [44, 3.4064171122994935], [49, 3.757894736842104]]]
[1522, [[40, -21.58847736625519], [49, -19.999999999999957], [44, -18.74331550802141]]]
[1523, [[40, -2.7078189300412134], [44, 2.711229946524071], [49, 3.673684210526318]]]
[1528, [[44, -9.326203208556123]]]
[1532, [[44, -12.807486631016019], [40, -11.567901234567898], [49, -10.305263157894757]]]
[1533, [[40, -4.456790123456784], [44, 3.4064171122994935], [49, 3.757894736842104]]]
[1534, [[40, -19.843621399176996], [49, -18.268421052631552]]]
[1535, [[40, -2.8683127572016645], [44, 2.3475935828877397], [49, 3.294736842105209]]]
[1576, [[49, -3.4789473684210463]]]
[1580, [[49, -5.310526315789474], [34, -2.822222222222237]]]
[1581, [[34, -12.288888888888948], [49, -3.099999999999966]]]
[1583, [[34, -5.677777777777763], [49, 6.321052631578979]]]
[1588, [[49, -3.4789473684210463]]]
[1592, [[49, -5.310526315789474], [34, -2.822222222222237]]]
[1593, [[34, -12.36666666666676], [40, -10.818930041152214], [49, -3.721052631578914]]]
[1595, [[34, -5.677777777777763], [49, 6.321052631578979]]]
[1600, [[49, -5.489473684210523], [40, -5.094650205761269]]]
[1602, [[40, -18.37037037037041], [49, -15.942105263157856]]]
[1604, [[49, -7.863157894736844], [34, -5.933333333333323], [40, -4.876543209876502]]]
[1605, [[34, -12.333333333333428], [40, -11.938271604938222], [49, -4.031578947368416]]]
[1606, [[34, -25.866666666666646], [40, -22.868312757201664], [49, -21.5578947368421]]]
[1607, [[34, -5.888888888888928], [40, -4.646090534979379], [49, 6.452631578947361]]]
[1612, [[49, -5.489473684210523], [40, -5.094650205761269]]]
[1614, [[40, -18.37037037037041], [49, -15.942105263157856]]]
[1616, [[49, -7.863157894736844], [34, -5.933333333333323], [40, -4.876543209876502]]]
[1617, [[40, -12.551440329218025], [34, -12.37777777777788], [49, -4.031578947368445]]]
[1618, [[34, -25.866666666666646], [40, -22.868312757201664], [49, -21.5578947368421]]]
[1619, [[34, -5.888888888888928], [40, -4.646090534979379], [49, 6.452631578947361]]]
[1624, [[40, -9.226337448559605], [49, -8.268421052631567]]]
[1626, [[40, -16.732510288065868], [49, -14.468421052631527]]]
[1628, [[34, -12.733333333333348], [49, -11.715789473684254], [40, -10.15637860082299]]]
[1629, [[40, -12.551440329218025], [34, -12.37777777777788], [49, -4.031578947368445]]]
[1630, [[34, -24.133333333333354], [40, -20.703703703703667], [49, -19.647368421052605]]]
[1631, [[34, -5.199999999999989], [40, -3.9753086419752606], [49, 6.7157894736841826]]]
[1641, [[41, -12.333333333333343]]]
[1652, [[41, -2.447257383966189]]]
[1653, [[41, -12.860759493670912]]]
[1655, [[41, -3.2911392405062685]]]
[1664, [[41, -2.447257383966189]]]
[1665, [[41, -13.105485232067537]]]
[1666, [[41, -26.47257383966246]]]
[1667, [[41, -3.2911392405062685]]]
[1672, [[34, -1.0388888888888772]]]
[1676, [[36, -8.168539325842715], [41, -4.784810126582244], [34, -0.46111111111103753]]]
[1677, [[41, -13.299578059071763], [36, -8.651685393258475], [34, -7.3944444444445026]]]
[1678, [[41, -26.47257383966246]]]
[1679, [[34, -3.6611111111111683], [41, -2.6244725738396113], [36, 2.2471910112360547]]]
[1684, [[34, -1.0388888888888772]]]
[1688, [[36, -8.168539325842715], [41, -4.784810126582244], [34, -0.46111111111103753]]]
[1689, [[38, -16.03888888888889], [41, -14.118143459915615], [43, -13.425641025640942], [3, -12.761421319796966], [37, -9.922279792746167], [36, -9.308988764044983], [34, -7.283333333333388]]]
[1690, [[41, -26.47257383966246]]]
[1691, [[34, -3.6611111111111683], [41, -2.6244725738396113], [36, 2.2471910112360547]]]
[1696, [[34, -3.6222222222221916]]]
[1698, [[34, -23.766666666666623]]]
[1700, [[3, -13.888324873096408], [36, -11.775280898876403], [43, -10.851282051282098], [41, -8.021097046413416], [34, -3.32777777777774], [37, -1.8186528497409427], [38, 0.9055555555555941], [32, 2.137755102040771]]]
[1701, [[38, -16.405555555555537], [32, -14.82142857142864], [41, -14.535864978902993], [43, -13.333333333333258], [3, -13.076142131979708], [37, -10.046632124352328], [36, -9.112359550561791], [34, -7.2055555555556055]]]
[1702, [[34, -29.57222222222228], [41, -27.540084388185704], [3, -22.365482233502618], [43, -22.32820512820507], [38, -18.95000000000003], [32, -18.474489795918387], [37, -17.611398963730508], [36, -16.921348314606746]]]
[1703, [[43, -5.835897435897422], [34, -4.0277777777777715], [32, -3.7193877551020904], [38, -3.2944444444443945], [41, -2.4261603375526875], [37, -0.2746113989637564], [36, 2.921348314606888], [3, 5.137055837563423]]]
[1708, [[34, -3.6222222222221916]]]
[1710, [[34, -23.766666666666623]]]
[1712, [[3, -13.888324873096408], [36, -11.775280898876403], [43, -10.851282051282098], [41, -8.021097046413416], [34, -3.32777777777774], [37, -1.8186528497409427], [38, 0.9055555555555941], [32, 2.137755102040771]]]
[1713, [[38, -16.46111111111108], [32, -14.85204081632665], [41, -14.696202531645554], [43, -13.358974358974251], [3, -13.071065989847767], [37, -10.124352331606246], [36, -9.089887640449433], [34, -7.227777777777817]]]
[1714, [[34, -29.57222222222228], [41, -27.540084388185704], [3, -22.365482233502618], [43, -22.32820512820507], [38, -18.95000000000003], [32, -18.474489795918387], [37, -17.611398963730508], [36, -16.921348314606746]]]
[1715, [[43, -5.835897435897422], [34, -4.0277777777777715], [32, -3.7193877551020904], [38, -3.2944444444443945], [41, -2.4261603375526875], [37, -0.2746113989637564], [36, 2.921348314606888], [3, 5.137055837563423]]]
[1720, [[34, -9.716666666666612]]]
[1722, [[34, -22.322222222222166]]]
[1724, [[3, -17.182741116751245], [36, -16.067415730337075], [43, -15.102564102564145], [41, -13.90295358649783], [34, -10.572222222222194], [37, -7.9585492227979415], [38, -4.916666666666686], [32, -3.0255102040816553]]]
[1725, [[38, -16.46111111111108], [32, -14.85204081632665], [41, -14.696202531645554], [43, -13.358974358974251], [3, -13.071065989847767], [37, -10.124352331606246], [36, -9.089887640449433], [34, -7.227777777777817]]]
[1726, [[34, -27.87222222222229], [41, -25.206751054852333], [3, -20.771573604060947], [43, -19.589743589743534], [38, -15.838888888888889], [37, -15.227979274611371], [36, -14.702247191011168]]]
[1727, [[34, -3.9833333333333627], [43, -3.625641025640988], [32, -3.2704081632654294], [38, -2.994444444444369], [41, -1.3122362869197417], [37, 0.6632124352330919], [36, 3.786516853932824], [3, 6.177664974619233]]]
[1737, [[41, -5.90295358649783]]]
[1744, [[41, -1.4767932489451425]]]
[1748, [[41, -1.6371308016878459]]]
[1749, [[41, -6.438818565400794]]]
[1751, [[41, -2.4219409282699473]]]
[1756, [[41, -1.4767932489451425]]]
[1758, [[41, -24.767932489451468]]]
[1760, [[41, -1.6371308016878459]]]
[1761, [[41, -6.654008438818465]]]
[1762, [[41, -30.518987341772117]]]
[1763, [[41, -2.4219409282699473]]]
[1768, [[36, -6.780898876404521], [41, -3.552742616033754]]]
[1770, [[41, -24.767932489451468]]]
[1772, [[36, -7.3539325842697565], [41, -4.143459915611857]]]
[1773, [[36, -13.657303370786394], [41, -6.818565400843795]]]
[1774, [[41, -30.518987341772117]]]
[1775, [[36, -2.28651685393244], [41, -1.9746835443037014]]]
[1780, [[36, -6.780898876404521], [41, -3.552742616033754]]]
[1782, [[41, -24.767932489451468]]]
[1784, [[36, -7.3539325842697565], [41, -4.143459915611857]]]
[1785, [[3, -16.26903553299499], [38, -15.361111111111114], [37, -15.238341968911868], [36, -14.235955056179591], [42, -12.952380952380963], [43, -9.856410256410157], [41, -7.278481012658176]]]
[1786, [[41, -30.518987341772117]]]
[1787, [[36, -2.28651685393244], [41, -1.9746835443037014]]]
[1792, [[3, -13.040609137055853], [36, -9.926966292134836], [43, -8.897435897435912], [41, -6.122362869198412], [37, -1.652849740932652], [38, -0.1611111111110688], [32, 0.7397959183673493]]]
[1794, [[41, -24.51054852320675], [43, -19.512820512820483], [3, -19.223350253807155], [38, -17.438888888888812], [32, -16.994897959183717], [36, -14.53370786516858], [37, -14.181347150259086]]]
[1796, [[3, -16.436548223350314], [36, -11.382022471910105], [43, -9.128205128205138], [42, -8.273809523809518], [41, -6.915611814346079], [37, -0.9274611398963941], [31, 0.6065573770491426], [38, 1.11666666666666], [32, 2.2704081632653867]]]
[1797, [[3, -16.487309644670148], [38, -15.605555555555583], [37, -15.321243523316042], [36, -13.988764044943679], [32, -13.484693877551024], [42, -13.309523809523796], [31, -12.486338797814199], [43, -9.815384615384573], [41, -7.362869198312239]]]
[1798, [[41, -30.09704641350207], [3, -25.3401015228427], [31, -24.12568306010924], [43, -23.897435897435855], [38, -22.85000000000001], [32, -21.964285714285708], [42, -19.416666666666714], [37, -19.29015544041448], [36, -18.921348314606703]]]
[1799, [[32, -6.076530612244881], [43, -5.907692307692216], [38, -5.8055555555556], [31, -5.579234972677455], [42, -4.654761904761983], [37, -3.984455958549148], [41, -1.8270042194092468], [36, -1.146067415730215], [3, 3.4619289340101176]]]
[1804, [[3, -13.040609137055853], [36, -9.926966292134836], [43, -8.897435897435912], [41, -6.122362869198412], [37, -1.652849740932652], [38, -0.1611111111110688], [32, 0.7397959183673493]]]
[1806, [[41, -24.51054852320675], [43, -19.512820512820483], [3, -19.223350253807155], [38, -17.438888888888812], [32, -16.994897959183717], [36, -14.53370786516858], [37, -14.181347150259086]]]
[1808, [[3, -16.436548223350314], [36, -11.382022471910105], [43, -9.128205128205138], [42, -8.273809523809518], [41, -6.915611814346079], [37, -0.9274611398963941], [31, 0.6065573770491426], [38, 1.11666666666666], [32, 2.2704081632653867]]]
[1809, [[3, -16.48730964467009], [38, -15.633333333333383], [37, -15.398963730569903], [36, -13.98314606741556], [32, -13.454081632653043], [42, -13.226190476190453], [31, -12.442622950819697], [43, -9.825641025640948], [41, -7.172995780590696]]]
[1810, [[41, -30.09704641350207], [3, -25.3401015228427], [31, -24.12568306010924], [43, -23.897435897435855], [38, -22.85000000000001], [32, -21.964285714285708], [42, -19.416666666666714], [37, -19.29015544041448], [36, -18.921348314606703]]]
[1811, [[32, -6.076530612244881], [43, -5.907692307692216], [38, -5.8055555555556], [31, -5.579234972677455], [42, -4.654761904761983], [37, -3.984455958549148], [41, -1.8270042194092468], [36, -1.146067415730215], [3, 3.4619289340101176]]]
[1816, [[3, -15.83248730964462], [36, -13.567415730337132], [43, -13.07692307692308], [41, -11.53164556962031], [37, -7.015544041450795], [38, -5.194444444444457], [32, -3.775510204081627]]]
[1818, [[41, -22.320675105485236], [3, -17.832487309644648], [43, -17.241025641025587], [38, -14.750000000000057], [36, -12.65730337078655], [37, -12.155440414507751]]]
[1820, [[3, -20.0304568527919], [36, -16.174157303370833], [43, -14.738461538461522], [41, -13.206751054852333], [42, -12.333333333333314], [37, -7.502590673575156], [31, -5.196721311475471], [38, -4.933333333333337], [32, -3.188775510204067]]]
[1821, [[3, -16.48730964467009], [38, -15.633333333333383], [37, -15.398963730569903], [36, -13.98314606741556], [32, -13.454081632653043], [42, -13.226190476190453], [31, -12.442622950819697], [43, -9.825641025640948], [41, -7.172995780590696]]]
[1822, [[41, -27.472573839662445], [3, -23.659898477157356], [43, -21.16923076923075], [38, -19.572222222222237], [42, -17.488095238095212], [37, -16.854922279792675], [36, -16.65168539325846]]]
[1823, [[32, -5.811224489795876], [38, -5.655555555555694], [31, -5.382513661202125], [43, -4.24615384615376], [37, -3.3886010362693355], [42, -2.8452380952381304], [41, -1.4936708860759325], [36, 0.5561797752810804], [3, 4.720812182741113]]]
[1825, [[41, -1.9999999999999432]]]
[1829, [[41, -1.9999999999999432]]]
[1833, [[41, -0.5400843881857611]]]
[1836, [[41, -0.10548523206753657]]]
[1837, [[41, -2.3164556962024676]]]
[1839, [[41, -1.2109704641349595]]]
[1840, [[41, -0.2658227848100978]]]
[1841, [[41, -2.3164556962024676]]]
[1843, [[41, -1.2109704641349595]]]
[1844, [[41, -1.0590717299578216]]]
[1845, [[41, -0.856540084388314]]]
[1847, [[41, -0.054852320675138344]]]
[1848, [[41, -0.10548523206753657]]]
[1849, [[41, -2.4388185654007373]]]
[1850, [[41, -21.70464135021095]]]
[1851, [[41, -1.2109704641349595]]]
[1852, [[41, -0.2658227848100978]]]
[1853, [[41, -2.4388185654007373]]]
[1854, [[41, -27.455696202531627]]]
[1855, [[41, -1.2109704641349595]]]
[1856, [[41, -1.0590717299578216]]]
[1857, [[41, -0.966244725738477]]]
[1858, [[41, -32.98312236286918]]]
[1859, [[41, -0.054852320675138344]]]
[1860, [[41, -1.9324894514767834]]]
[1861, [[41, -2.531645569620167]]]
[1862, [[41, -21.70464135021095]]]
[1863, [[41, -0.9451476793247764]]]
[1864, [[41, -2.5232067510549143]]]
[1865, [[41, -2.531645569620167]]]
[1866, [[41, -27.455696202531627]]]
[1867, [[41, -0.9451476793247764]]]
[1868, [[41, -3.839662447257382]]]
[1869, [[41, -1.0548523206751952]]]
[1870, [[41, -32.98312236286918]]]
[1871, [[41, 0.11814345991561481]]]
[1872, [[41, -1.9324894514767834]]]
[1873, [[41, -2.7088607594936036]]]
[1874, [[41, -21.70464135021095]]]
[1875, [[41, -0.9451476793247764]]]
[1876, [[41, -2.5232067510549143]]]
[1877, [[41, -2.7088607594936036]]]
[1878, [[41, -27.455696202531627]]]
[1879, [[41, -0.9451476793247764]]]
[1880, [[41, -3.839662447257382]]]
[1881, [[42, -11.59523809523813], [41, -1.1350210970465184]]]
[1882, [[41, -32.98312236286918]]]
[1883, [[41, 0.11814345991561481]]]
[1884, [[41, -4.004219409282683]]]
[1885, [[41, -2.7046413502109488]]]
[1886, [[41, -20.611814345991633]]]
[1887, [[41, -0.5021097046412137]]]
[1888, [[42, -7.952380952380992], [41, -4.79746835443035], [31, 2.1475409836065182]]]
[1889, [[41, -2.7046413502109488]]]
[1890, [[41, -26.198312236286952], [31, -22.97814207650262], [42, -18.226190476190496]]]
[1891, [[41, -0.5021097046412137]]]
[1892, [[42, -7.624999999999972], [41, -6.341772151898795], [31, 2.8415300546448066]]]
[1893, [[42, -11.755952380952493], [31, -6.655737704918124], [41, -1.0337552742616936]]]
[1894, [[41, -31.52320675105483], [31, -28.043715846994573], [42, -22.74404761904765]]]
[1895, [[42, -7.684523809523853], [31, -2.535519125683223], [41, -0.2405063291139129]]]
[1896, [[41, -4.004219409282683]]]
[1897, [[41, -2.6118143459915473]]]
[1898, [[41, -20.611814345991633]]]
[1899, [[41, -0.5021097046412137]]]
[1900, [[42, -7.952380952380992], [41, -4.79746835443035], [31, 2.1475409836065182]]]
[1901, [[41, -2.6118143459915473]]]
[1902, [[41, -26.198312236286952], [31, -22.97814207650262], [42, -18.226190476190496]]]
[1903, [[41, -0.5021097046412137]]]
[1904, [[42, -7.624999999999972], [41, -6.341772151898795], [31, 2.8415300546448066]]]
[1905, [[42, -11.726190476190567], [31, -6.568306010929035], [41, -0.6033755274262944]]]
[1906, [[41, -31.52320675105483], [31, -28.043715846994573], [42, -22.74404761904765]]]
[1907, [[42, -7.684523809523853], [31, -2.535519125683223], [41, -0.2405063291139129]]]
[1908, [[41, -8.628691983122394]]]
[1909, [[41, -2.6118143459915473]]]
[1910, [[41, -18.767932489451567]]]
[1911, [[41, -0.26582278481004096]]]
[1912, [[42, -11.5], [41, -10.303797468354446], [31, -2.8032786885246708]]]
[1913, [[41, -2.6118143459915473]]]
[1914, [[41, -23.91983122362872], [42, -16.482142857142847]]]
[1915, [[41, -0.26582278481004096]]]
[1916, [[42, -12.523809523809433], [41, -12.240506329113998], [31, -2.841530054644778]]]
[1917, [[42, -11.726190476190567], [31, -6.568306010929035], [41, -0.6033755274262944]]]
[1918, [[41, -28.915611814345937], [42, -20.571428571428612]]]
[1919, [[42, -5.726190476190567], [31, -2.786885245901786], [41, -0.94092827004215]]]
[1977, [[44, 2.994652406417103]]]
[1984, [[44, -6.871657754010656]]]
[1986, [[44, -16.786096256684502]]]
[1988, [[44, -9.711229946524028]]]
[1989, [[44, 2.9839572192513373]]]
[1990, [[44, -20.98395721925135]]]
[1991, [[44, 2.770053475935839]]]
[1996, [[44, -7.957219251336866]]]
[1998, [[44, -15.70053475935832]]]
[2000, [[44, -11.016042780748634]]]
[2001, [[44, 2.9839572192513373]]]
[2002, [[44, -19.679144385026746]]]
[2003, [[44, 2.7807486631016047]]]
[2008, [[44, -9.406417112299437]]]
[2012, [[44, -12.823529411764682]]]
[2013, [[44, 2.9839572192513373]]]
[2015, [[44, 2.3957219251336994]]]
[2169, [[32, -14.00510204081641]]]
[2180, [[32, -0.4336734693877702]]]
[2181, [[32, -14.035714285714391]]]
[2182, [[32, -19.331632653061178]]]
[2183, [[32, -4.086734693877688]]]
[2192, [[32, -2.93367346938777]]]
[2193, [[32, -14.035714285714391]]]
[2194, [[32, -16.831632653061234]]]
[2195, [[32, -4.0561224489796786]]]
[2204, [[32, -7.8418367346938425]]]
[2205, [[32, -14.035714285714391]]]
[2207, [[32, -2.9030612244899316]]]
[2265, [[32, -12.75], [31, -11.677595628415276]]]
[2272, [[32, -1.4387755102040671]]]
[2274, [[32, -17.71428571428575]]]
[2276, [[31, -1.9836065573771293], [32, -0.26020408163263653]]]
[2277, [[32, -12.71938775510202], [31, -11.633879781420745]]]
[2278, [[31, -25.10928961748631], [32, -22.556122448979522]]]
[2279, [[32, -6.545918367346914], [31, -6.191256830601063]]]
[2284, [[32, -3.5255102040815984]]]
[2286, [[32, -15.62755102040822]]]
[2288, [[31, -4.049180327868896], [32, -2.7295918367346275]]]
[2289, [[32, -12.71938775510202], [31, -11.633879781420745]]]
[2290, [[31, -23.043715846994544], [32, -20.08673469387753]]]
[2291, [[32, -6.576530612244923], [31, -6.2349726775955645]]]
[2296, [[32, -7.857142857142847]]]
[2300, [[31, -9.896174863388012], [32, -8.178571428571416]]]
[2301, [[32, -12.71938775510202], [31, -11.633879781420745]]]
[2303, [[32, -5.505102040816297], [31, -4.9890710382511685]]]
[2361, [[31, -6.218579234972793]]]
[2368, [[31, 0.1202185792348871]]]
[2370, [[31, -22.80874316939881]]]
[2372, [[31, 0.6885245901639792]]]
[2373, [[31, -6.131147540983704]]]
[2374, [[31, -27.56284153005464]]]
[2375, [[31, -3.224043715847131]]]
[2380, [[31, -1.595628415300638]]]
[2382, [[31, -21.092896174863284]]]
[2384, [[31, -1.3333333333333144]]]
[2385, [[31, -6.131147540983704]]]
[2386, [[31, -25.540983606557347]]]
[2387, [[31, -3.3114754098361914]]]
[2392, [[31, -6.972677595628511]]]
[2396, [[31, -7.6284153005464646]]]
[2397, [[31, -6.131147540983704]]]
[2399, [[31, -2.907103825136744]]]
[2440, [[44, -6.080213903743285]]]
[2444, [[44, -8.866310160427787]]]
[2445, [[44, 2.2994652406416947]]]
[2447, [[44, 3.4759358288770272]]]
[2452, [[44, -6.080213903743285]]]
[2456, [[44, -8.866310160427787]]]
[2457, [[44, 2.2887700534759006]]]
[2459, [[44, 3.4759358288770272]]]
[2464, [[44, -7.529411764705856]]]
[2466, [[44, -16.877005347593624]]]
[2468, [[44, -10.673796791443834]]]
[2469, [[44, 2.2887700534759006]]]
[2470, [[44, -21.32620320855615]]]
[2471, [[44, 3.090909090909122]]]
[2476, [[44, -8.614973262032066]]]
[2478, [[44, -15.791443850267385]]]
[2480, [[44, -11.97860962566844]]]
[2481, [[44, 2.2887700534759006]]]
[2482, [[44, -20.021390374331546]]]
[2483, [[44, 3.1016042780748876]]]
[2488, [[44, -9.796791443850239]]]
[2492, [[44, -13.336898395721875]]]
[2493, [[44, 2.2887700534759006]]]
[2495, [[44, 2.395721925133657]]]
[2636, [[32, -0.2551020408163538]]]
[2637, [[32, -13.122448979591923]]]
[2639, [[32, -4.938775510204152]]]
[2648, [[32, -0.2551020408163538]]]
[2649, [[32, -13.153061224489875]]]
[2651, [[32, -4.938775510204152]]]
[2660, [[32, -5.163265306122412]]]
[2661, [[32, -13.153061224489875]]]
[2662, [[32, -20.04081632653063]]]
[2663, [[32, -3.7857142857144055]]]
[2672, [[32, -7.663265306122469]]]
[2673, [[32, -13.153061224489875]]]
[2674, [[32, -17.54081632653063]]]
[2675, [[32, -3.755102040816425]]]
[2684, [[32, -11.744897959183703]]]
[2685, [[32, -13.153061224489875]]]
[2687, [[32, -2.163265306122611]]]
[2728, [[32, -1.0510204081632537]]]
[2732, [[31, -0.5464480874317417], [32, 0.4540816326531143]]]
[2733, [[32, -11.892857142857139], [31, -10.896174863387955]]]
[2735, [[32, -7.43367346938777], [31, -7.016393442622871]]]
[2740, [[32, -1.0510204081632537]]]
[2744, [[31, -0.5464480874317417], [32, 0.4540816326531143]]]
[2745, [[32, -11.862244897959158], [31, -10.852459016393396]]]
[2747, [[32, -7.43367346938777], [31, -7.016393442622871]]]
[2752, [[32, -5.382653061224488]]]
[2754, [[32, -18.280612244898037]]]
[2756, [[31, -6.393442622950829], [32, -4.994897959183675]]]
[2757, [[32, -11.862244897959158], [31, -10.852459016393396]]]
[2758, [[31, -24.721311475409863], [32, -22.729591836734727]]]
[2759, [[32, -6.362244897959158], [31, -5.7704918032785315]]]
[2764, [[32, -7.4693877551019625]]]
[2766, [[32, -16.19387755102045]]]
[2768, [[31, -8.459016393442653], [32, -7.464285714285722]]]
[2769, [[32, -11.862244897959158], [31, -10.852459016393396]]]
[2770, [[31, -22.65573770491804], [32, -20.26020408163268]]]
[2771, [[32, -6.392857142857082], [31, -5.814207650273062]]]
[2776, [[32, -10.964285714285666]]]
[2780, [[31, -14.000000000000085], [32, -12.331632653061234]]]
[2781, [[32, -11.862244897959158], [31, -10.852459016393396]]]
[2783, [[32, -4.352040816326507], [31, -4.043715846994445]]]
[2824, [[31, 1.5628415300545555]]]
[2828, [[31, 2.5081967213114638]]]
[2829, [[31, -5.655737704918124]]]
[2831, [[31, -3.8743169398908606]]]
[2836, [[31, 1.5628415300545555]]]
[2840, [[31, 2.5081967213114638]]]
[2841, [[31, -5.568306010929035]]]
[2843, [[31, -3.8743169398908606]]]
[2848, [[31, -3.814207650273346]]]
[2850, [[31, -21.34426229508186]]]
[2852, [[31, -3.786885245901658]]]
[2853, [[31, -5.568306010929035]]]
[2854, [[31, -25.426229508196684]]]
[2855, [[31, -3.469945355191385]]]
[2860, [[31, -5.530054644808814]]]
[2862, [[31, -19.628415300546337]]]
[2864, [[31, -5.808743169398895]]]
[2865, [[31, -5.568306010929035]]]
[2866, [[31, -23.404371584699447]]]
[2867, [[31, -3.5573770491804453]]]
[2872, [[31, -10.786885245901715]]]
[2876, [[31, -12.409836065573813]]]
[2877, [[31, -5.568306010929035]]]
[2879, [[31, -2.3005464480874593]]]
