15.0
15.0
15.0
15.0
15.0
15.0
15.0
15.0
15.0
15.0
12.547031231988834
12.546686295878494
12.546341240746743
12.545996066511256
12.545650773089854
12.545305360400073
12.544959828359563
12.54461417688586
12.54426840589626
12.54392251530818
12.543576505038828
12.543230375005413
12.542884125124806
12.521918393706162
12.52157197831326
12.500171956052471
12.499825378138514
12.499478680067238
12.499131861755094
12.498784923118807
12.498437864074779
12.49809068453926
12.36116730282704
11.845918595109096
11.84557448631974
11.845230259079624
11.824266476622094
11.8239221617684
11.823662015554044
11.823317492478294
11.822972850666392
11.822628090036297
11.801229645155672
11.800939785677812
11.80059484338456
11.800249782065803
11.799904601639524
11.79955930202359
11.755728437397398
11.755383233065784
11.755037909527918
11.754692466701368
11.68535347193779
11.685008351554995
11.433346277454168
11.433003325786716
11.412040743517004
11.411697782278633
11.390301058668483
11.368451646559707
11.368108813764847
11.367765863396807
11.34544363162911
11.32262757833015
11.322284800937755
11.298952106287704
11.275078582921205
11.141202824154501
11.140861966799488
11.14052099322265
11.140179903344915
11.139838697086848
11.13949737436902
11.139155935111917
11.138814379235914
11.138472706661279
11.1381309173083
11.137789011097205
11.137446987947929
11.116485257205722
11.11614330341141
11.115801232646504
11.115459044830969
11.11511673988455
11.093720591705935
11.093378369183961
11.093036029507546
11.071187036437468
11.070844793257308
11.04852318030646
11.025707831123938
11.025365944276974
10.909509058817097
10.909168933253431
10.888209023598025
10.866815241079973
10.866475547310017
10.866135738111316
10.844289192955781
10.821970227476063
10.799157611576518
10.724126167441542
10.682115036014485
10.681778360955766
10.63795543980466
10.637619558984424
10.637283565313258
10.567952872067508
10.567618368159494
10.56728375232395
10.566949024485984
10.566614184570817
10.566279232503119
10.565944168207928
10.544989167161061
10.523600446103766
10.501759352841544
10.479446005122137
10.430737697059213
10.430405649736638
10.430073492125127
10.429741224151577
10.429408845742719
10.429076356824808
10.428743757324607
10.386737092042319
10.386462083458081
10.386130430470768
10.364291791197555
10.30935468466556
10.30902514421464
10.308695495134724
10.308365737354
10.308035870800804
10.307705895403513
10.307375811090076
10.307045617788546
10.306715315427102
10.306384903933663
10.306054383236045
10.305723753262
10.305393013939275
10.284442180841008
10.263057783706307
10.262728140996408
10.24360522776675
10.24056222766139
10.240316322633785
10.218090656842104
10.217762079497387
10.19729487548287
10.196966849067195
10.157999453096771
10.133104296062125
10.110882060580167
10.10040415511479
10.10007934505319
10.09975442946006
10.099429408266836
10.099104281404928
10.09877904880545
10.098453710399578
10.077508121488112
10.034621987225528
10.010465483582037
10.010143467401006
10.00982134749665
10.009499123802296
10.009176796251108
10.008854364776004
10.008531829310016
10.008209189785962
10.007886446136784
10.007563598295192
10.007240646193797
10.006917589765584
9.956119843786295
9.939104547734582
9.925880272439743
9.904940247099333
9.88374367135016
9.862685581489988
9.85065004776563
9.850333736920831
9.850017325996971
9.849700814931001
9.849384203659222
9.849067492118218
9.84875068024463
9.84843376797475
9.84811675524499
9.847799641991536
9.847482428150807
9.847165113658816
9.846847698451588
9.846530182465385
9.846212565636069
9.845894847899492
9.786733318193408
9.777790645413715
9.775969018883771
9.775654692368597
9.775340267026781
9.775025742796245
9.774711119614619
9.774396397419757
9.774081576149262
9.773766655740834
9.773451636131856
9.756970652146121
9.742689366760443
9.707914391784925
9.707602760191309
9.707291031458897
9.706979205527459
9.70666728233606
9.706355261824227
9.706043143931169
9.705730928595932
9.705418615757841
9.705106205356037
9.704793697329336
9.683860533382145
9.683549101272837
9.683204336647494
9.661804717480841
9.661494300194217
9.6422306421851
9.641921251296901
9.64161176466258
9.641302182222914
9.640992503918476
9.64068272968992
9.640372859477795
9.640062893222614
9.639752830864882
9.639442672344824
9.639132417602935
9.638822066579428
9.620696211582768
9.617565198997033
9.617345967821864
9.595981787633619
9.595732434917668
9.579937545833443
9.579630403166572
9.579323166140561
9.579015834697499
9.578708408779406
9.57840088832793
9.578093273285274
9.577785563592897
9.558938342053581
9.556550426070247
9.522807686160592
9.52250345412335
9.522199129507595
9.521894712257005
9.521590202314988
9.521285599625369
9.52098090413143
9.520676115776572
9.52037123450442
9.520066260258004
9.51976119298083
9.519456032616029
9.51915077910677
9.518845432396176
9.518539992427309
9.518234459143361
9.517928832487113
9.517623112401488
9.517317298829399
9.5170113917136
9.516705390996835
9.500575007290992
9.495500801747603
9.48472397187292
9.473837014446476
9.463912350685128
9.463609679055542
9.463306915795163
9.463004060848633
9.462701114160422
9.462398075674662
9.46209494533599
9.46179172308853
9.461488408876614
9.461185002644452
9.459493470953165
9.43994878647957
9.439829562130669
9.439527463483223
9.434978644193784
9.43056427813911
9.425996882167635
9.410068812204683
9.409826529067042
9.409713411005932
9.409413000946971
9.409112500622081
9.408811909976977
9.408511228957481
9.408210457508998
9.407909595577381
9.407608643107997
9.407307600046357
9.407006466337934
9.406705241928286
9.406403926762396
9.406102520785904
9.405801023943985
9.405499436181719
9.405385827600227
9.405084114585247
9.390392379887093
9.383948320290191
9.366422652066062
9.362478237009906
9.362179658557855
9.36188099093765
9.356734497155454
9.356436068834602
9.356137551435449
9.355838944904837
9.355540249189339
9.355241464235775
9.354942589990708
9.354832455908802
9.35453345938899
9.354234373451426
9.353935198042361
9.353635933108356
9.353336578595782
9.345489271984478
9.336156091396273
9.335946140888387
9.323544163943344
9.323246978064585
9.313216472792082
9.31147140385365
9.309419148303412
9.306670490719394
9.306374333275135
9.306267695123132
9.305971418357117
9.30567505379295
9.305568341047959
9.30527185699505
9.304975285021467
9.304868497578727
9.304761698732397
9.28845007300673
9.288171550111759
9.287892949627285
9.282991161826551
9.266803138083953
9.266498303859164
9.261503591825301
9.25989469212856
9.259601250518415
9.2593077227833
9.259014108872478
9.25872040873547
9.258426622321617
9.258132749580128
9.257838790460236
9.237114212910065
9.235214511270067
9.224791367255039
9.224500296076927
9.22420914016015
9.215568548941494
9.215278058293313
9.214987483244204
9.214887951831615
9.214597263399998
9.214306490452422
9.214015632939823
9.213724690812922
9.213433664022519
9.211557601195924
9.209784383589243
9.198576293542377
9.1982641514883
9.197380165852069
9.176789765162894
9.175211473322166
9.172140119574914
9.17185240182179
9.171756477508206
9.171468649348853
9.171180738329268
9.17089274440174
9.170604667518383
9.166560634862005
9.160502986718992
9.15559466390063
9.14915324658496
9.148866917049467
9.148324887268084
9.148038420882598
9.14775187241938
9.147425458032648
9.130015853577065
9.129730887021273
9.129445839245108
9.129353482400852
9.12906832702236
9.125668794095738
9.125383890399348
9.12235074277621
9.109358137367193
9.109121828623977
9.10703785445352
9.106848946326181
9.102701711304439
9.102418705862675
9.09930946026433
9.090127684845324
9.0898457427278
9.089563721105549
9.089281619933667
9.088999439167095
9.088717178761234
9.08843483867081
9.088346086750406
9.088257326953228
9.08816855927796
9.087886064243438
9.087797263608183
9.087708455087494
9.087619638680087
9.08753081438464
9.082136328496413
9.079163352825937
9.075995666368913
9.070304413195812
9.065887703739744
9.065796928129618
9.065706144279613
9.065615352188034
9.06539482278628
9.058981556341513
9.050556183385323
9.050471229708762
9.050386268815389
9.050107060762842
9.050022068925902
9.044205720452837
9.043016030539706
9.042923154965383
9.042768343171955
9.042613507410953
9.04090042605847
9.038642369930473
9.038454562283416
9.036202968560819
9.034324329362471
9.034046083823977
9.031075988043717
9.030797915133617
9.026287925964308
9.026105546878746
9.026018490589633
9.020826081617859
9.014093764896502
9.011919948472633
9.011838656750506
9.01175735842036
9.011676053481018
9.01159474193152
9.011513423770666
9.001393690352032
9.000128312322087
8.999812697656495
8.998640928453574
8.99841111939755
8.99818125752382
8.989216578076384
8.982997028698243
8.982556010566359
8.97966607182309
8.976016361387172
8.975743159838636
8.97546988364016
8.975196532750772
8.974923107129582
8.974845554914767
8.97476799668581
8.974690432441978
8.973538034941715
8.971322764805413
8.965209992864933
8.965124814262404
8.960277465261855
8.96005111779098
8.959824719081722
8.957179577114017
8.957009031833262
8.953239894262605
8.951947487749468
8.95186813325968
8.945357046624254
8.945116419641232
8.943073146163421
8.941394721318945
8.941078471562198
8.940945398673223
8.940339544670424
8.939181972872966
8.93891147844153
8.938640910832733
8.938567106962289
8.938493297645094
8.938419482880334
8.938345662667317
8.938271837005264
8.938198005893165
8.938124169330461
8.937965631435844
8.937625089392723
8.930109566314266
8.929887661721388
8.92683211945708
8.924933330827173
8.924622919819791
8.924312412440262
8.92400180862871
8.92021236599654
8.919988874086572
8.919719302695052
8.914045364891447
8.913969723444566
8.903546985481723
8.903279292372583
8.90320926850789
8.90313923974011
8.902871437458275
8.902142750794427
8.901828843125022
8.901745410530427
8.901661970975022
8.901578524457927
8.89876856984004
8.895833308003844
8.89057112823316
8.890493690334047
8.890416246438726
8.890212569052368
8.889697393972444
8.884843432270717
8.883683549142814
8.883417288067605
8.883104725958285
8.882884553166905
8.8814174634343
8.87847217297783
8.878148910370255
8.876010490278665
8.875011639027031
8.873293741208846
8.868072304216032
8.868006046047435
8.867939783488975
8.867873516540282
8.867807245200494
8.867740969469159
8.867475822612793
8.867210605444871
8.867144290163248
8.867077970484182
8.867011646407208
8.8669453179317
8.866878985057054
8.866812647782723
8.86674630610798
8.866679960032377
8.86661360955532
8.864879657547409
8.862738636116175
8.86041343589042
8.855583718402215
8.85375584036335
8.853682261747748
8.85354518910726
8.85311085814039
8.845425654691649
8.844136150699363
8.840263954170013
8.835241319974301
8.834958782359815
8.834696787765884
8.83463439798455
8.83457200431113
8.834509606745003
8.834447205285654
8.834384799932845
8.834122654917667
8.834060229310117
8.833997799805907
8.83393536640465
8.833872929105768
8.830977211428904
8.830220329891677
8.828947692090138
8.828639294505836
8.81960910463498
8.818259283359145
8.81585528457966
8.811545804912766
8.811384041521844
8.811222251963068
8.811158380458826
8.81109450487542
8.81103062521216
8.810966741468729
8.805203980537563
8.803127488157376
8.803069059855158
8.803010628139216
8.802952193009425
8.802893754465192
8.798215670787284
8.796535053148839
8.796230315931558
8.79492258405372
8.783627237090917
8.78067440849206
8.780614653619757
8.780554895177156
8.78049513316387
8.780435367579416
8.780225974250433
8.780016537073466
8.774068839678801
8.77287620291637
8.772821793452003
8.77276738102766
8.772712965642826
8.772658547297251
8.772604125990675
8.772549701722646
8.772495274492938
8.764830610353178
8.764482660439967
8.757468872940226
8.757407715387876
8.754804997978502
8.749570628319914
8.749365221440618
8.746122401176546
8.74531154482692
8.743828476640939
8.743778133202667
8.743727787230284
8.743476019342326
8.743224188061424
8.74317381419617
8.743123437793525
8.743073058853446
8.743022677375613
8.742972293359756
8.742921906805691
8.742669935947987
8.74241790159504
8.74236748710312
8.74231707006974
8.742266650494761
8.739296051316728
8.739080981780539
8.729975487894288
8.717964475749255
8.71783920621575
8.71769123948491
8.717478431813097
8.717265578852018
8.714686909704369
8.714640615524441
8.714594319201519
8.714548020735455
8.714299656012873
8.71405122960005
8.713802741466353
8.713756406342174
8.713710069071343
8.713663729653621
8.713415145215953
8.713368792131533
8.713322436898688
8.713276079517378
8.71144211532288
8.711292534829239
8.707814592735904
8.705941821591995
8.705629677929457
8.705317436819087
8.702386310882476
8.702180742269583
8.701975131396534
8.701231792809045
8.700535165331893
8.696973515589706
8.696738328850609
8.692445606548882
8.692181211653002
8.689220554729086
8.688875135342768
8.688529596620823
8.688183938480828
8.687838160840014
8.682991854091597
8.682746172675348
8.68270380771108
8.682661440952122
8.68261907239854
8.682373299383933
8.68233091862226
8.682085074780352
8.682042681803615
8.682000287029819
8.681957890459074
8.681711954897649
8.681669546102581
8.681627135509189
8.68158472311744
8.68154230892712
8.681499892937984
8.68145747515
8.681415055563042
8.681372634176835
8.681330210991202
8.681084121019888
8.681041685594716
8.680999248369055
8.679794496733921
8.6795733898833
8.672841603183256
8.671043292166086
8.668246476823272
8.667574203057528
8.663358116114773
8.659044246733862
8.658801289251274
8.65855827273636
8.65831519716026
8.658072062494396
8.653654933724102
8.653616637443521
8.65357833969643
8.65354004048287
8.653501739802692
8.653463437655782
8.653425134042074
8.65338682896128
8.65334852241353
8.65331021439845
8.653271904916135
8.653233593966405
8.652990923863255
8.652952602148991
8.652914278966476
8.65287595431543
8.652837628195742
8.652799300607493
8.652760971550318
8.652722641024342
8.652684309029265
8.652645975565035
8.652607640631587
8.652569304228749
8.65232647287732
8.652083582554877
8.652045226059338
8.652006868092911
8.651968508655273
8.651930147746453
8.650266805418255
8.646711484229252
8.64280326933096
8.641936277633752
8.640792298417042
8.633744329896853
8.629994726235852
8.629955513198952
8.629916298624527
8.629877082512511
8.62983786486281
8.629798645675338
8.62628053789871
8.626246385266118
8.626212231467239
8.626178076502102
8.626143920370462
8.626109763072435
8.62607560460784
8.626041444976646
8.626007284178666
8.625973122213999
8.625938959082426
8.625904794783846
8.625870629318273
8.625836462685568
8.623992014611106
8.618110407389763
8.617697653222807
8.617484791681779
8.617296935047175
8.615418948952827
8.610864308200618
8.610040946489235
8.606664872460737
8.606428478242533
8.603343630173663
8.603123456852181
8.600405138407098
8.599845173952897
8.599815203672101
8.599579691636015
8.599549713398916
8.599519734263302
8.599489754229
8.599459773296084
8.599429791464443
8.599399808733974
8.599369825104747
8.599339840576565
8.599309855149563
8.599279868823524
8.599249881598363
8.599219893474238
8.5991899044509
8.599159914528318
8.599129923706508
8.599099931985469
8.59906993936493
8.599039945845123
8.595140760352383
8.585914184251777
8.585718148349107
8.58381237259228
8.580020241881384
8.579853307149655
8.579620744474315
8.579388127711203
8.57922108743536
8.579185289461254
8.5783753508037
8.576512327230812
8.576179204989787
8.573777838639455
8.573752070819598
8.573520130557435
8.573494356097253
8.573468580972879
8.573442805184262
8.573417028731356
8.573391251614074
8.573365473832474
8.573339695386503
8.573313916276087
8.57328813650123
8.573262356061921
8.573236574958091
8.573004515109647
8.572978727358683
8.572952938942787
8.572927149861965
8.572901360116193
8.572875569705465
8.572849778629621
8.572823986888782
8.572798194482788
8.572772401411621
8.572746607675354
8.5727208132738
8.57269501820709
8.5711706930281
8.570141127791308
8.567418467212548
8.564468323011619
8.561053618109794
8.560694005599187
8.559107475666691
8.559059536114821
8.559011594265058
8.557635373765978
8.554520681587666
8.552362980201927
8.55233155279905
8.552300124408525
8.550332211766126
8.550305832775843
8.550279453089756
8.548399145067675
8.54837760954624
8.548356073561157
8.548334537112407
8.548313000199794
8.54829146282356
8.548269924983433
8.54824838667958
8.548226847911842
8.548205308680304
8.548183768984964
8.548162228825628
8.548140688202526
8.548119147115361
8.548097605564367
8.548076063549379
8.548054521070416
8.548032978127445
8.548011434720499
8.547989890849422
8.547968346514356
8.547946801715236
8.547925256451993
8.547903710724608
8.547882164533087
8.54786061787743
8.547839070757584
8.53864383457079
8.538582027217513
8.536568650552224
8.536351549869714
8.535750707358801
8.535458485924655
8.532418478464583
8.53056767731067
8.530359781879731
8.530171816613905
8.530059020497351
8.52990860588467
8.529758168648533
8.526572204684204
8.526545191540672
8.525098449559334
8.525076406448722
8.524750111589539
8.524423710248364
8.523041762591697
8.523024475993207
8.523007189095866
8.522989901899846
8.522972614404887
8.522955326611248
8.522938038518724
8.52292075012743
8.522903461437279
8.522886172448317
8.522868883160468
8.52285159357375
8.522834303688139
8.52281701350367
8.52279972302029
8.522782432237994
8.522765141156816
8.520937534219518
8.520841705735092
8.520702990349271
8.520607139389622
8.517735943247038
8.517511946627883
8.514647189415468
8.509365482168642
8.505519860009976
8.503686521703584
8.503540393923029
8.503356525417681
8.501194959535466
8.501039925592817
8.501017345829712
8.500994765556866
8.50097218477416
8.50094960348178
8.500001335936442
8.49998364650193
8.499078858190371
8.499065861441856
8.499052864524549
8.499039867438272
8.499026870183128
8.499013872759084
8.499000875166162
8.498987877404328
8.498974879473604
8.49896188137392
8.498948883105344
8.498935884667885
8.498922886061466
8.498909887286104
8.498896888341806
8.498883889228512
8.49887088994635
8.498684889765169
8.49556000763669
8.493953784422196
8.491049431369968
8.489427234436919
8.484896661159059
8.484477452037122
8.484258754733958
8.484040009601737
8.483754814798061
8.478787155014293
8.47748248746346
8.476931846956697
8.476484103905133
8.475862152466998
8.475662973054067
8.475463753969025
8.474925861194826
8.474907722670851
8.47443669330105
8.474276997005886
8.473690689289416
8.473681987214702
8.473673285064258
8.473664582838039
8.47365588053615
8.473647178158542
8.473638475705245
8.473629773176205
8.473621070571395
8.47361236789097
8.473603665134762
8.47359496230283
8.473586259395127
8.47336866208502
8.473359957208057
8.473351252255323
8.473342547226922
8.4733338421227
8.473325136942682
8.473316431686913
8.473307726355443
8.47329902094815
8.473290315465086
8.473281609906232
8.471505562460138
8.464423736935997
8.46420784142267
8.462944557800599
8.461962475360277
8.45716393218237
8.4554532728933
8.451271190278607
8.451230506966727
8.45113082585782
8.451126466398968
8.450912829631354
8.450908469222211
8.450904108794093
8.450899748346973
8.45089538788089
8.450891027395778
8.45088666689164
8.450882306368468
8.450877945826313
8.450873585265152
8.450869224684963
8.450864864085712
8.450860503467505
8.450856142830348
8.450851782174114
8.450847421498876
8.450843060804619
8.450838700091321
8.450834339359075
8.450829978607796
8.45082561783745
8.450821257048169
8.450816896239864
8.450812535412492
8.450808174566184
8.450803813700816
8.450799452816428
8.450795091913063
8.4507907309906
8.443816206100706
8.4406406382567
8.438537143887814
8.432810672934037
8.428024620080592
8.42630159285851
8.422883006398745
8.422033846369963
8.419840382035748
8.419172823126047
8.416134917112153
8.413840174495249
8.413767275167189
8.408694081669694
8.407623749818645
8.407315811010584
8.407007777368095
8.406699648832804
8.398579719180349
8.398504195952032
8.395362266936514
8.393815817115474
8.391250407358374
8.391047948371584
8.385339003079379
8.382748794297944
8.382659743604934
8.381044782329196
8.374962470657449
8.374586299402827
8.372057670265505
8.37192090312902
8.371237742193848
8.371090622342138
8.36945575684324
8.36446848688743
8.36437440789251
8.359164024279433
8.35892981165127
8.356841540731773
8.350354838725675
8.34872879680716
8.34866925305709
8.344182979666819
8.343990094616492
8.33762925908379
8.330009256610744
8.32882633829632
8.328704104514784
8.32864909443978
8.324645232985693
8.324353402833264
8.324061487511658
8.316387582047298
8.316354033963057
8.31620545034701
8.315887695394322
8.31168485418474
8.311536332071249
8.308673414358532
8.307029576351797
8.304286794739479
8.30113146726721
8.290933111247703
8.285613558202316
8.285477233787828
8.28523493734248
8.279846384793633
8.277808421350178
8.277646262101435
8.274153340892363
8.27349871942919
8.269041960910151
8.268893577286065
8.268739010731148
8.268365904399321
8.265848484777091
8.258933020816357
8.256261757595501
8.254837558938679
8.249946037755787
8.249205899804128
8.249182350180796
8.249158800003087
8.244305919043878
8.232591814515876
8.231760524161574
8.231728235022624
8.231560622265022
8.231460656334056
8.229555470727771
8.229492211569516
8.229428948410334
8.229365681249737
8.213910602440993
8.21246307662022
8.21240431961605
8.196705460599231
8.185568070699873
8.147389172830874
8.147360231774247
8.147331289880286
8.142846704319597
8.116378206044056
8.11624250636687
8.101168437961638
8.101141294958211
8.071691215190809
8.036537320029579
7.741275451501933
7.741275451501948
7.741275451501959
7.74127545150194
7.741275451501952
7.741275451501934
7.741275451501951
7.741275451501959
7.741275451501941
7.741275451501953
7.741275451501934
7.741275451501951
7.741275451501959
7.741275451501941
7.741275451501953
7.741275451501934
7.741275451501951
7.741275451501959
7.741275451501941
7.741275451501953
7.741275451501934
7.741275451501952
7.741275451501959
7.741275451501941
7.741275451501953
7.741275451501934
7.741275451501951
7.74127545150196
7.741275451501941
7.741275451501953
7.741275451501934
7.741275451501951
7.74127545150196
7.741275451501941
7.741275451501953
7.741275451501934
7.741275451501951
7.74127545150196
7.741275451501941
7.741275451501953
7.741275451501934
7.741275451501951
7.74127545150196
7.741275451501941
7.741275451501953
7.741275451501934
7.741275451501951
7.74127545150196
7.741275451501941
7.741275451501953
7.741275451501934
7.741275451501952
7.741275451501959
7.741275451501941
7.741275451501953
7.741275451501934
7.741275451501952
7.741275451501959
7.741275451501941
7.741275451501953
7.741275451501934
7.741275451501952
7.741275451501959
7.741275451501941
7.741275451501953
7.741275451501934
7.741275451501952
7.741275451501959
7.741275451501941
7.741275451501953
7.741275451501934
7.741275451501952
7.741275451501959
7.741275451501941
7.741275451501953
7.741275451501935
7.741275451501952
7.741275451501934
7.741275451501951
7.74127545150196
7.741275451501941
7.741275451501953
7.741275451501934
7.741275451501952
7.741275451501934
7.741275451501951
7.74127545150196
7.741275451501941
7.741275451501953
7.741275451501934
7.741275451501952
7.741275451501934
7.741275451501951
7.74127545150196
7.741275451501941
7.741275451501953
7.741275451501934
7.741275451501952
7.741275451501934
7.741275451501951
7.74127545150196
7.741275451501941
7.741275451501953
7.741275451501934
7.741275451501952
7.741275451501934
7.741275451501951
7.74127545150196
7.741275451501941
7.741275451501953
7.741275451501934
7.741275451501952
7.741275451501934
7.741275451501951
7.74127545150196
7.741275451501941
7.741275451501953
7.741275451501934
7.741275451501952
7.741275451501934
7.741275451501951
7.74127545150196
7.741275451501941
7.741275451501953
7.741275451501934
7.741275451501952
7.741275451501934
7.741275451501951
7.74127545150196
7.741275451501941
7.741275451501953
7.741275451501934
7.741275451501952
7.741275451501934
7.741275451501951
7.74127545150196
7.741275451501941
7.741275451501953
7.741275451501934
7.741275451501952
7.741275451501959
7.741275451501941
7.741275451501953
7.741275451501935
7.741275451501952
7.741275451501934
7.741275451501951
7.74127545150196
7.741275451501941
7.741275451501953
7.741275451501934
7.741275451501952
7.741275451501934
7.741275451501951
7.74127545150196
7.741275451501941
7.741275451501953
7.741275451501934
7.741275451501952
7.741275451501934
7.741275451501951
7.74127545150196
7.741275451501941
7.741275451501953
7.741275451501934
7.741275451501952
7.74127545150196
7.741275451501941
7.741275451501953
7.741275451501934
7.741275451501952
7.741275451501934
7.741275451501951
7.74127545150196
7.741275451501941
7.741275451501953
7.741275451501934
7.741275451501952
7.74127545150196
7.741275451501941
7.741275451501953
7.741275451501934
7.741275451501952
7.741275451501934
7.741275451501951
7.741275451501959
7.741275451501941
7.741275451501953
7.741275451501934
7.741275451501952
7.74127545150196
7.741275451501941
7.741275451501953
7.741275451501934
7.741275451501952
7.74127545150196
7.741275451501941
7.741275451501953
7.741275451501934
7.741275451501952
7.741275451501959
7.741275451501941
7.741275451501953
7.741275451501934
7.741275451501952
7.74127545150196
7.741275451501941
7.741275451501953
7.741275451501934
7.741275451501952
7.741275451501959
7.741275451501941
7.741275451501953
7.741275451501934
7.741275451501952
7.74127545150196
7.741275451501941
7.741275451501953
7.741275451501934
7.741275451501952
7.741275451501959
7.741275451501941
7.741275451501953
7.741275451501934
7.741275451501952
7.74127545150196
7.741275451501941
7.741275451501953
7.741275451501934
7.741275451501952
7.74127545150196
7.741275451501941
7.741275451501953
7.741275451501934
7.741275451501952
7.74127545150196
7.741275451501941
7.741275451501953
7.741275451501934
7.741275451501952
7.74127545150196
7.741275451501941
7.741275451501953
7.741275451501934
7.741275451501952
7.74127545150196
7.741275451501941
7.741275451501953
7.741275451501934
7.741275451501952
7.74127545150196
7.741275451501941
7.741275451501953
7.741275451501934
7.741275451501952
7.741275451501959
7.741275451501941
7.741275451501953
7.741275451501934
7.741275451501952
7.74127545150196
7.741275451501941
7.741275451501953
7.741275451501934
7.741275451501952
7.741275451501959
7.741275451501941
7.741275451501953
7.741275451501934
7.741275451501952
7.74127545150196
7.741275451501941
7.741275451501953
7.741275451501934
7.741275451501952
7.741275451501959
7.741275451501941
7.741275451501953
7.741275451501934
7.741275451501952
7.74127545150196
7.741275451501941
7.741275451501953
7.741275451501934
7.741275451501952
7.741275451501959
7.741275451501941
7.741275451501953
7.741275451501934
7.741275451501952
7.74127545150196
7.741275451501941
7.741275451501953
7.741275451501934
7.741275451501952
7.741275451501959
7.741275451501941
7.741275451501953
7.741275451501934
7.741275451501952
7.74127545150196
7.741275451501941
7.741275451501953
7.741275451501934
7.741275451501952
7.741275451501959
7.741275451501941
7.741275451501953
7.741275451501934
7.741275451501952
7.74127545150196
7.741275451501941
7.741275451501953
7.741275451501934
7.741275451501952
7.741275451501959
7.741275451501941
7.741275451501953
7.741275451501934
7.741275451501952
7.74127545150196
7.741275451501941
7.741275451501953
7.741275451501934
7.741275451501952
7.741275451501959
7.741275451501941
7.741275451501953
7.741275451501934
7.741275451501952
7.74127545150196
7.741275451501941
7.741275451501953
7.741275451501934
7.741275451501952
7.741275451501959
7.741275451501941
7.741275451501953
7.741275451501934
7.741275451501952
7.74127545150196
7.741275451501941
7.741275451501953
7.741275451501934
7.741275451501952
7.741275451501959
7.741275451501941
7.741275451501953
7.741275451501934
7.741275451501952
7.74127545150196
7.741275451501941
7.741275451501953
7.741275451501934
7.741275451501952
7.741275451501959
7.741275451501941
7.741275451501953
7.741275451501934
7.741275451501952
7.74127545150196
7.741275451501941
7.741275451501953
7.741275451501934
7.741275451501952
7.741275451501959
7.741275451501941
7.741275451501953
7.741275451501934
7.741275451501952
7.74127545150196
7.741275451501941
7.741275451501953
7.741275451501934
7.741275451501952
7.741275451501959
7.741275451501941
7.741275451501953
7.741275451501934
7.741275451501952
7.74127545150196
7.741275451501941
7.741275451501953
7.741275451501934
7.741275451501952
7.741275451501959
7.741275451501941
7.741275451501953
7.741275451501934
7.741275451501952
7.74127545150196
7.741275451501941
7.741275451501953
7.741275451501934
7.741275451501952
7.741275451501959
7.741275451501941
7.741275451501953
7.741275451501934
7.741275451501952
7.74127545150196
7.741275451501941
7.741275451501953
7.741275451501934
7.741275451501952
7.74127545150196
7.741275451501941
7.741275451501953
7.741275451501934
7.741275451501952
7.74127545150196
7.741275451501941
7.741275451501953
7.741275451501934
7.741275451501952
7.74127545150196
7.741275451501941
7.741275451501953
7.741275451501934
7.741275451501952
7.74127545150196
7.741275451501941
7.741275451501953
7.741275451501934
7.741275451501952
7.74127545150196
7.741275451501941
7.741275451501953
7.741275451501934
7.741275451501952
7.74127545150196
7.741275451501941
7.741275451501953
7.741275451501934
7.741275451501952
7.74127545150196
7.741275451501941
7.741275451501953
7.741275451501934
7.741275451501952
7.74127545150196
7.741275451501941
7.741275451501953
7.741275451501934
7.741275451501952
7.74127545150196
7.741275451501941
7.741275451501953
7.741275451501934
7.741275451501952
7.74127545150196
7.741275451501941
7.741275451501953
7.741275451501934
7.741275451501952
7.74127545150196
7.741275451501941
7.741275451501953
7.741275451501934
7.741275451501952
7.741275451501934
7.741275451501951
7.74127545150196
7.741275451501941
7.741275451501953
7.741275451501934
7.741275451501952
7.74127545150196
7.741275451501941
7.741275451501953
7.741275451501934
7.741275451501952
7.741275451501934
7.741275451501951
7.74127545150196
7.741275451501941
7.741275451501953
7.741275451501934
7.741275451501952
7.741275451501934
7.741275451501951
7.74127545150196
7.741275451501941
7.741275451501953
7.741275451501934
7.741275451501952
7.741275451501934
7.741275451501951
7.74127545150196
7.741275451501941
7.741275451501953
7.741275451501934
7.741275451501952
7.74127545150196
7.741275451501941
7.741275451501953
7.741275451501934
7.741275451501952
7.74127545150196
7.741275451501941
7.741275451501953
7.741275451501934
7.741275451501952
7.74127545150196
7.741275451501941
7.741275451501953
7.741275451501934
7.741275451501952
7.741275451501934
7.741275451501951
7.74127545150196
7.741275451501941
7.741275451501953
7.741275451501934
7.741275451501952
7.74127545150196
7.741275451501941
7.741275451501953
7.741275451501934
7.741275451501952
7.741275451501934
7.741275451501951
7.74127545150196
7.741275451501941
7.741275451501953
7.741275451501934
7.741275451501952
7.74127545150196
7.741275451501941
7.741275451501953
7.741275451501934
7.741275451501952
7.741275451501934
7.741275451501951
7.74127545150196
7.741275451501941
7.741275451501953
7.741275451501934
7.741275451501952
7.741275451501959
7.741275451501941
7.741275451501953
7.741275451501934
7.741275451501952
7.741275451501959
7.741275451501941
7.741275451501953
7.741275451501934
7.741275451501952
7.74127545150196
7.741275451501941
7.741275451501953
7.741275451501934
7.741275451501952
7.74127545150196
7.741275451501941
7.741275451501953
7.741275451501934
7.741275451501952
7.74127545150196
7.741275451501941
7.741275451501953
7.741275451501934
7.741275451501952
7.74127545150196
7.741275451501941
7.741275451501953
7.741275451501934
7.741275451501952
7.74127545150196
7.741275451501941
7.741275451501953
7.741275451501934
7.741275451501952
7.74127545150196
7.74127545150194
7.741275451501953
7.741275451501934
7.741275451501952
7.741275451501959
7.741275451501941
7.741275451501953
7.741275451501934
7.741275451501952
7.74127545150196
7.74127545150194
7.741275451501953
7.741275451501934
7.741275451501952
7.741275451501959
7.741275451501941
7.741275451501953
7.741275451501934
7.741275451501952
7.74127545150196
7.741275451501941
7.741275451501953
7.741275451501934
7.741275451501952
7.74127545150196
7.74127545150194
7.741275451501953
7.741275451501934
7.741275451501952
7.741275451501959
7.741275451501941
7.741275451501953
7.741275451501934
7.741275451501952
7.74127545150196
7.741275451501941
7.741275451501953
7.741275451501934
7.741275451501952
7.74127545150196
7.741275451501941
7.741275451501953
7.741275451501935
7.741275451501952
7.741275451501934
7.741275451501951
7.74127545150196
7.741275451501941
7.741275451501953
7.741275451501934
7.741275451501952
7.74127545150196
7.741275451501941
7.741275451501953
7.741275451501935
7.741275451501952
7.741275451501934
7.741275451501951
7.74127545150196
7.741275451501941
7.741275451501953
7.741275451501934
7.741275451501952
7.74127545150196
7.741275451501941
7.741275451501953
7.741275451501935
7.741275451501952
7.741275451501934
7.741275451501951
7.74127545150196
7.741275451501941
7.741275451501953
7.741275451501934
7.741275451501952
7.74127545150196
7.741275451501941
7.741275451501953
7.741275451501934
7.741275451501952
7.74127545150196
7.741275451501941
7.741275451501953
7.741275451501934
7.741275451501952
7.74127545150196
7.741275451501941
7.741275451501953
7.741275451501934
7.741275451501952
7.74127545150196
7.741275451501941
7.741275451501953
7.741275451501935
7.741275451501952
7.741275451501934
7.741275451501952
7.74127545150196
7.741275451501941
7.741275451501953
7.741275451501935
7.741275451501952
7.741275451501934
7.741275451501952
7.74127545150196
7.741275451501941
7.741275451501953
7.741275451501935
7.741275451501952
7.741275451501934
7.741275451501952
7.74127545150196
7.741275451501941
7.741275451501953
7.741275451501935
7.741275451501952
7.741275451501934
7.741275451501952
7.74127545150196
7.741275451501941
7.741275451501953
7.741275451501935
7.741275451501952
7.741275451501934
7.741275451501952
7.74127545150196
7.741275451501941
7.741275451501953
7.741275451501935
7.741275451501952
7.741275451501934
7.741275451501952
7.74127545150196
7.741275451501941
7.741275451501953
7.741275451501935
7.741275451501952
7.741275451501934
7.741275451501952
7.74127545150196
7.741275451501941
7.741275451501953
7.741275451501935
7.741275451501952
7.741275451501934
7.741275451501952
7.74127545150196
7.741275451501941
7.741275451501953
7.741275451501935
7.741275451501952
7.741275451501934
7.741275451501952
7.74127545150196
7.741275451501941
7.741275451501953
7.741275451501935
7.741275451501952
7.741275451501934
7.741275451501952
7.74127545150196
7.741275451501941
7.741275451501953
7.741275451501935
7.741275451501952
7.741275451501934
7.741275451501952
7.74127545150196
7.741275451501941
7.741275451501953
7.741275451501935
7.741275451501952
7.741275451501934
7.741275451501952
7.741275451501959
7.741275451501941
7.741275451501953
7.741275451501935
7.741275451501952
7.741275451501934
7.741275451501951
7.74127545150196
7.741275451501941
7.741275451501953
7.741275451501935
7.741275451501952
7.741275451501934
7.741275451501951
7.74127545150196
7.741275451501941
7.741275451501953
7.741275451501935
7.741275451501952
7.741275451501934
7.741275451501951
7.74127545150196
7.741275451501941
7.741275451501953
7.741275451501935
7.741275451501952
7.741275451501934
7.741275451501951
7.74127545150196
7.74127545150194
7.741275451501953
7.741275451501934
7.741275451501952
7.74127545150196
7.74127545150194
7.741275451501953
7.741275451501934
7.741275451501952
7.74127545150196
7.74127545150194
7.741275451501953
7.741275451501934
7.741275451501952
7.741275451501959
7.741275451501941
7.741275451501953
7.741275451501934
7.741275451501952
7.741275451501959
7.741275451501941
7.741275451501953
7.741275451501934
7.741275451501952
7.741275451501959
7.741275451501941
7.741275451501953
7.741275451501934
7.741275451501952
7.741275451501959
7.741275451501941
7.741275451501953
7.741275451501934
7.741275451501952
7.741275451501959
7.741275451501941
7.741275451501953
7.741275451501934
7.741275451501952
7.741275451501959
7.741275451501941
7.741275451501953
7.741275451501934
7.741275451501952
7.741275451501959
7.741275451501941
7.741275451501953
7.741275451501934
7.741275451501952
7.741275451501959
7.741275451501941
7.741275451501953
7.741275451501934
7.741275451501952
7.741275451501959
7.741275451501941
7.741275451501953
7.741275451501934
7.741275451501952
7.741275451501959
7.741275451501941
7.741275451501953
7.741275451501934
7.741275451501952
7.741275451501959
7.741275451501941
7.741275451501953
7.741275451501934
7.741275451501952
7.741275451501959
7.741275451501941
7.741275451501953
7.741275451501934
7.741275451501952
7.741275451501959
7.741275451501941
7.741275451501953
7.741275451501934
7.741275451501952
7.741275451501959
7.741275451501941
7.741275451501953
7.741275451501934
7.741275451501952
7.741275451501959
7.741275451501941
7.741275451501953
7.741275451501934
7.741275451501952
7.741275451501959
7.741275451501941
7.741275451501953
7.741275451501934
7.741275451501952
7.741275451501959
7.741275451501941
7.741275451501953
7.741275451501934
7.741275451501952
7.741275451501959
7.74127545150194
7.741275451501953
7.741275451501934
7.741275451501952
7.741275451501959
7.74127545150194
7.741275451501953
7.741275451501934
7.741275451501952
7.741275451501959
7.74127545150194
7.741275451501953
7.741275451501934
7.741275451501952
7.741275451501959
7.74127545150194
7.741275451501953
7.741275451501934
7.741275451501952
7.741275451501959
7.74127545150194
7.741275451501953
7.741275451501934
7.741275451501952
7.741275451501959
7.74127545150194
7.741275451501953
7.741275451501934
7.741275451501952
7.741275451501959
7.74127545150194
7.741275451501953
7.741275451501934
7.741275451501952
7.741275451501959
7.74127545150194
7.741275451501953
7.741275451501934
7.741275451501952
7.741275451501959
7.74127545150194
7.741275451501953
7.741275451501934
7.741275451501951
7.74127545150196
7.741275451501941
7.741275451501953
7.741275451501934
7.741275451501952
7.741275451501959
7.74127545150194
7.741275451501953
7.741275451501934
7.741275451501951
7.74127545150196
7.741275451501941
7.741275451501953
7.741275451501934
7.741275451501952
7.741275451501959
7.74127545150194
7.741275451501953
7.741275451501934
7.741275451501952
7.741275451501959
7.741275451501941
7.741275451501953
7.741275451501934
7.741275451501952
7.741275451501959
7.74127545150194
7.741275451501953
7.741275451501934
7.741275451501952
7.741275451501959
7.74127545150194
7.741275451501953
7.741275451501934
7.741275451501952
7.741275451501959
7.74127545150194
7.741275451501953
7.741275451501934
7.741275451501952
7.741275451501959
7.74127545150194
7.741275451501953
7.741275451501934
7.741275451501952
7.741275451501959
7.74127545150194
7.741275451501953
7.741275451501934
7.741275451501952
7.741275451501959
7.74127545150194
7.741275451501953
7.741275451501934
7.741275451501952
7.741275451501959
7.74127545150194
7.741275451501953
7.741275451501934
7.741275451501952
7.741275451501959
7.74127545150194
7.741275451501953
7.741275451501934
7.741275451501952
7.741275451501959
7.74127545150194
7.741275451501953
7.741275451501934
7.741275451501952
7.741275451501959
7.74127545150194
7.741275451501953
7.741275451501934
7.741275451501952
7.741275451501959
7.74127545150194
7.741275451501953
7.741275451501934
7.741275451501951
7.74127545150196
7.741275451501941
7.741275451501953
7.741275451501934
7.741275451501952
7.741275451501959
7.74127545150194
7.741275451501953
7.741275451501934
7.741275451501952
7.741275451501959
7.74127545150194
7.741275451501953
7.741275451501934
7.741275451501951
7.74127545150196
7.741275451501941
7.741275451501953
7.741275451501934
7.741275451501952
7.741275451501959
7.74127545150194
7.741275451501953
7.741275451501934
7.741275451501952
7.741275451501959
7.74127545150194
7.741275451501953
7.741275451501934
7.741275451501951
7.74127545150196
7.741275451501941
7.741275451501953
7.741275451501934
7.741275451501952
7.741275451501959
7.74127545150194
7.741275451501953
7.741275451501934
7.741275451501952
7.741275451501959
7.74127545150194
7.741275451501953
7.741275451501934
7.741275451501951
7.74127545150196
7.741275451501941
7.741275451501953
7.741275451501934
7.741275451501952
7.741275451501959
7.74127545150194
7.741275451501953
7.741275451501934
7.741275451501952
7.741275451501959
7.74127545150194
7.741275451501953
7.741275451501934
7.741275451501951
7.74127545150196
7.741275451501941
7.741275451501953
7.741275451501934
7.741275451501952
7.741275451501959
7.74127545150194
7.741275451501953
7.741275451501934
7.741275451501952
7.741275451501959
7.74127545150194
7.741275451501953
7.741275451501934
7.741275451501951
7.74127545150196
7.741275451501941
7.741275451501953
7.741275451501934
7.741275451501952
7.741275451501959
7.74127545150194
7.741275451501953
7.741275451501934
7.741275451501952
7.741275451501959
7.74127545150194
7.741275451501953
7.741275451501934
7.741275451501951
7.74127545150196
7.741275451501941
7.741275451501953
7.741275451501934
7.741275451501952
7.741275451501959
7.74127545150194
7.741275451501953
7.741275451501934
7.741275451501952
7.741275451501959
7.74127545150194
7.741275451501953
7.741275451501934
7.741275451501951
7.74127545150196
7.741275451501941
7.741275451501953
7.741275451501934
7.741275451501952
7.741275451501959
7.74127545150194
7.741275451501953
7.741275451501934
7.741275451501952
7.741275451501959
7.74127545150194
7.741275451501953
7.741275451501934
7.741275451501952
7.741275451501959
7.74127545150194
7.741275451501953
7.741275451501934
7.741275451501952
7.741275451501959
7.74127545150194
7.741275451501953
7.741275451501934
7.741275451501952
7.741275451501959
7.741275451501941
7.741275451501953
7.741275451501934
7.741275451501952
7.741275451501959
7.741275451501941
7.741275451501953
7.741275451501934
7.741275451501952
7.741275451501959
7.741275451501941
7.741275451501953
7.741275451501935
7.741275451501952
7.741275451501934
7.741275451501951
7.74127545150196
7.741275451501941
7.741275451501953
7.741275451501934
7.741275451501952
7.741275451501959
7.741275451501941
7.741275451501953
7.741275451501934
7.741275451501952
7.741275451501959
7.741275451501941
7.741275451501953
7.741275451501935
7.741275451501952
7.741275451501959
7.741275451501941
7.741275451501953
7.741275451501935
7.741275451501952
7.741275451501934
7.741275451501951
7.74127545150196
7.741275451501941
7.741275451501953
7.741275451501934
7.741275451501952
7.74127545150196
7.741275451501941
7.741275451501953
7.741275451501934
7.741275451501952
7.741275451501959
7.741275451501941
7.741275451501953
7.741275451501934
7.741275451501952
7.741275451501959
7.741275451501941
7.741275451501953
7.741275451501934
7.741275451501952
7.741275451501959
7.741275451501941
7.741275451501953
7.741275451501935
7.741275451501952
7.74127545150196
7.741275451501941
7.741275451501953
7.741275451501934
7.741275451501952
7.741275451501959
7.741275451501941
7.741275451501953
7.741275451501935
7.741275451501952
7.74127545150196
7.741275451501941
7.741275451501953
7.741275451501935
7.741275451501952
7.74127545150196
7.741275451501941
7.741275451501953
7.741275451501935
7.741275451501952
7.74127545150196
7.741275451501941
7.741275451501953
7.741275451501935
7.741275451501952
7.74127545150196
7.741275451501941
7.741275451501953
7.741275451501935
7.741275451501952
7.74127545150196
7.741275451501941
7.741275451501953
7.741275451501935
7.741275451501952
7.74127545150196
7.741275451501941
7.741275451501953
7.741275451501935
7.741275451501952
7.74127545150196
7.741275451501941
7.741275451501953
7.741275451501934
7.741275451501952
7.741275451501959
7.741275451501941
7.741275451501953
7.741275451501934
7.741275451501952
7.741275451501959
7.741275451501941
7.741275451501953
7.741275451501934
7.741275451501952
7.741275451501959
7.741275451501941
7.741275451501953
7.741275451501935
7.741275451501952
7.74127545150196
7.741275451501941
7.741275451501953
7.741275451501934
7.741275451501952
7.741275451501959
7.741275451501941
7.741275451501953
7.741275451501935
7.741275451501952
7.741275451501934
7.741275451501951
7.741275451501959
7.741275451501941
7.741275451501953
7.741275451501935
7.741275451501952
7.74127545150196
7.741275451501941
7.741275451501953
7.741275451501934
7.741275451501952
7.74127545150196
7.741275451501941
7.741275451501953
7.741275451501934
7.741275451501952
7.741275451501959
7.741275451501941
7.741275451501953
7.741275451501935
7.741275451501952
7.74127545150196
7.741275451501941
7.741275451501953
7.741275451501934
7.741275451501952
7.741275451501959
7.741275451501941
7.741275451501953
7.741275451501935
7.741275451501952
7.74127545150196
7.741275451501941
7.741275451501953
7.741275451501935
7.741275451501952
7.74127545150196
7.741275451501941
7.741275451501953
7.741275451501934
7.741275451501952
7.74127545150196
7.741275451501941
7.741275451501953
7.741275451501934
7.741275451501952
7.741275451501959
7.741275451501941
7.741275451501953
7.741275451501935
7.741275451501952
7.74127545150196
7.741275451501941
7.741275451501953
7.741275451501935
7.741275451501952
7.74127545150196
7.741275451501941
7.741275451501953
7.741275451501935
7.741275451501952
7.74127545150196
7.741275451501941
7.741275451501953
7.741275451501935
7.741275451501952
7.74127545150196
7.741275451501941
7.741275451501953
7.741275451501935
7.741275451501952
7.74127545150196
7.741275451501941
7.741275451501953
7.741275451501935
7.741275451501952
7.741275451501959
7.741275451501941
7.741275451501953
7.741275451501935
7.741275451501952
7.74127545150196
7.741275451501941
7.741275451501953
7.741275451501935
7.741275451501952
7.741275451501959
7.741275451501941
7.741275451501953
7.741275451501935
7.741275451501952
7.74127545150196
7.741275451501941
7.741275451501953
7.741275451501935
7.741275451501952
7.741275451501959
7.741275451501941
7.741275451501953
7.741275451501935
7.741275451501952
7.741275451501934
7.741275451501951
7.741275451501959
7.741275451501941
7.741275451501953
7.741275451501935
7.741275451501952
7.741275451501959
7.741275451501941
7.741275451501953
7.741275451501935
7.741275451501952
7.741275451501959
7.741275451501941
7.741275451501953
7.741275451501935
7.741275451501952
7.741275451501934
7.741275451501951
7.74127545150196
7.741275451501941
7.741275451501953
7.741275451501935
7.741275451501952
7.741275451501959
7.741275451501941
7.741275451501953
7.741275451501935
7.741275451501952
7.741275451501934
7.741275451501951
7.74127545150196
7.741275451501941
7.741275451501953
7.741275451501935
7.741275451501952
7.741275451501959
7.741275451501941
7.741275451501953
7.741275451501935
7.741275451501952
7.741275451501934
7.741275451501951
7.74127545150196
7.741275451501941
7.741275451501953
7.741275451501934
7.741275451501952
7.741275451501959
7.741275451501941
7.741275451501953
7.741275451501935
7.741275451501952
7.741275451501959
7.741275451501941
7.741275451501953
7.741275451501935
7.741275451501952
7.741275451501959
7.741275451501941
7.741275451501953
7.741275451501935
7.741275451501952
7.741275451501959
7.741275451501941
7.741275451501953
7.741275451501935
7.741275451501952
7.741275451501934
7.741275451501951
7.74127545150196
7.741275451501941
7.741275451501953
7.741275451501934
7.741275451501952
7.741275451501959
7.741275451501941
7.741275451501953
7.741275451501935
7.741275451501952
7.741275451501959
7.741275451501941
7.741275451501953
7.741275451501935
7.741275451501952
7.74127545150196
7.741275451501941
7.741275451501953
7.741275451501934
7.741275451501952
7.741275451501959
7.741275451501941
7.741275451501953
7.741275451501935
7.741275451501952
7.74127545150196
7.741275451501941
7.741275451501953
7.741275451501934
7.741275451501952
7.741275451501959
7.741275451501941
7.741275451501953
7.741275451501935
7.741275451501952
7.74127545150196
7.741275451501941
7.741275451501953
7.741275451501934
7.741275451501952
7.741275451501959
7.741275451501941
7.741275451501953
7.741275451501935
7.741275451501952
7.741275451501934
7.741275451501951
7.74127545150196
7.741275451501941
7.741275451501953
7.741275451501934
7.741275451501952
7.741275451501959
7.741275451501941
7.741275451501953
7.741275451501935
7.741275451501952
7.741275451501959
7.741275451501941
7.741275451501953
7.741275451501935
7.741275451501952
7.74127545150196
7.741275451501941
7.741275451501953
7.741275451501934
7.741275451501952
7.741275451501959
7.741275451501941
7.741275451501953
7.741275451501935
7.741275451501952
7.74127545150196
7.741275451501941
7.741275451501953
7.741275451501934
7.741275451501952
7.741275451501959
7.741275451501941
7.741275451501953
7.741275451501935
7.741275451501952
7.74127545150196
7.741275451501941
7.741275451501953
7.741275451501934
7.741275451501952
7.741275451501959
7.741275451501941
7.741275451501953
7.741275451501935
7.741275451501952
7.74127545150196
7.741275451501941
7.741275451501953
7.741275451501934
7.741275451501952
7.741275451501959
7.741275451501941
7.741275451501953
7.741275451501935
7.741275451501952
7.74127545150196
7.741275451501941
7.741275451501953
7.741275451501934
7.741275451501952
7.741275451501959
7.741275451501941
7.741275451501953
7.741275451501935
7.741275451501952
7.74127545150196
7.741275451501941
7.741275451501953
7.741275451501935
7.741275451501952
7.74127545150196
7.741275451501941
7.741275451501953
7.741275451501935
7.741275451501952
7.74127545150196
7.741275451501941
7.741275451501953
7.741275451501935
7.741275451501952
7.74127545150196
7.741275451501941
7.741275451501953
7.741275451501934
7.741275451501952
7.74127545150196
7.741275451501941
7.741275451501953
7.741275451501934
7.741275451501952
7.741275451501959
7.741275451501941
7.741275451501953
7.741275451501935
7.741275451501952
7.741275451501934
7.741275451501951
7.74127545150196
7.741275451501941
7.741275451501953
7.741275451501934
7.741275451501952
7.741275451501959
7.741275451501941
7.741275451501953
7.741275451501935
7.741275451501952
7.741275451501959
7.741275451501941
7.741275451501953
7.741275451501935
7.741275451501952
7.741275451501934
7.741275451501951
7.74127545150196
7.741275451501941
7.741275451501953
7.741275451501934
7.741275451501952
7.741275451501959
7.741275451501941
7.741275451501953
7.741275451501934
7.741275451501952
7.741275451501959
7.741275451501941
7.741275451501953
7.741275451501934
7.741275451501952
7.741275451501959
7.741275451501941
7.741275451501953
7.741275451501934
7.741275451501952
7.741275451501959
7.741275451501941
7.741275451501953
7.741275451501935
7.741275451501952
7.741275451501934
7.741275451501951
7.74127545150196
7.741275451501941
7.741275451501953
7.741275451501934
7.741275451501952
7.741275451501959
7.741275451501941
7.741275451501953
7.741275451501934
7.741275451501952
7.741275451501959
7.741275451501941
7.741275451501953
7.741275451501935
7.741275451501952
7.741275451501934
7.741275451501951
7.74127545150196
7.741275451501941
7.741275451501953
7.741275451501934
7.741275451501952
7.74127545150196
7.741275451501941
7.741275451501953
7.741275451501934
7.741275451501952
7.741275451501959
7.741275451501941
7.741275451501953
7.741275451501935
7.741275451501952
7.74127545150196
7.741275451501941
7.741275451501953
7.741275451501934
7.741275451501952
7.74127545150196
7.741275451501941
7.741275451501953
7.741275451501934
7.741275451501952
7.741275451501959
7.741275451501941
7.741275451501953
7.741275451501935
7.741275451501952
7.74127545150196
7.741275451501941
7.741275451501953
7.741275451501934
7.741275451501952
7.741275451501959
7.741275451501941
7.741275451501953
7.741275451501935
7.741275451501952
7.741275451501934
7.741275451501951
7.74127545150196
7.741275451501941
7.741275451501953
7.741275451501934
7.741275451501952
7.741275451501959
7.741275451501941
