186
270
282
442
641
665
725
809
945
957
354
366
378
438
454
466
478
526
538
550
562
574
726
821
1385
653
749
761
814
833
845
857
669
633
810
905
737
909
917
929
941
953
921
933
1397
1409
1421
1433
1229
1313
1325
1337
753
765
717
1205
70
642
654
94
1217
1301
1241
849
861
741
657
154
238
534
546
558
570
1289
1481
1493
1505
1517
1529
166
250
738
822
1386
82
178
762
190
666
826
645
837
522
906
346
262
750
1398
274
729
646
334
846
858
825
1230
1314
1206
1482
1494
1605
1617
1629
658
918
1410
1218
1326
718
1290
1689
1701
1713
1725
2597
179
813
834
1302
634
1593
1677
2513
2741
2753
2765
2777
2825
2837
2849
2861
2873
910
1422
1434
670
2459
2543
730
2555
1282
2166
838
2375
1242
1450
1594
2165
2177
2189
2201
2429
1294
286
1366
1378
1462
2261
2273
2285
2297
2746
2843
2855
2867
2879
850
766
2249
167
922
742
450
462
474
1858
2509
2593
2609
2745
2757
2769
2781
2831
2841
2853
2865
2877
862
2567
1854
2345
2350
2357
2441
2525
2601
2742
2829
1338
754
1774
1866
1870
1942
1950
1954
2022
2026
2341
2425
2621
2170
1222
1306
2669
2681
1198
1474
1770
1938
2034
2038
2426
2434
2594
2598
2602
2633
1246
71
2645
83
2657
269
281
2349
2362
2430
2446
2517
2518
1330
2579
185
353
365
377
1786
2050
2346
2433
2438
2442
2510
2514
2522
2526
2530
2606
2610
2614
2618
2622
2626
2471
1210
2591
1486
1782
1878
1962
2046
2353
2358
2437
2521
2534
2605
1342
251
2058
2062
1390
1917
1498
1895
271
449
461
473
521
533
545
557
569
1794
2342
2354
2366
2474
2486
2603
2634
2642
1883
2651
2074
2661
2673
2685
437
2378
2450
2462
2529
2546
2607
2613
2630
2747
2759
2771
2783
1811
1799
1880
2070
2387
2383
95
1247
2361
2363
2389
2473
2531
2545
2557
2615
2627
2641
1234
1318
1914
2649
1426
1438
2539
2365
2377
2445
2449
2461
2533
2625
2639
2456
2015
1818
1902
1979
1518
1530
2447
2485
2617
2629
2637
2638
2643
2551
2575
1439
2495
1816
2483
1414
2025
2519
2569
2581
2653
2665
2677
2537
2491
1402
2093
2105
942
954
1900
2646
1506
1941
2351
2390
2435
2399
1999
1967
2395
2479
643
2059
2081
2563
1319
1773
1857
1869
1953
2037
2580
2595
2619
2631
2652
2827
2839
2851
2863
2875
81
2453
2467
1991
165
1211
1295
2573
2585
93
153
237
1785
2559
2628
1819
177
2663
2675
2687
1331
664
2369
1821
1221
2589
1998
2010
69
249
930
2489
1343
187
333
2475
2511
2523
2535
2493
1808
1903
2371
2455
2538
2061
1235
2069
1300
2262
2274
2286
2298
2439
2547
2556
2743
1904
2561
261
655
1882
1966
2542
1809
1893
2001
345
2644
1905
2577
2564
1804
1881
1965
80
2049
2250
2379
2451
2463
2484
2487
2755
2767
2779
1915
1996
2393
2477
1415
1509
1521
1533
1986
1798
1890
2458
2648
2057
2248
2391
2571
2582
2599
1888
189
273
285
1797
2000
2011
369
381
2672
2684
1496
1427
1806
1974
2370
2454
2397
2060
2003
1305
2071
1892
525
537
549
561
573
2021
2033
2178
2190
2202
2343
2367
2427
2632
2640
2664
2676
263
1987
2013
2072
357
1388
1391
2572
1497
2168
1403
2587
268
441
453
465
477
1283
1504
2176
2188
2200
2568
2655
652
1907
1972
1216
1989
1820
2488
164
820
1384
2267
2279
2291
2303
2549
1199
1676
2431
2667
2679
1976
92
1807
1912
2481
736
2183
2195
2207
2374
2541
191
1437
1288
1379
2347
2355
2460
2472
2611
2623
1891
1975
748
1396
1977
2373
2457
2565
1823
1280
1367
1516
1528
1604
1616
1628
1780
1784
1852
1937
1949
1963
2023
2359
2544
2381
2465
1916
2476
2560
2085
2097
2109
1451
1463
1483
1769
1853
1865
1867
1939
2035
2045
2047
2515
2636
2830
2095
2107
1307
370
382
1389
1810
1894
1978
1400
188
1425
2492
1997
2009
2265
2277
2289
2301
928
184
632
727
808
1480
1495
1781
1856
1879
1951
1961
2027
2036
2263
2275
2287
2299
2348
2443
2527
2570
2758
2770
2782
2073
2392
358
2083
1964
2008
812
2169
2181
2193
2205
2253
1460
1475
1688
1690
1700
1702
1712
1714
1724
1726
1771
1877
2039
2051
2167
2251
2260
2272
2284
2296
2532
2583
2604
2666
2678
2744
2842
2854
2866
2878
1988
2385
1485
2550
2584
1420
911
919
2264
2276
2288
2300
155
1448
1472
1768
1772
1795
1871
1955
1960
2032
2352
2360
2388
2635
667
2469
2082
2094
2106
1484
1341
284
356
932
2576
1984
2494
152
436
439
1197
1281
1519
1531
1783
1793
1855
1943
2020
2344
2356
2364
2428
2432
2436
2512
2740
2826
1985
2466
1228
1413
260
368
380
920
947
959
2396
1209
344
239
440
1365
1376
1507
1595
1606
1618
1630
1859
1948
1952
2024
2164
2179
2191
2203
2424
2440
2508
2558
2608
2612
2616
2754
2766
2778
1919
2588
1328
767
934
1913
839
851
863
1499
275
371
383
935
908
931
1208
236
335
364
367
376
379
811
1207
1377
1449
1461
1678
1679
1691
1703
1715
1727
1787
2620
2654
2752
2764
2776
2838
2850
2862
2874
671
2084
1244
755
2660
1487
2068
1906
2553
1220
1240
1312
1324
859
1435
943
1293
2650
955
332
443
455
467
479
539
551
563
575
716
1196
1291
1473
1592
2340
2376
2624
1511
656
1523
1535
1317
2480
1973
751
2398
824
2382
2554
760
2658
2670
2674
2682
2686
940
952
355
527
719
907
1607
1619
1631
1936
2044
2048
2516
2528
2600
2840
2852
2864
2876
1232
860
1401
2014
1889
1990
946
958
2668
2680
2490
647
2464
2002
2098
2110
2482
359
2662
2647
1329
352
448
460
472
535
547
559
571
635
904
1204
1364
1492
1792
1864
1868
1876
2448
2520
2756
2768
2780
2824
2828
2012
1522
1534
287
2394
1233
1340
659
1223
280
1901
283
451
452
463
464
475
476
520
523
524
532
536
544
548
556
560
568
572
724
1775
1940
2444
2524
2592
2596
2836
2848
2860
2872
1412
2478
1510
1424
1336
1817
2086
1245
1316
2386
2075
2671
2683
2087
2266
2278
2290
2302
2562
2566
2468
1805
176
1432
640
2099
2111
2380
1918
743
836
848
2092
2104
2659
2056
2255
2548
2552
2470
2536
835
844
68
2171
827
2368
1408
763
847
2182
2194
2206
1243
728
1339
1822
2096
2108
2540
2586
2254
1436
1508
752
2384
248
740
2590
2578
668
2080
1423
1520
1532
1796
2063
272
856
1304
923
1219
1303
2372
644
2574
1399
832
944
956
2180
2192
2204
2252
815
347
2452
1411
2656
731
1231
1327
764
916
1292
823
1387
739
1315
0
1
2
3
4
5
6
7
8
9
10
11
12
13
14
15
16
17
18
19
20
21
22
23
24
25
26
27
28
29
30
31
32
33
34
35
36
37
38
39
40
41
42
43
44
45
46
47
48
49
50
51
52
53
54
55
56
57
58
59
60
61
62
63
64
65
66
67
72
73
74
75
76
77
78
79
84
85
86
87
88
89
90
91
96
97
98
99
100
101
102
103
104
105
106
107
108
109
110
111
112
113
114
115
116
117
118
119
120
121
122
123
124
125
126
127
128
129
130
131
132
133
134
135
136
137
138
139
140
141
142
143
144
145
146
147
148
149
150
151
156
157
158
159
160
161
162
163
168
169
170
171
172
173
174
175
180
181
182
183
192
193
194
195
196
197
198
199
200
201
202
203
204
205
206
207
208
209
210
211
212
213
214
215
216
217
218
219
220
221
222
223
224
225
226
227
228
229
230
231
232
233
234
235
240
241
242
243
244
245
246
247
252
253
254
255
256
257
258
259
264
265
266
267
276
277
278
279
288
289
290
291
292
293
294
295
296
297
298
299
300
301
302
303
304
305
306
307
308
309
310
311
312
313
314
315
316
317
318
319
320
321
322
323
324
325
326
327
328
329
330
331
336
337
338
339
340
341
342
343
348
349
350
351
360
361
362
363
372
373
374
375
384
385
386
387
388
389
390
391
392
393
394
395
396
397
398
399
400
401
402
403
404
405
406
407
408
409
410
411
412
413
414
415
416
417
418
419
420
421
422
423
424
425
426
427
428
429
430
431
432
433
434
435
444
445
446
447
456
457
458
459
468
469
470
471
480
481
482
483
484
485
486
487
488
489
490
491
492
493
494
495
496
497
498
499
500
501
502
503
504
505
506
507
508
509
510
511
512
513
514
515
516
517
518
519
528
529
530
531
540
541
542
543
552
553
554
555
564
565
566
567
576
577
578
579
580
581
582
583
584
585
586
587
588
589
590
591
592
593
594
595
596
597
598
599
600
601
602
603
604
605
606
607
608
609
610
611
612
613
614
615
616
617
618
619
620
621
622
623
624
625
626
627
628
629
630
631
636
637
638
639
648
649
650
651
660
661
662
663
672
673
674
675
676
677
678
679
680
681
682
683
684
685
686
687
688
689
690
691
692
693
694
695
696
697
698
699
700
701
702
703
704
705
706
707
708
709
710
711
712
713
714
715
720
721
722
723
732
733
734
735
744
745
746
747
756
757
758
759
768
769
770
771
772
773
774
775
776
777
778
779
780
781
782
783
784
785
786
787
788
789
790
791
792
793
794
795
796
797
798
799
800
801
802
803
804
805
806
807
816
817
818
819
828
829
830
831
840
841
842
843
852
853
854
855
864
865
866
867
868
869
870
871
872
873
874
875
876
877
878
879
880
881
882
883
884
885
886
887
888
889
890
891
892
893
894
895
896
897
898
899
900
901
902
903
912
913
914
915
924
925
926
927
936
937
938
939
948
949
950
951
960
961
962
963
964
965
966
967
968
969
970
971
972
973
974
975
976
977
978
979
980
981
982
983
984
985
986
987
988
989
990
991
992
993
994
995
996
997
998
999
1000
1001
1002
1003
1004
1005
1006
1007
1008
1009
1010
1011
1012
1013
1014
1015
1016
1017
1018
1019
1020
1021
1022
1023
1024
1025
1026
1027
1028
1029
1030
1031
1032
1033
1034
1035
1036
1037
1038
1039
1040
1041
1042
1043
1044
1045
1046
1047
1048
1049
1050
1051
1052
1053
1054
1055
1056
1057
1058
1059
1060
1061
1062
1063
1064
1065
1066
1067
1068
1069
1070
1071
1072
1073
1074
1075
1076
1077
1078
1079
1080
1081
1082
1083
1084
1085
1086
1087
1088
1089
1090
1091
1092
1093
1094
1095
1096
1097
1098
1099
1100
1101
1102
1103
1104
1105
1106
1107
1108
1109
1110
1111
1112
1113
1114
1115
1116
1117
1118
1119
1120
1121
1122
1123
1124
1125
1126
1127
1128
1129
1130
1131
1132
1133
1134
1135
1136
1137
1138
1139
1140
1141
1142
1143
1144
1145
1146
1147
1148
1149
1150
1151
1152
1153
1154
1155
1156
1157
1158
1159
1160
1161
1162
1163
1164
1165
1166
1167
1168
1169
1170
1171
1172
1173
1174
1175
1176
1177
1178
1179
1180
1181
1182
1183
1184
1185
1186
1187
1188
1189
1190
1191
1192
1193
1194
1195
1200
1201
1202
1203
1212
1213
1214
1215
1224
1225
1226
1227
1236
1237
1238
1239
1248
1249
1250
1251
1252
1253
1254
1255
1256
1257
1258
1259
1260
1261
1262
1263
1264
1265
1266
1267
1268
1269
1270
1271
1272
1273
1274
1275
1276
1277
1278
1279
1284
1285
1286
1287
1296
1297
1298
1299
1308
1309
1310
1311
1320
1321
1322
1323
1332
1333
1334
1335
1344
1345
1346
1347
1348
1349
1350
1351
1352
1353
1354
1355
1356
1357
1358
1359
1360
1361
1362
1363
1368
1369
1370
1371
1372
1373
1374
1375
1380
1381
1382
1383
1392
1393
1394
1395
1404
1405
1406
1407
1416
1417
1418
1419
1428
1429
1430
1431
1440
1441
1442
1443
1444
1445
1446
1447
1452
1453
1454
1455
1456
1457
1458
1459
1464
1465
1466
1467
1468
1469
1470
1471
1476
1477
1478
1479
1488
1489
1490
1491
1500
1501
1502
1503
1512
1513
1514
1515
1524
1525
1526
1527
1536
1537
1538
1539
1540
1541
1542
1543
1544
1545
1546
1547
1548
1549
1550
1551
1552
1553
1554
1555
1556
1557
1558
1559
1560
1561
1562
1563
1564
1565
1566
1567
1568
1569
1570
1571
1572
1573
1574
1575
1576
1577
1578
1579
1580
1581
1582
1583
1584
1585
1586
1587
1588
1589
1590
1591
1596
1597
1598
1599
1600
1601
1602
1603
1608
1609
1610
1611
1612
1613
1614
1615
1620
1621
1622
1623
1624
1625
1626
1627
1632
1633
1634
1635
1636
1637
1638
1639
1640
1641
1642
1643
1644
1645
1646
1647
1648
1649
1650
1651
1652
1653
1654
1655
1656
1657
1658
1659
1660
1661
1662
1663
1664
1665
1666
1667
1668
1669
1670
1671
1672
1673
1674
1675
1680
1681
1682
1683
1684
1685
1686
1687
1692
1693
1694
1695
1696
1697
1698
1699
1704
1705
1706
1707
1708
1709
1710
1711
1716
1717
1718
1719
1720
1721
1722
1723
1728
1729
1730
1731
1732
1733
1734
1735
1736
1737
1738
1739
1740
1741
1742
1743
1744
1745
1746
1747
1748
1749
1750
1751
1752
1753
1754
1755
1756
1757
1758
1759
1760
1761
1762
1763
1764
1765
1766
1767
1776
1777
1778
1779
1788
1789
1790
1791
1800
1801
1802
1803
1812
1813
1814
1815
1824
1825
1826
1827
1828
1829
1830
1831
1832
1833
1834
1835
1836
1837
1838
1839
1840
1841
1842
1843
1844
1845
1846
1847
1848
1849
1850
1851
1860
1861
1862
1863
1872
1873
1874
1875
1884
1885
1886
1887
1896
1897
1898
1899
1908
1909
1910
1911
1920
1921
1922
1923
1924
1925
1926
1927
1928
1929
1930
1931
1932
1933
1934
1935
1944
1945
1946
1947
1956
1957
1958
1959
1968
1969
1970
1971
1980
1981
1982
1983
1992
1993
1994
1995
2004
2005
2006
2007
2016
2017
2018
2019
2028
2029
2030
2031
2040
2041
2042
2043
2052
2053
2054
2055
2064
2065
2066
2067
2076
2077
2078
2079
2088
2089
2090
2091
2100
2101
2102
2103
2112
2113
2114
2115
2116
2117
2118
2119
2120
2121
2122
2123
2124
2125
2126
2127
2128
2129
2130
2131
2132
2133
2134
2135
2136
2137
2138
2139
2140
2141
2142
2143
2144
2145
2146
2147
2148
2149
2150
2151
2152
2153
2154
2155
2156
2157
2158
2159
2160
2161
2162
2163
2172
2173
2174
2175
2184
2185
2186
2187
2196
2197
2198
2199
2208
2209
2210
2211
2212
2213
2214
2215
2216
2217
2218
2219
2220
2221
2222
2223
2224
2225
2226
2227
2228
2229
2230
2231
2232
2233
2234
2235
2236
2237
2238
2239
2240
2241
2242
2243
2244
2245
2246
2247
2256
2257
2258
2259
2268
2269
2270
2271
2280
2281
2282
2283
2292
2293
2294
2295
2304
2305
2306
2307
2308
2309
2310
2311
2312
2313
2314
2315
2316
2317
2318
2319
2320
2321
2322
2323
2324
2325
2326
2327
2328
2329
2330
2331
2332
2333
2334
2335
2336
2337
2338
2339
2400
2401
2402
2403
2404
2405
2406
2407
2408
2409
2410
2411
2412
2413
2414
2415
2416
2417
2418
2419
2420
2421
2422
2423
2496
2497
2498
2499
2500
2501
2502
2503
2504
2505
2506
2507
2688
2689
2690
2691
2692
2693
2694
2695
2696
2697
2698
2699
2700
2701
2702
2703
2704
2705
2706
2707
2708
2709
2710
2711
2712
2713
2714
2715
2716
2717
2718
2719
2720
2721
2722
2723
2724
2725
2726
2727
2728
2729
2730
2731
2732
2733
2734
2735
2736
2737
2738
2739
2748
2749
2750
2751
2760
2761
2762
2763
2772
2773
2774
2775
2784
2785
2786
2787
2788
2789
2790
2791
2792
2793
2794
2795
2796
2797
2798
2799
2800
2801
2802
2803
2804
2805
2806
2807
2808
2809
2810
2811
2812
2813
2814
2815
2816
2817
2818
2819
2820
2821
2822
2823
2832
2833
2834
2835
2844
2845
2846
2847
2856
2857
2858
2859
2868
2869
2870
2871
