[1, 1, 1328]
[2, 1, 1328]
[3, 1, 1328]
[4, 1, 1328]
[5, 1, 1328]
[6, 1, 1328]
[7, 1, 1328]
[8, 1, 1328]
[9, 1, 1328]
[10, 1, 1328]
[11, 1, 1328]
[12, 1, 1328]
[13, 1, 1328]
[14, 1, 1328]
[15, 1, 1328]
[16, 1, 1328]
[17, 1, 1328]
[18, 1, 1328]
[19, 1, 1328]
[20, 1, 1328]
[21, 1, 1328]
[22, 1, 1328]
[23, 1, 1329]
[24, 1, 1328]
[25, 1, 1328]
[26, 1, 1328]
[27, 1, 1328]
[28, 1, 1328]
[29, 1, 1328]
[30, 1, 1328]
[31, 1, 1328]
[32, 1, 1328]
[33, 1, 1328]
[34, 1, 1328]
[35, 1, 1328]
[36, 1, 1328]
[37, 1, 1328]
[38, 1, 1328]
[39, 1, 1328]
[40, 1, 1328]
[41, 1, 1328]
[42, 1, 1328]
[43, 1, 1328]
[44, 1, 1328]
[45, 1, 1328]
[46, 1, 1328]
[47, 1, 1328]
[48, 1, 1328]
[49, 1, 1328]
[50, 1, 1328]
